0.00100000 
0.29097778 
0.58095556 
0.87093333 
1.16091111 
1.45088889 
1.74086667 
2.03084444 
2.32082222 
2.61080000 
2.90077778 
3.19075556 
3.48073333 
3.77071111 
4.06068889 
4.35066667 
4.64064444 
4.93062222 
5.22060000 
5.51057778 
5.80055556 
6.09053333 
6.38051111 
6.67048889 
6.96046667 
7.25044444 
7.54042222 
7.83040000 
8.12037778 
8.41035556 
8.70033333 
8.99031111 
9.28028889 
9.57026667 
9.86024444 
10.15022222 
10.44020000 
10.73017778 
11.02015556 
11.31013333 
11.60011111 
11.89008889 
12.18006667 
12.47004444 
12.76002222 
13.05000000 
