0.00100000 
0.47745778 
0.95391556 
1.43037333 
1.90683111 
2.38328889 
2.85974667 
3.33620444 
3.81266222 
4.28912000 
4.76557778 
5.24203556 
5.71849333 
6.19495111 
6.67140889 
7.14786667 
7.62432444 
8.10078222 
8.57724000 
9.05369778 
9.53015556 
10.00661333 
10.48307111 
10.95952889 
11.43598667 
11.91244444 
12.38890222 
12.86536000 
13.34181778 
13.81827556 
14.29473333 
14.77119111 
15.24764889 
15.72410667 
16.20056444 
16.67702222 
17.15348000 
17.62993778 
18.10639556 
18.58285333 
19.05931111 
19.53576889 
20.01222667 
20.48868444 
20.96514222 
21.44160000 
