0.00100000 
0.04748578 
0.09397156 
0.14045733 
0.18694311 
0.23342889 
0.27991467 
0.32640044 
0.37288622 
0.41937200 
0.46585778 
0.51234356 
0.55882933 
0.60531511 
0.65180089 
0.69828667 
0.74477244 
0.79125822 
0.83774400 
0.88422978 
0.93071556 
0.97720133 
1.02368711 
1.07017289 
1.11665867 
1.16314444 
1.20963022 
1.25611600 
1.30260178 
1.34908756 
1.39557333 
1.44205911 
1.48854489 
1.53503067 
1.58151644 
1.62800222 
1.67448800 
1.72097378 
1.76745956 
1.81394533 
1.86043111 
1.90691689 
1.95340267 
1.99988844 
2.04637422 
2.09286000 
