1.2297,18.632,20.571,25.889,29.939,34.222,38.767,45.07,52.109,56.405
1.2387,20.361,22.341,27.183,31.48,35.763,40.544,46.503,53.058,57.422
1.2478,20.026,21.64,26.917,30.977,35.546,40.242,45.867,52.761,57.103
1.2572,19.054,20.92,26.176,30.145,34.469,39.541,45.419,51.945,56.109
1.2666,20.62,22.235,27.573,31.379,35.788,41.037,46.653,52.787,57.801
1.2759,19.661,21.462,26.656,30.478,34.938,40.029,46.151,52.346,56.629
1.2853,19.292,21.325,26.132,30.142,34.77,39.649,45.918,52.122,56.229
1.2947,19.898,21.812,27.044,30.738,35.504,40.135,46.722,52.68,56.81
1.3044,18.304,20.173,25.411,29.08,34.144,38.492,45.008,51.244,55.432
1.3141,20.442,22.625,27.458,31.471,36.029,40.164,46.382,52.825,56.754
1.3238,20.242,22.429,27.04,31.412,36.068,40.151,46.225,52.214,56.882
1.3335,18.255,20.366,25.215,29.495,33.939,38.459,44.518,51.001,54.91
1.3435,20.3,22.44,27.184,31.336,35.756,40.648,46.386,52.822,57.099
1.3532,20.031,22.198,27.164,31.152,35.788,40.503,46.385,52.682,56.744
1.3632,18.377,20.691,25.275,29.319,33.662,38.749,44.919,50.683,54.244
1.3736,20.018,22.592,27.082,31.184,35.124,40.318,46.433,52.382,55.844
1.3836,20.387,22.625,27.191,31.338,35.589,40.579,46.2,52.521,56.086
1.394,18.677,21.907,25.578,29.371,33.854,38.889,44.437,50.946,54.314
1.4043,20.179,23.313,26.848,30.649,35.459,40.152,45.936,51.975,55.819
1.4146,20.088,22.728,26.756,31.115,35.555,40.152,46.34,51.494,56.119
1.425,19.832,21.772,26.498,30.718,35.138,39.96,45.823,51.432,55.478
1.4357,18.937,20.827,25.417,29.723,33.966,38.943,44.484,50.046,54.557
1.446,19.906,22.013,26.591,30.788,35.016,39.863,45.474,50.843,55.214
1.457,20.091,21.988,26.945,31.157,35.188,39.487,45.646,51.038,55.475
1.4677,18.73,20.609,25.267,29.678,33.484,38.092,44.309,49.623,53.62
1.4783,20.282,22.329,27.089,31.401,34.995,39.512,45.458,51.132,55.297
1.4893,20.448,22.623,26.97,31.444,34.98,39.354,45.379,50.622,54.824
1.5003,20.262,22.467,27.038,31.108,34.826,39.354,45.162,50.592,54.392
1.5117,18.518,20.815,25.387,29.476,33.723,38.221,44.092,49.241,53.317
1.5226,19.978,22.216,26.773,30.853,35.145,39.208,44.662,50.216,53.87
1.534,20.307,22.341,26.781,31.035,34.988,39.207,44.466,49.944,54.312
1.5453,20.086,22.178,26.743,30.612,34.968,39.519,44.679,50.114,54.079
1.5569,18.551,20.182,24.897,29.153,33.225,37.985,43.294,48.728,52.433
1.5682,20.011,22.058,26.314,30.839,34.89,39.416,44.574,49.93,53.628
1.5799,20.032,21.94,26.81,30.914,34.929,39.406,44.388,50.215,53.686
1.5915,19.948,21.824,26.576,30.36,34.648,39.092,44.582,50.179,53.429
1.6035,19.438,21.338,25.805,29.924,33.906,38.421,44.31,49.32,52.558
1.6151,19.03,20.958,25.547,29.58,33.538,37.938,43.593,48.605,51.93
1.6271,19.8,21.537,26.181,30.303,34.271,38.784,44.487,49.274,52.965
1.639,19.856,21.937,26.394,30.458,34.062,39.078,44.37,49.351,52.967
1.6513,19.59,21.733,26.145,29.948,33.757,38.737,44,48.9,52.419
1.6636,19.501,21.69,25.909,29.964,33.751,38.58,44.08,48.758,51.946
1.6759,18.968,20.436,25.189,29.085,32.935,37.801,42.672,47.849,50.809
1.6882,19.34,21.211,25.925,29.703,33.712,38.344,43.269,48.238,51.642
1.7008,19.524,21.358,25.701,29.484,33.992,38.174,43.21,48.443,51.783
1.7134,19.467,21.329,25.733,29.447,33.756,37.806,43.199,48.657,51.288
1.726,19.407,21.239,25.655,29.518,33.574,37.907,43.124,48.026,50.989
1.7386,19.458,21.456,25.69,29.504,33.527,38.075,42.931,48.147,51.091
1.7516,19.044,21.057,25.304,28.924,33.057,37.565,42.519,47.532,51.01
1.7645,19.134,21.071,25.392,29.112,33.184,37.515,42.401,47.319,51.222
1.7778,19.592,21.464,25.671,29.595,33.428,37.964,42.762,47.55,50.427
1.7907,19.488,21.339,25.623,29.609,33.491,37.626,42.773,47.391,50.409
1.804,19.403,21.271,25.677,29.616,33.33,37.722,42.868,47.198,50.133
1.8172,19.422,21.084,25.392,29.456,33.427,37.7,42.386,47.061,49.901
1.8308,19.335,21.13,25.199,29.406,33.329,37.683,42.269,46.645,49.724
1.8444,19.427,21.19,25.191,29.276,33.108,37.392,42.202,46.366,49.609
1.858,19.319,21.081,25.434,29.307,32.918,37.207,41.958,45.98,49.29
1.8719,19.287,20.943,25.957,29.168,32.731,36.933,41.771,45.879,48.987
1.8854,19.194,20.97,25.257,28.919,32.882,36.778,41.759,45.838,48.649
1.8997,19.219,21.061,25.251,28.855,32.69,36.656,41.461,45.568,48.387
1.9136,19.406,21.283,25.475,29.348,32.819,37.059,41.521,45.699,48.333
1.9278,19.555,21.146,25.314,29.244,32.688,37.07,41.447,45.346,48.059
1.942,19.418,20.952,25.181,29.137,32.558,36.78,41.318,45.103,47.943
1.9563,19.377,21.077,25.186,28.945,32.619,36.671,41.332,44.962,47.797
1.9708,19.387,21.116,25.201,28.828,32.642,36.802,41.242,45.333,47.496
1.9854,19.603,21.264,24.946,28.754,32.6,36.701,40.99,45.073,47.304
2.0002,19.485,21.148,25.209,28.73,32.394,36.449,40.975,44.835,47.185
2.0148,19.196,21.012,24.889,28.524,32.448,36.306,40.669,44.42,46.978
2.0297,19.267,20.994,24.807,28.49,32.326,36.079,40.337,43.942,46.807
2.0449,19.454,21.071,24.888,28.661,32.327,36.116,40.513,44.001,46.694
2.06,19.558,21.026,25.018,28.696,32.381,35.992,40.443,43.876,46.301
2.0752,19.489,21.056,25.004,28.534,32.239,36.029,40.104,43.759,46.084
2.0904,19.333,21.086,24.825,28.504,32.109,35.946,39.879,43.478,46.025
2.106,19.332,20.872,24.807,28.642,32.02,35.738,39.663,43.164,45.735
2.1215,19.375,20.757,24.851,28.611,31.844,35.673,39.626,43.252,45.26
2.1373,19.059,20.732,24.698,28.311,31.737,35.464,39.504,42.988,44.943
2.1532,18.965,20.675,24.342,28.165,31.48,35.264,39.234,42.606,44.914
2.169,19.097,20.786,24.555,28.29,31.648,35.263,39.315,42.662,44.699
2.1852,19.034,20.464,24.439,27.996,31.253,34.85,38.877,42.13,44.089
2.2014,19.165,20.836,24.482,27.986,31.3,35.016,38.73,42.195,44.024
2.2175,19.012,20.672,24.48,27.819,31.125,34.664,38.371,41.876,43.812
2.234,18.889,20.589,24.329,27.884,31.157,34.54,38.46,41.691,43.594
2.2505,18.92,20.593,24.27,27.826,31.114,34.414,38.174,41.375,43.199
2.267,18.789,20.634,24.113,27.719,31.024,34.379,38.155,41.168,43.193
2.2838,18.906,20.687,24.055,27.599,30.772,34.441,37.843,41.094,42.902
2.3006,18.926,20.557,24.229,27.479,30.736,34.169,37.512,40.822,42.46
2.3178,18.941,20.459,24.151,27.623,30.829,34.119,37.495,40.579,42.416
2.3349,19.513,20.541,24.17,27.537,30.833,34.178,37.422,40.361,42.579
2.352,19.653,20.507,24.309,27.566,30.733,34.08,37.469,40.256,42.27
2.3695,18.895,20.515,24.283,27.591,30.45,33.672,37.227,39.901,41.84
2.3873,18.657,20.406,24.204,27.371,30.399,33.391,36.881,39.763,41.477
2.4047,18.787,20.373,24.113,27.159,30.303,33.448,36.629,39.795,41.278
2.4225,18.708,20.374,24.012,27.147,30.109,33.248,36.318,39.535,40.744
2.4406,18.802,20.33,23.98,27.064,30.018,33.186,36.237,39.123,40.717
2.4584,18.81,20.427,23.949,27.013,30.059,33.269,36.183,38.785,40.603
2.4768,18.781,20.376,24.005,27.191,30.095,33.136,36.143,38.549,40.546
2.495,18.833,20.413,23.982,27.169,29.89,33.105,35.947,38.554,40.243
2.5134,18.775,20.435,23.878,26.903,29.879,32.711,35.58,38.516,39.909
2.5321,18.734,20.287,23.708,26.809,29.825,32.672,35.433,38.137,39.619
2.5509,18.693,20.192,23.603,26.782,29.71,32.477,35.325,37.833,39.422
2.5696,18.804,20.242,23.806,26.646,29.52,32.229,35.113,37.763,39.117
2.5887,18.855,20.274,23.724,26.613,29.497,32.213,34.864,37.646,38.904
2.6078,18.733,20.075,23.615,26.574,29.25,31.992,34.623,37.371,38.526
2.6272,18.721,20.174,23.472,26.641,29.258,31.968,34.492,37.142,38.53
2.6466,18.675,20.159,23.411,26.564,29.086,31.74,34.427,37.035,38.243
2.6663,18.648,20.078,23.464,26.789,29.046,31.448,34.309,36.643,37.74
2.686,18.691,20.18,23.425,26.551,28.96,31.295,34.153,36.454,37.732
2.7058,18.719,20.121,23.581,26.358,28.972,31.414,33.803,36.079,37.438
2.7258,18.631,20.091,23.63,26.165,28.779,31.32,33.631,35.901,37.179
2.7459,18.855,20.032,23.335,26.072,28.59,31.125,33.508,35.815,37.164
2.7662,18.623,19.905,23.121,25.999,28.437,30.859,33.379,35.541,36.925
2.7866,18.512,19.873,23.035,26.14,28.496,30.83,33.247,35.229,36.58
2.8073,18.605,19.974,23.071,26.17,28.454,30.895,33.194,34.92,36.333
2.828,18.44,19.884,23.283,25.942,28.178,30.666,32.883,34.91,36.057
2.849,18.396,19.772,23.083,25.723,28.133,30.291,32.696,34.798,35.776
2.87,18.51,19.739,22.984,25.588,28.091,30.265,32.504,34.508,35.562
2.8914,18.443,19.669,22.749,25.532,27.962,30.161,32.265,34.229,35.444
2.9127,18.259,19.69,22.893,25.435,27.776,29.939,31.968,34.063,35.187
2.9344,18.343,19.632,22.979,25.327,27.742,29.757,32.091,33.863,35.002
2.956,18.381,19.833,22.765,25.414,27.715,29.488,31.999,33.617,34.808
2.9777,18.158,19.681,22.653,25.305,27.368,29.42,31.662,33.406,34.483
3,18.092,19.531,22.47,25.187,27.383,29.227,31.12,33.004,34.167
3.022,18.082,19.597,22.48,24.874,27.299,29.056,30.939,32.737,33.911
3.0443,18.18,19.47,22.477,24.939,27.151,29.019,30.919,32.605,33.653
3.067,18.116,19.441,22.34,24.959,26.916,28.777,30.663,32.497,33.535
3.0896,18.227,19.465,22.349,24.827,26.837,28.619,30.561,32.278,33.33
3.1125,18.306,19.608,22.562,25.011,27.023,28.591,30.441,32.184,33.057
3.1355,17.994,19.356,22.258,24.738,26.637,28.326,30.128,31.876,32.808
3.1588,17.82,19.127,22.16,24.563,26.391,28.091,29.898,31.403,32.487
3.1821,17.851,18.985,22.021,24.32,26.354,27.951,29.733,31.272,32.07
3.2057,17.776,19.074,21.965,24.195,26.256,27.913,29.568,31.014,31.991
3.2293,17.753,19.133,21.972,24.077,26.094,27.648,29.237,30.707,31.774
3.2532,17.631,19.019,21.843,23.984,26.067,27.383,28.94,30.518,31.537
3.2771,17.555,18.946,21.725,24.019,25.826,27.235,28.936,30.441,31.384
3.3014,17.709,18.877,21.614,24.057,25.604,27.025,28.706,30.217,31.043
3.326,17.624,18.875,21.576,23.828,25.593,26.91,28.435,29.977,30.862
3.3505,17.574,18.691,21.323,23.652,25.34,26.756,28.121,29.666,30.556
3.3754,17.348,18.757,21.271,23.479,25.355,26.572,27.966,29.508,30.402
3.4003,17.393,18.668,21.229,23.336,25.062,26.424,27.819,29.125,30.1
3.4255,17.412,18.601,21.166,23.167,24.946,26.163,27.785,28.922,29.855
3.4508,17.212,18.444,21.027,22.997,24.762,25.897,27.396,28.704,29.557
3.4763,17.197,18.46,21.01,22.968,24.613,25.79,27.251,28.472,29.268
3.5022,17.106,18.428,20.902,22.981,24.465,25.747,27.008,28.285,29.104
3.528,17.013,18.235,20.726,22.794,24.37,25.533,26.813,28.115,28.812
3.5539,17.018,18.168,20.769,22.701,24.157,25.436,26.686,28.102,28.587
3.5804,16.86,18.058,20.616,22.523,23.854,25.009,26.422,27.645,28.23
3.6069,16.766,18.002,20.412,22.441,23.745,24.885,26.134,27.438,28.158
3.6335,16.846,18.047,20.474,22.366,23.675,24.772,26.105,27.286,28.011
3.6603,16.799,17.796,20.395,22.168,23.588,24.583,25.78,27.043,27.657
3.6875,16.651,17.678,20.258,22.045,23.444,24.397,25.563,26.715,27.326
3.7146,16.634,17.693,20.211,21.95,23.362,24.413,25.344,26.557,27.137
3.7421,16.489,17.61,20.11,21.773,23.148,24.008,25.165,26.489,27.042
3.7699,16.534,17.605,19.953,21.789,22.978,23.902,25.116,26.378,26.874
3.7977,16.431,17.537,19.898,21.529,22.797,23.843,24.845,25.897,26.527
3.8259,16.343,17.377,19.767,21.48,22.838,23.546,24.634,25.706,26.398
3.8543,16.468,17.37,19.666,21.517,22.594,23.378,24.574,25.456,26.268
3.8828,16.175,17.263,19.642,21.527,22.373,23.127,24.241,25.266,25.973
3.9115,16.153,17.215,19.608,21.206,22.138,23.05,24.035,25.007,25.692
3.9403,16.126,17.099,19.35,21.074,22.076,22.844,23.865,24.825,25.457
3.9694,16.039,17.214,19.31,21.057,22.073,22.663,23.8,24.766,25.239
3.9988,15.811,17.017,19.039,20.884,21.829,22.539,23.584,24.399,25.082
4.0283,15.783,16.766,19.107,20.623,21.704,22.299,23.158,24.231,24.797
4.0583,15.794,16.753,18.975,20.52,21.616,22.227,23.179,24.075,24.579
4.0881,15.84,16.786,18.893,20.311,21.489,21.996,23.123,23.88,24.54
4.1185,15.706,16.722,18.982,20.347,21.351,21.874,22.879,23.821,24.388
4.1489,15.592,16.617,18.863,20.166,21.079,21.637,22.644,23.392,24.005
4.1796,15.594,16.465,18.59,20.09,20.909,21.433,22.381,23.28,23.925
4.2106,15.52,16.423,18.532,19.955,20.868,21.398,22.132,23.086,23.875
4.2417,15.434,16.364,18.453,19.813,20.717,21.226,21.995,22.981,23.496
4.273,15.419,16.335,18.399,19.817,20.569,21.033,21.956,22.796,23.264
4.3047,15.377,16.118,18.146,19.477,20.343,20.823,21.665,22.567,22.949
4.3364,15.332,16.078,18.061,19.409,20.298,20.735,21.532,22.343,22.829
4.3688,15.174,15.953,18.005,19.365,20.229,20.555,21.337,22.235,22.783
4.4011,15.191,16,17.965,19.278,20.223,20.439,21.164,22.142,22.854
4.4334,14.986,15.81,17.861,19.113,19.989,20.227,20.991,21.827,22.341
4.4664,14.949,15.744,17.737,18.978,19.784,20.084,20.913,21.893,22.15
4.4994,14.833,15.781,17.616,18.802,19.682,19.99,20.73,21.492,21.905
4.5327,14.721,15.604,17.505,18.732,19.494,19.759,20.404,21.318,21.723
4.566,14.658,15.665,17.399,18.666,19.509,19.583,20.213,21.089,21.589
4.5999,14.538,15.606,17.307,18.456,19.136,19.241,20.025,20.837,21.39
4.6339,14.562,15.437,17.359,18.474,19.251,19.337,19.999,20.786,21.411
4.6682,14.533,15.357,17.211,18.318,19.185,19.199,19.893,20.644,21.127
4.7028,14.438,15.152,17.119,18.149,18.91,19.037,19.675,20.422,20.873
4.7377,14.386,15.221,16.989,18.107,18.696,18.759,19.43,20.196,20.62
4.7726,14.414,15.429,16.941,18.025,18.59,18.701,19.362,20.092,20.494
4.8079,14.301,15.053,16.83,17.805,18.41,18.59,19.193,19.936,20.367
4.8434,14.153,14.881,16.671,17.712,18.411,18.426,19.006,19.766,20.143
4.8793,14.075,14.845,16.594,17.62,18.159,18.283,18.87,19.654,20.04
4.9155,14.112,14.819,16.662,17.681,18.083,18.169,18.719,19.51,19.956
4.9517,13.991,14.736,16.441,17.359,17.917,18.068,18.639,19.286,19.723
4.9883,13.874,14.601,16.336,17.282,17.737,17.759,18.392,19.07,19.539
5.0251,13.822,14.525,16.375,17.146,17.67,17.758,18.323,18.969,19.396
5.0623,13.804,14.5,16.163,17.13,17.575,17.707,18.221,18.82,19.315
5.0998,13.658,14.335,16.068,17.054,17.543,17.494,18.06,18.659,19.095
5.1377,13.602,14.163,16.041,16.824,17.41,17.423,17.818,18.514,18.983
5.1755,13.597,14.222,15.991,16.838,17.188,17.29,17.738,18.45,18.849
5.214,13.44,14.111,15.723,16.69,17.041,17.037,17.473,18.239,18.655
5.2525,13.361,14.018,15.723,16.569,16.888,17.846,17.428,18.082,18.505
5.2913,13.188,13.855,15.506,16.33,16.655,17.295,17.229,17.89,18.285
5.3304,13.382,13.959,15.546,16.299,16.75,16.699,17.226,17.876,18.199
5.3698,13.211,13.82,15.473,16.204,16.627,16.529,17.099,17.729,18.054
5.4096,13.102,13.733,15.464,16.214,16.566,16.474,16.911,17.675,18.151
5.4497,13.004,13.736,15.245,16.048,16.392,16.271,16.782,17.434,17.801
5.4901,13.062,13.593,15.167,15.894,16.276,16.137,16.732,17.329,17.681
5.5305,12.951,13.572,15.13,15.887,16.133,16.096,16.477,17.26,17.661
5.5716,12.896,13.475,15.07,15.773,16.244,15.983,16.433,17.116,17.448
5.6127,12.805,13.391,14.951,15.66,16.121,15.813,16.212,16.982,17.25
5.6544,12.793,13.365,14.845,15.57,15.931,15.728,16.13,16.819,17.207
5.6961,12.701,13.378,14.78,15.421,15.775,15.679,15.983,16.699,17.042
5.7381,12.635,13.194,14.71,15.405,15.688,15.526,15.957,16.556,16.969
5.7808,12.573,13.131,14.594,15.36,15.662,15.499,15.787,16.396,16.764
5.8235,12.523,13.019,14.512,15.211,15.449,15.228,15.64,16.267,16.583
5.8665,12.458,13.015,14.447,15.147,15.351,15.156,15.639,16.205,16.535
5.9098,12.423,12.986,14.387,15.031,15.312,15.037,15.49,16.148,16.392
5.9535,12.411,12.912,14.324,14.955,15.179,15.136,15.347,16.013,16.282
5.9978,12.263,12.9,14.201,14.896,15.093,14.892,15.274,15.887,16.158
6.0421,12.207,12.728,14.164,14.734,14.874,14.774,15.159,15.707,16.054
6.0867,12.244,12.71,14.033,14.619,14.879,14.702,14.989,15.619,15.953
6.1316,12.036,12.588,14.072,14.631,14.774,14.57,14.942,15.569,15.859
6.1772,12.046,12.495,13.955,14.542,14.663,14.509,15.073,15.471,15.753
6.2228,11.907,12.448,13.841,14.36,14.577,14.302,14.79,15.262,15.592
6.2687,11.934,12.374,13.802,14.313,14.512,14.233,14.512,15.22,15.544
6.3153,11.946,12.418,13.664,14.216,14.455,14.149,14.519,15.16,15.542
6.3619,11.796,12.28,13.598,14.206,14.31,14.083,14.463,15.067,15.307
6.4091,11.696,12.167,13.602,14.037,14.258,13.897,14.283,14.873,15.199
6.4563,11.749,12.194,13.586,14.032,14.157,13.995,14.278,14.866,15.139
6.5041,11.686,12.113,13.528,14.002,14.039,13.835,14.18,14.738,14.992
6.5523,11.66,12.006,13.418,13.856,14.003,13.696,14.014,14.6,14.872
6.6008,11.57,11.985,13.253,13.767,13.917,13.62,13.993,14.517,14.88
6.6496,11.547,11.904,13.321,13.742,13.829,13.569,13.863,14.459,14.789
6.6988,11.417,11.903,13.172,13.627,13.724,13.445,13.732,14.352,14.608
6.7483,11.362,11.822,13.111,13.631,13.637,13.355,13.68,14.396,14.545
6.7984,11.32,11.822,13.046,13.492,13.619,13.24,13.6,14.265,14.512
6.8485,11.29,11.688,13.183,13.43,13.52,13.16,13.456,14.108,14.338
6.8993,11.217,11.643,12.882,13.327,13.38,13.143,13.354,13.937,14.269
6.9504,11.176,11.608,12.858,13.318,13.354,13.044,13.34,13.856,14.201
7.0018,11.159,11.542,12.894,13.244,13.442,13.014,13.506,13.865,14.138
7.0535,11.066,11.472,12.698,13.154,13.244,12.883,13.203,13.771,14.178
7.1056,11.004,11.392,12.671,13.078,13.089,12.771,13.108,13.686,14.06
7.1583,10.953,11.334,12.62,12.958,13.135,12.753,13.023,13.621,13.899
