0.00100000 
0.28787778 
0.57475556 
0.86163333 
1.14851111 
1.43538889 
1.72226667 
2.00914444 
2.29602222 
2.58290000 
2.86977778 
3.15665556 
3.44353333 
3.73041111 
4.01728889 
4.30416667 
4.59104444 
4.87792222 
5.16480000 
5.45167778 
5.73855556 
6.02543333 
6.31231111 
6.59918889 
6.88606667 
7.17294444 
7.45982222 
7.74670000 
8.03357778 
8.32045556 
8.60733333 
8.89421111 
9.18108889 
9.46796667 
9.75484444 
10.04172222 
10.32860000 
10.61547778 
10.90235556 
11.18923333 
11.47611111 
11.76298889 
12.04986667 
12.33674444 
12.62362222 
12.91050000 
