0.00100000 
0.32068778 
0.64037556 
0.96006333 
1.27975111 
1.59943889 
1.91912667 
2.23881444 
2.55850222 
2.87819000 
3.19787778 
3.51756556 
3.83725333 
4.15694111 
4.47662889 
4.79631667 
5.11600444 
5.43569222 
5.75538000 
6.07506778 
6.39475556 
6.71444333 
7.03413111 
7.35381889 
7.67350667 
7.99319444 
8.31288222 
8.63257000 
8.95225778 
9.27194556 
9.59163333 
9.91132111 
10.23100889 
10.55069667 
10.87038444 
11.19007222 
11.50976000 
11.82944778 
12.14913556 
12.46882333 
12.78851111 
13.10819889 
13.42788667 
13.74757444 
14.06726222 
14.38695000 
