3.720238,0.000000
0.100000,37.213257
0.107227,37.214886
0.114976,37.216759
0.123285,37.218913
0.132194,37.221389
0.141747,37.224236
0.151991,37.227509
0.162975,37.231273
0.174753,37.235601
0.187382,37.240578
0.200923,37.246300
0.215443,37.252880
0.231013,37.260446
0.247708,37.269146
0.265609,37.279151
0.284804,37.290656
0.305386,37.303887
0.327455,37.319102
0.351119,37.336601
0.376494,37.356726
0.403702,37.379873
0.432876,37.406497
0.464159,37.437121
0.497702,37.472351
0.533670,37.512881
0.572237,37.559512
0.613591,37.613169
0.657933,37.674917
0.705480,37.745985
0.756463,37.827795
0.811131,37.921983
0.869749,38.030446
0.932603,38.155375
1.000000,38.299307
1.072267,38.465179
1.149757,38.656401
1.232847,38.876928
1.321941,39.131358
1.417474,39.425043
1.519911,39.764218
1.629751,40.156161
1.747528,40.609377
1.873817,41.133820
2.009233,41.741154
2.154435,42.445068
2.310130,43.261633
2.477076,44.209727
2.656088,45.311514
2.848036,46.592964
3.053856,48.084400
3.274549,49.821003
3.511192,51.843179
3.764936,54.196590
4.037017,56.931565
4.328761,60.101425
4.641589,63.759106
4.977024,67.951358
5.336699,72.709961
5.722368,78.040172
6.135907,83.908464
6.579332,90.234670
7.054802,96.896944
7.564633,103.758447
8.111308,110.718009
8.697490,117.772115
9.326033,125.059641
10.000000,132.856808
10.722672,141.503920
11.497570,151.271377
12.328467,162.207545
13.219411,174.063376
14.174742,186.426542
15.199111,199.092246
16.297508,212.388677
17.475284,227.005119
18.738174,243.295302
20.092330,260.812668
21.544347,278.976088
23.101297,298.217455
24.770764,319.448979
26.560878,342.367292
28.480359,366.326158
30.538555,392.248754
32.745492,420.387149
35.111917,450.022478
37.649358,482.191895
40.370173,516.526580
43.287613,553.347179
46.415888,592.878185
49.770236,635.247635
53.366992,680.618528
57.223677,729.412552
61.359073,781.582381
65.793322,837.568532
70.548023,897.656018
75.646333,962.063902
81.113083,1031.107001
86.974900,1105.138744
93.260335,1184.523571
100.000000,1269.643054
