1.285713,0.000000
0.100000,51.499870
0.107227,51.510546
0.114976,51.522818
0.123285,51.536924
0.132194,51.553137
0.141747,51.571772
0.151991,51.593187
0.162975,51.617797
0.174753,51.646077
0.187382,51.678570
0.200923,51.715901
0.215443,51.758785
0.231013,51.808043
0.247708,51.864612
0.265609,51.929567
0.284804,52.004137
0.305386,52.089726
0.327455,52.187937
0.351119,52.300599
0.376494,52.429794
0.403702,52.577892
0.432876,52.747586
0.464159,52.941927
0.497702,53.164370
0.533670,53.418814
0.572237,53.709652
0.613591,54.041815
0.657933,54.420822
0.705480,54.852827
0.756463,55.344662
0.811131,55.903883
0.869749,56.538798
0.932603,57.258499
1.000000,58.072876
1.072267,58.992628
1.149757,60.029255
1.232847,61.195049
1.321941,62.503078
1.417474,63.967164
1.519911,65.601873
1.629751,67.422518
1.747528,69.445182
1.873817,71.686773
2.009233,74.165133
2.154435,76.899185
2.310130,79.909154
2.477076,83.216854
2.656088,86.846059
2.848036,90.822996
3.053856,95.176998
3.274549,99.941379
3.511192,105.154632
3.764936,110.862108
4.037017,117.118389
4.328761,123.990538
4.641589,131.562194
4.977024,139.937320
5.336699,149.238781
5.722368,159.588295
6.135907,171.044383
6.579332,183.499457
7.054802,196.652977
7.564633,210.225108
8.111308,224.222789
8.697490,238.888694
9.326033,254.490891
10.000000,271.258795
10.722672,289.437325
11.497570,309.349812
12.328467,331.343635
13.219411,355.286218
14.174742,380.314714
15.199111,406.361799
16.297508,434.146093
17.475284,464.277454
18.738174,497.381715
20.092330,533.146204
21.544347,570.549466
23.101297,610.473512
24.770764,654.022134
26.560878,701.203367
28.480359,750.642929
30.538555,803.915121
32.745492,861.881637
35.111917,922.921206
37.649358,988.926931
40.370173,1059.736002
43.287613,1135.210173
46.415888,1216.696674
49.770236,1303.496885
53.366992,1396.904916
57.223677,1497.018390
61.359073,1603.993011
65.793322,1719.091460
70.548023,1842.419260
75.646333,1974.432820
81.113083,2115.981863
86.974900,2267.806037
93.260335,2430.614336
100.000000,2605.196122
