2.806360,3.753875
0.100000,15214.965303
0.107227,13284.090691
0.114976,11604.932929
0.123285,10144.739519
0.132194,8875.029416
0.141747,7771.037615
0.151991,6811.232272
0.162975,5976.894889
0.174753,5251.755492
0.187382,4621.675654
0.200923,4074.373217
0.215443,3599.183412
0.231013,3186.851757
0.247708,2829.354794
0.265609,2519.745276
0.284804,2252.018938
0.305386,2021.000486
0.327455,1822.246848
0.351119,1651.966202
0.376494,1506.951709
0.403702,1384.529287
0.432876,1282.519145
0.464159,1199.211001
0.497702,1133.352669
0.533670,1084.150332
0.572237,1051.274653
0.613591,1034.856387
0.657933,1035.430782
0.705480,1053.737877
0.756463,1090.186973
0.811131,1143.651450
0.869749,1209.218528
0.932603,1275.143151
1.000000,1321.537096
1.072267,1326.284520
1.149757,1279.828756
1.232847,1195.985793
1.321941,1104.124895
1.417474,1031.482258
1.519911,993.063111
1.629751,989.119583
1.747528,1000.341091
1.873817,984.647517
2.009233,907.212758
2.154435,789.948500
2.310130,683.585953
2.477076,600.171601
2.656088,499.479068
2.848036,356.480668
3.053856,228.511199
3.274549,153.848621
3.511192,120.540639
3.764936,112.268562
4.037017,119.078049
4.328761,132.172259
4.641589,144.479924
4.977024,155.526341
5.336699,166.859754
5.722368,178.962944
6.135907,192.057848
6.579332,206.097777
7.054802,221.076191
7.564633,236.978995
8.111308,253.636582
8.697490,270.195801
9.326033,282.554286
10.000000,286.132539
10.722672,302.728243
11.497570,327.034746
12.328467,351.114301
13.219411,376.455169
14.174742,403.371303
15.199111,430.398895
16.297508,450.865600
17.475284,480.778656
18.738174,516.770949
20.092330,553.857731
21.544347,591.221541
23.101297,624.309450
24.770764,669.668716
26.560878,717.229544
28.480359,764.211358
30.538555,815.157382
32.745492,873.823848
35.111917,931.747302
37.649358,997.430042
40.370173,1067.853179
43.287613,1140.771285
46.415888,1222.468185
49.770236,1307.123511
53.366992,1400.021305
57.223677,1499.393928
61.359073,1604.394148
65.793322,1719.693803
70.548023,1842.606874
75.646333,1973.682895
81.113083,2114.376712
86.974900,2265.594436
93.260335,2428.028893
100.000000,2602.425848
