0.675676,0.000000
0.100000,0.270936
0.107227,0.271035
0.114976,0.271150
0.123285,0.271282
0.132194,0.271433
0.141747,0.271607
0.151991,0.271808
0.162975,0.272038
0.174753,0.272303
0.187382,0.272607
0.200923,0.272957
0.215443,0.273359
0.231013,0.273822
0.247708,0.274353
0.265609,0.274964
0.284804,0.275667
0.305386,0.276475
0.327455,0.277404
0.351119,0.278472
0.376494,0.279699
0.403702,0.281110
0.432876,0.282733
0.464159,0.284597
0.497702,0.286741
0.533670,0.289204
0.572237,0.292036
0.613591,0.295291
0.657933,0.299031
0.705480,0.303330
0.756463,0.308269
0.811131,0.313944
0.869749,0.320465
0.932603,0.327956
1.000000,0.336559
1.072267,0.346441
1.149757,0.357787
1.232847,0.370814
1.321941,0.385766
1.417474,0.402923
1.519911,0.422607
1.629751,0.445181
1.747528,0.471060
1.873817,0.500717
2.009233,0.534687
2.154435,0.573578
2.310130,0.618075
2.477076,0.668954
2.656088,0.727089
2.848036,0.793459
3.053856,0.869164
3.274549,0.955429
3.511192,1.053617
3.764936,1.165232
4.037017,1.291924
4.328761,1.435478
4.641589,1.597795
4.977024,1.780849
5.336699,1.986630
5.722368,2.217069
6.135907,2.473969
6.579332,2.758971
7.054802,3.073550
7.564633,3.419038
8.111308,3.796614
8.697490,4.207253
9.326033,4.651640
10.000000,5.130118
10.722672,5.642750
11.497570,6.189440
12.328467,6.770052
13.219411,7.384474
14.174742,8.032751
15.199111,8.715281
16.297508,9.432993
17.475284,10.187460
18.738174,10.981037
20.092330,11.816955
21.544347,12.699357
23.101297,13.633299
24.770764,14.624710
26.560878,15.680304
28.480359,16.807469
30.538555,18.014129
32.745492,19.308604
35.111917,20.699476
37.649358,22.195469
40.370173,23.805376
43.287613,25.538014
46.415888,27.402252
49.770236,29.407078
53.366992,31.561726
57.223677,33.875845
61.359073,36.359686
65.793322,39.024307
70.548023,41.881748
75.646333,44.945196
81.113083,48.229089
86.974900,51.749200
93.260335,55.522671
100.000000,59.568032
