3.720238,0.000000
0.100000,1.488788
0.107227,1.488892
0.114976,1.489011
0.123285,1.489148
0.132194,1.489306
0.141747,1.489487
0.151991,1.489696
0.162975,1.489936
0.174753,1.490211
0.187382,1.490528
0.200923,1.490893
0.215443,1.491312
0.231013,1.491794
0.247708,1.492349
0.265609,1.492986
0.284804,1.493720
0.305386,1.494563
0.327455,1.495533
0.351119,1.496649
0.376494,1.497932
0.403702,1.499409
0.432876,1.501108
0.464159,1.503062
0.497702,1.505311
0.533670,1.507900
0.572237,1.510879
0.613591,1.514309
0.657933,1.518258
0.705480,1.522807
0.756463,1.528046
0.811131,1.534084
0.869749,1.541043
0.932603,1.549067
1.000000,1.558323
1.072267,1.569005
1.149757,1.581340
1.232847,1.595591
1.321941,1.612066
1.417474,1.631129
1.519911,1.653203
1.629751,1.678788
1.747528,1.708473
1.873817,1.742953
2.009233,1.783052
2.154435,1.829745
2.310130,1.884191
2.477076,1.947766
2.656088,2.022103
2.848036,2.109136
3.053856,2.211149
3.274549,2.330818
3.511192,2.471251
3.764936,2.636003
4.037017,2.829056
4.328761,3.054745
4.641589,3.317610
4.977024,3.622168
5.336699,3.972627
5.722368,4.372621
6.135907,4.825055
6.579332,5.332188
7.054802,5.895951
7.564633,6.518357
8.111308,7.201678
8.697490,7.948191
9.326033,8.759611
10.000000,9.636710
10.722672,10.579540
11.497570,11.588001
12.328467,12.662099
13.219411,13.801758
14.174742,15.006919
15.199111,16.278130
16.297508,17.616920
17.475284,19.025873
18.738174,20.508951
20.092330,22.071744
21.544347,23.721499
23.101297,25.467200
24.770764,27.319486
26.560878,29.290529
28.480359,31.393826
30.538555,33.643960
32.745492,36.056335
35.111917,38.646918
37.649358,41.432015
40.370173,44.428104
43.287613,47.651756
46.415888,51.119647
49.770236,54.848677
53.366992,58.856192
57.223677,63.160275
61.359073,67.780103
65.793322,72.736305
70.548023,78.051312
75.646333,83.749649
81.113083,89.858158
86.974900,96.406142
93.260335,103.425452
100.000000,110.950529
