4.379883,3.203795
0.100000,2.366782
0.107227,2.366536
0.114976,2.366254
0.123285,2.365931
0.132194,2.365558
0.141747,2.365130
0.151991,2.364639
0.162975,2.364074
0.174753,2.363425
0.187382,2.362680
0.200923,2.361823
0.215443,2.360840
0.231013,2.359711
0.247708,2.358415
0.265609,2.356928
0.284804,2.355222
0.305386,2.353264
0.327455,2.351020
0.351119,2.348448
0.376494,2.345501
0.403702,2.342127
0.432876,2.338266
0.464159,2.333852
0.497702,2.328809
0.533670,2.323053
0.572237,2.316491
0.613591,2.309018
0.657933,2.300522
0.705480,2.290877
0.756463,2.279951
0.811131,2.267601
0.869749,2.253676
0.932603,2.238022
1.000000,2.220486
1.072267,2.200919
1.149757,2.179185
1.232847,2.155176
1.321941,2.128818
1.417474,2.100092
1.519911,2.069055
1.629751,2.035863
1.747528,2.000799
1.873817,1.964308
2.009233,1.927025
2.154435,1.889816
2.310130,1.853809
2.477076,1.820423
2.656088,1.791394
2.848036,1.768782
3.053856,1.754967
3.274549,1.752627
3.511192,1.764687
3.764936,1.794241
4.037017,1.844450
4.328761,1.918399
4.641589,2.018935
4.977024,2.148482
5.336699,2.308864
5.722368,2.501190
6.135907,2.725874
6.579332,2.982869
7.054802,3.272110
7.564633,3.594017
8.111308,3.949709
8.697490,4.340673
9.326033,4.768069
10.000000,5.232273
10.722672,5.733119
11.497570,6.270516
12.328467,6.844633
13.219411,7.455513
14.174742,8.102999
15.199111,8.787259
16.297508,9.509024
17.475284,10.269489
18.738174,11.070551
20.092330,11.914989
21.544347,12.806449
23.101297,13.749527
24.770764,14.749734
26.560878,15.813436
28.480359,16.947756
30.538555,18.160449
32.745492,19.459757
35.111917,20.854267
37.649358,22.352788
40.370173,23.964250
43.287613,25.697651
46.415888,27.562056
49.770236,29.566651
53.366992,31.720851
57.223677,34.034454
61.359073,36.517823
65.793322,39.182087
70.548023,42.039318
75.646333,45.102703
81.113083,48.386659
86.974900,51.906923
93.260335,55.680600
100.000000,59.726186
