0.799375,0.000000
0.100000,32.097961
0.107227,32.116348
0.114976,32.137480
0.123285,32.161767
0.132194,32.189677
0.141747,32.221748
0.151991,32.258598
0.162975,32.300933
0.174753,32.349567
0.187382,32.405427
0.200923,32.469577
0.215443,32.543235
0.231013,32.627793
0.247708,32.724839
0.265609,32.836188
0.284804,32.963905
0.305386,33.110342
0.327455,33.278169
0.351119,33.470412
0.376494,33.690493
0.403702,33.942270
0.432876,34.230075
0.464159,34.558756
0.497702,34.933707
0.533670,35.360899
0.572237,35.846895
0.613591,36.398849
0.657933,37.024484
0.705480,37.732049
0.756463,38.530249
0.811131,39.428141
0.869749,40.435029
0.932603,41.560341
1.000000,42.813549
1.072267,44.204132
1.149757,45.741641
1.232847,47.435852
1.321941,49.297000
1.417474,51.335999
1.519911,53.564570
1.629751,55.995178
1.747528,58.640852
1.873817,61.515090
2.009233,64.632114
2.154435,68.007502
2.310130,71.658750
2.477076,75.605158
2.656088,79.867142
2.848036,84.466160
3.053856,89.425932
3.274549,94.773396
3.511192,100.537966
3.764936,106.751622
4.037017,113.451538
4.328761,120.681405
4.641589,128.493378
4.977024,136.955506
5.336699,146.160425
5.722368,156.236565
6.135907,167.328276
6.579332,179.448779
7.054802,192.293996
7.564633,205.601373
8.111308,219.565996
8.697490,234.469819
9.326033,250.455291
10.000000,267.617771
10.722672,286.075620
11.497570,306.007961
12.328467,327.712858
13.219411,351.324609
14.174742,376.168598
15.199111,402.410458
16.297508,430.566704
17.475284,460.872527
18.738174,493.735323
20.092330,529.240806
21.544347,566.912942
23.101297,607.363557
24.770764,651.024104
26.560878,698.154325
28.480359,748.039384
30.538555,801.661893
32.745492,859.590268
35.111917,921.083854
37.649358,987.274921
40.370173,1058.247798
43.287613,1134.084453
46.415888,1215.646895
49.770236,1302.770060
53.366992,1396.322486
57.223677,1496.574647
61.359073,1603.834130
65.793322,1719.003851
70.548023,1842.421439
75.646333,1974.599420
81.113083,2116.294889
86.974900,2268.224812
93.260335,2431.111164
100.000000,2605.746673
