0.465080,0.000000
0.100000,0.186627
0.107227,0.186716
0.114976,0.186819
0.123285,0.186937
0.132194,0.187073
0.141747,0.187229
0.151991,0.187408
0.162975,0.187614
0.174753,0.187852
0.187382,0.188124
0.200923,0.188438
0.215443,0.188800
0.231013,0.189215
0.247708,0.189693
0.265609,0.190243
0.284804,0.190876
0.305386,0.191604
0.327455,0.192443
0.351119,0.193408
0.376494,0.194520
0.403702,0.195800
0.432876,0.197274
0.464159,0.198973
0.497702,0.200931
0.533670,0.203188
0.572237,0.205791
0.613591,0.208794
0.657933,0.212259
0.705480,0.216260
0.756463,0.220880
0.811131,0.226219
0.869749,0.232389
0.932603,0.239523
1.000000,0.247774
1.072267,0.257320
1.149757,0.268364
1.232847,0.281141
1.321941,0.295921
1.417474,0.313011
1.519911,0.332762
1.629751,0.355569
1.747528,0.381880
1.873817,0.412198
2.009233,0.447087
2.154435,0.487182
2.310130,0.533191
2.477076,0.585910
2.656088,0.646226
2.848036,0.715131
3.053856,0.793723
3.274549,0.883222
3.511192,0.984965
3.764936,1.100417
4.037017,1.231164
4.328761,1.378909
4.641589,1.545454
4.977024,1.732670
5.336699,1.942460
5.722368,2.176703
6.135907,2.437200
6.579332,2.725628
7.054802,3.043509
7.564633,3.392190
8.111308,3.772813
8.697490,4.186277
9.326033,4.633190
10.000000,5.113854
10.722672,5.628310
11.497570,6.176437
12.328467,6.758054
13.219411,7.373031
14.174742,8.021426
15.199111,8.703669
16.297508,9.420723
17.475284,10.174223
18.738174,10.966594
20.092330,11.801140
21.544347,12.682083
23.101297,13.614554
24.770764,14.604547
26.560878,15.658832
28.480359,16.784839
30.538555,17.990519
32.745492,19.284206
35.111917,20.674481
37.649358,22.170055
40.370173,23.779698
43.287613,25.512201
46.415888,27.376399
49.770236,29.381250
53.366992,31.535959
57.223677,33.850150
61.359073,36.334059
65.793322,38.998728
70.548023,41.856195
75.646333,44.919645
81.113083,48.203521
86.974900,51.723601
93.260335,55.497032
100.000000,59.542352
