1.285713,0.000000
0.100000,5.148946
0.107227,5.149858
0.114976,5.150907
0.123285,5.152113
0.132194,5.153500
0.141747,5.155094
0.151991,5.156926
0.162975,5.159032
0.174753,5.161454
0.187382,5.164237
0.200923,5.167437
0.215443,5.171114
0.231013,5.175341
0.247708,5.180199
0.265609,5.185783
0.284804,5.192199
0.305386,5.199572
0.327455,5.208044
0.351119,5.217778
0.376494,5.228959
0.403702,5.241802
0.432876,5.256552
0.464159,5.273489
0.497702,5.292934
0.533670,5.315252
0.572237,5.340861
0.613591,5.370240
0.657933,5.403929
0.705480,5.442548
0.756463,5.486797
0.811131,5.537472
0.869749,5.595471
0.932603,5.661808
1.000000,5.737624
1.072267,5.824196
1.149757,5.922952
1.232847,6.035478
1.321941,6.163532
1.417474,6.309045
1.519911,6.474131
1.629751,6.661088
1.747528,6.872394
1.873817,7.110702
2.009233,7.378832
2.154435,7.679755
2.310130,8.016585
2.477076,8.392564
2.656088,8.811062
2.848036,9.275587
3.053856,9.789825
3.274549,10.357710
3.511192,10.983541
3.764936,11.672156
4.037017,12.429161
4.328761,13.261195
4.641589,14.176139
4.977024,15.183094
5.336699,16.291723
5.722368,17.510349
6.135907,18.842279
6.579332,20.281042
7.054802,21.808170
7.564633,23.399254
8.111308,25.038966
8.697490,26.734504
9.326033,28.515891
10.000000,30.425344
10.722672,32.506014
11.497570,34.792879
12.328467,37.299364
13.219411,40.002841
14.174742,42.862240
15.199111,45.874373
16.297508,49.092530
17.475284,52.582880
18.738174,56.367364
20.092330,60.406641
21.544347,64.692544
23.101297,69.299851
24.770764,74.277766
26.560878,79.592789
28.480359,85.273707
30.538555,91.396760
32.745492,97.945466
35.111917,104.965588
37.649358,112.505677
40.370173,120.575675
43.287613,129.242386
46.415888,138.525040
49.770236,148.484882
53.366992,159.163122
57.223677,170.610372
61.359073,182.888010
65.793322,196.052765
70.548023,210.167910
75.646333,225.303038
81.113083,241.532165
86.974900,258.934276
93.260335,277.593998
100.000000,297.602066
