1.208869,0.000000
0.100000,19.770601
0.107227,19.787660
0.114976,19.807259
0.123285,19.829775
0.132194,19.855639
0.141747,19.885344
0.151991,19.919456
0.162975,19.958621
0.174753,20.003578
0.187382,20.055171
0.200923,20.114364
0.215443,20.182256
0.231013,20.260095
0.247708,20.349303
0.265609,20.451494
0.284804,20.568494
0.305386,20.702367
0.327455,20.855441
0.351119,21.030334
0.376494,21.229978
0.403702,21.457647
0.432876,21.716982
0.464159,22.012011
0.497702,22.347168
0.533670,22.727308
0.572237,23.157703
0.613591,23.644047
0.657933,24.192428
0.705480,24.809308
0.756463,25.501474
0.811131,26.275982
0.869749,27.140094
0.932603,28.101206
1.000000,29.166774
1.072267,30.344256
1.149757,31.641067
1.232847,33.064573
1.321941,34.622115
1.417474,36.321094
1.519911,38.169091
1.629751,40.174042
1.747528,42.344448
1.873817,44.689601
2.009233,47.219808
2.154435,49.946592
2.310130,52.882863
2.477076,56.043032
2.656088,59.443080
2.848036,63.100604
3.053856,67.034850
3.274549,71.266778
3.511192,75.819221
3.764936,80.717188
4.037017,85.988437
4.328761,91.664481
4.641589,97.782361
4.977024,104.387705
5.336699,111.539626
5.722368,119.316026
6.135907,127.807121
6.579332,137.058856
7.054802,146.963526
7.564633,157.332705
8.111308,168.190335
8.697490,179.736220
9.326033,192.131403
10.000000,205.467692
10.722672,219.821056
11.497570,235.298068
12.328467,252.063193
13.219411,270.212915
14.174742,289.478362
15.199111,309.848318
16.297508,331.677153
17.475284,355.189597
18.738174,380.606595
20.092330,407.964059
21.544347,436.966333
23.101297,468.013554
24.770764,501.508318
26.560878,537.560145
28.480359,575.902790
30.538555,617.100324
32.745492,661.485893
35.111917,708.800767
37.649358,759.691861
40.370173,814.247943
43.287613,872.676567
46.415888,935.435389
49.770236,1002.746964
53.366992,1075.178852
57.223677,1152.865714
61.359073,1236.075479
65.793322,1325.357317
70.548023,1421.084455
75.646333,1523.679979
81.113083,1633.657852
86.974900,1751.560893
93.260335,1877.956286
100.000000,2013.450610
