2.000000,0.000000
0.100000,20.005847
0.107227,20.006723
0.114976,20.007730
0.123285,20.008887
0.132194,20.010219
0.141747,20.011749
0.151991,20.013509
0.162975,20.015533
0.174753,20.017859
0.187382,20.020535
0.200923,20.023611
0.215443,20.027148
0.231013,20.031216
0.247708,20.035893
0.265609,20.041272
0.284804,20.047457
0.305386,20.054570
0.327455,20.062749
0.351119,20.072157
0.376494,20.082976
0.403702,20.095420
0.432876,20.109733
0.464159,20.126196
0.497702,20.145136
0.533670,20.166925
0.572237,20.191993
0.613591,20.220839
0.657933,20.254035
0.705480,20.292242
0.756463,20.336222
0.811131,20.386858
0.869749,20.445168
0.932603,20.512330
1.000000,20.589707
1.072267,20.678880
1.149757,20.781681
1.232847,20.900236
1.321941,21.037018
1.417474,21.194903
1.519911,21.377244
1.629751,21.587952
1.747528,21.831601
1.873817,22.113542
2.009233,22.440045
2.154435,22.818468
2.310130,23.257454
2.477076,23.767149
2.656088,24.359470
2.848036,25.048378
3.053856,25.850173
3.274549,26.783771
3.511192,27.870893
3.764936,29.136087
4.037017,30.606410
4.328761,32.310526
4.641589,34.276895
4.977024,36.530650
5.336699,39.088875
5.722368,41.954396
6.135907,45.109190
6.579332,48.510159
7.054802,52.091797
7.564633,55.780541
8.111308,59.522002
8.697490,63.314289
9.326033,67.232063
10.000000,71.423820
10.722672,76.072507
11.497570,81.323492
12.328467,87.202776
13.219411,93.576471
14.174742,100.222909
15.199111,107.031992
16.297508,114.180153
17.475284,122.037952
18.738174,130.795554
20.092330,140.212890
21.544347,149.977545
23.101297,160.321704
24.770764,171.735771
26.560878,184.056656
28.480359,196.936943
30.538555,210.872930
32.745492,226.000131
35.111917,241.932084
37.649358,259.226363
40.370173,277.684690
43.287613,297.479443
46.415888,318.731312
49.770236,341.509129
53.366992,365.900521
57.223677,392.132188
61.359073,420.178688
65.793322,450.276843
70.548023,482.579875
75.646333,517.205554
81.113083,554.323124
86.974900,594.122589
93.260335,636.799872
100.000000,682.560106
