3.277637,4.062160
0.100000,40.337159
0.107227,40.325797
0.114976,40.312768
0.123285,40.297836
0.132194,40.280729
0.141747,40.261141
0.151991,40.238726
0.162975,40.213093
0.174753,40.183805
0.187382,40.150368
0.200923,40.112235
0.215443,40.068796
0.231013,40.019378
0.247708,39.963240
0.265609,39.899575
0.284804,39.827508
0.305386,39.746101
0.327455,39.654357
0.351119,39.551226
0.376494,39.435623
0.403702,39.306430
0.432876,39.162521
0.464159,39.002768
0.497702,38.826050
0.533670,38.631252
0.572237,38.417239
0.613591,38.182812
0.657933,37.926613
0.705480,37.646991
0.756463,37.341797
0.811131,37.008129
0.869749,36.642020
0.932603,36.238124
1.000000,35.789440
1.072267,35.287178
1.149757,34.720869
1.232847,34.078793
1.321941,33.348749
1.417474,32.519042
1.519911,31.579439
1.629751,30.521825
1.747528,29.340466
1.873817,28.032233
2.009233,26.597567
2.154435,25.042923
2.310130,23.384642
2.477076,21.653017
2.656088,19.895000
2.848036,18.174912
3.053856,16.573070
3.274549,15.180951
3.511192,14.091031
3.764936,13.383066
4.037017,13.112374
4.328761,13.303254
4.641589,13.945778
4.977024,14.995518
5.336699,16.379890
5.722368,18.011897
6.135907,19.805413
6.579332,21.685571
7.054802,23.591313
7.564633,25.470147
8.111308,27.268474
8.697490,28.931036
9.326033,30.446620
10.000000,31.958963
10.722672,33.769543
11.497570,36.060712
12.328467,38.743847
13.219411,41.632324
14.174742,44.570790
15.199111,47.478237
16.297508,50.502997
17.475284,53.968769
18.738174,57.875156
20.092330,61.977297
21.544347,66.169689
23.101297,70.718717
24.770764,75.774352
26.560878,81.092113
28.480359,86.706134
30.538555,92.874762
32.745492,99.411224
35.111917,106.410917
37.649358,113.974787
40.370173,122.016579
43.287613,130.701976
46.415888,139.967656
49.770236,149.932243
53.366992,160.610798
57.223677,172.049066
61.359073,184.328348
65.793322,197.494437
70.548023,211.607601
75.646333,226.740448
81.113083,242.968033
86.974900,260.369120
93.260335,279.027868
100.000000,299.034481
