2.000000,0.000000
0.100000,0.800372
0.107227,0.800428
0.114976,0.800492
0.123285,0.800566
0.132194,0.800651
0.141747,0.800748
0.151991,0.800860
0.162975,0.800989
0.174753,0.801138
0.187382,0.801308
0.200923,0.801504
0.215443,0.801729
0.231013,0.801989
0.247708,0.802287
0.265609,0.802629
0.284804,0.803024
0.305386,0.803477
0.327455,0.803999
0.351119,0.804598
0.376494,0.805288
0.403702,0.806082
0.432876,0.806995
0.464159,0.808046
0.497702,0.809255
0.533670,0.810647
0.572237,0.812249
0.613591,0.814093
0.657933,0.816216
0.705480,0.818661
0.756463,0.821478
0.811131,0.824723
0.869749,0.828465
0.932603,0.832778
1.000000,0.837754
1.072267,0.843497
1.149757,0.850128
1.232847,0.857789
1.321941,0.866647
1.417474,0.876895
1.519911,0.888762
1.629751,0.902517
1.747528,0.918475
1.873817,0.937012
2.009233,0.958569
2.154435,0.983671
2.310130,1.012941
2.477076,1.047119
2.656088,1.087083
2.848036,1.133872
3.053856,1.188714
3.274549,1.253048
3.511192,1.328544
3.764936,1.417115
4.037017,1.520900
4.328761,1.642231
4.641589,1.783547
4.977024,1.947277
5.336699,2.135684
5.722368,2.350721
6.135907,2.593950
6.579332,2.866584
7.054802,3.169663
7.564633,3.504269
8.111308,3.871622
8.697490,4.272948
9.326033,4.709167
10.000000,5.180695
10.722672,5.687561
11.497570,6.229709
12.328467,6.807144
13.219411,7.419825
14.174742,8.067720
15.199111,8.751123
16.297508,9.470856
17.475284,10.228309
18.738174,11.025612
20.092330,11.865770
21.544347,12.752678
23.101297,13.691167
24.770764,14.686956
26.560878,15.746589
28.480359,16.877321
30.538555,18.086993
32.745492,19.383886
35.111917,20.776583
37.649358,22.273851
40.370173,23.884549
43.287613,25.617584
46.415888,27.481922
49.770236,29.486649
53.366992,31.641089
57.223677,33.954964
61.359073,36.438583
65.793322,39.103037
70.548023,41.960385
75.646333,45.023812
81.113083,48.307746
86.974900,51.827942
93.260335,55.601523
100.000000,59.647004
