2.959774,2.908580
0.100000,13.259267
0.107227,13.258768
0.114976,13.258195
0.123285,13.257536
0.132194,13.256778
0.141747,13.255907
0.151991,13.254906
0.162975,13.253756
0.174753,13.252433
0.187382,13.250914
0.200923,13.249167
0.215443,13.247161
0.231013,13.244855
0.247708,13.242206
0.265609,13.239164
0.284804,13.235669
0.305386,13.231656
0.327455,13.227049
0.351119,13.221760
0.376494,13.215690
0.403702,13.208727
0.432876,13.200740
0.464159,13.191584
0.497702,13.181090
0.533670,13.169072
0.572237,13.155315
0.613591,13.139578
0.657933,13.121592
0.705480,13.101055
0.756463,13.077631
0.811131,13.050950
0.869749,13.020606
0.932603,12.986162
1.000000,12.947148
1.072267,12.903077
1.149757,12.853451
1.232847,12.797787
1.321941,12.735646
1.417474,12.666680
1.519911,12.590701
1.629751,12.507769
1.747528,12.418329
1.873817,12.323383
2.009233,12.224731
2.154435,12.125284
2.310130,12.029460
2.477076,11.943678
2.656088,11.876929
2.848036,11.841393
3.053856,11.853005
3.274549,11.931809
3.511192,12.101860
3.764936,12.390347
4.037017,12.825645
4.328761,13.434143
4.641589,14.236108
4.977024,15.241348
5.336699,16.445935
5.722368,17.831168
6.135907,19.365331
6.579332,21.007653
7.054802,22.713129
7.564633,24.437430
8.111308,26.143453
8.697490,27.814579
9.326033,29.478701
10.000000,31.229015
10.722672,33.199316
11.497570,35.480826
12.328467,38.060864
13.219411,40.848162
14.174742,43.741587
15.199111,46.705806
16.297508,49.842834
17.475284,53.321275
18.738174,57.159361
20.092330,61.226622
21.544347,65.471608
23.101297,70.053769
24.770764,75.066003
26.560878,80.382177
28.480359,86.034102
30.538555,92.177264
32.745492,98.720619
35.111917,105.731863
37.649358,113.282559
40.370173,121.340220
43.287613,130.015265
46.415888,139.290503
49.770236,149.252521
53.366992,159.930980
57.223677,171.374319
61.359073,183.652745
65.793322,196.818148
70.548023,210.932470
75.646333,226.066635
81.113083,242.295125
86.974900,259.696824
93.260335,278.356153
100.000000,298.363613
