2.823264,0.000000
0.100000,1.129831
0.107227,1.129910
0.114976,1.130000
0.123285,1.130105
0.132194,1.130224
0.141747,1.130362
0.151991,1.130520
0.162975,1.130702
0.174753,1.130911
0.187382,1.131152
0.200923,1.131429
0.215443,1.131747
0.231013,1.132113
0.247708,1.132533
0.265609,1.133017
0.284804,1.133574
0.305386,1.134214
0.327455,1.134950
0.351119,1.135797
0.376494,1.136771
0.403702,1.137891
0.432876,1.139180
0.464159,1.140664
0.497702,1.142371
0.533670,1.144335
0.572237,1.146596
0.613591,1.149199
0.657933,1.152196
0.705480,1.155648
0.756463,1.159624
0.811131,1.164206
0.869749,1.169487
0.932603,1.175577
1.000000,1.182601
1.072267,1.190708
1.149757,1.200068
1.232847,1.210883
1.321941,1.223386
1.417474,1.237853
1.519911,1.254605
1.629751,1.274021
1.747528,1.296549
1.873817,1.322715
2.009233,1.353146
2.154435,1.388581
2.310130,1.429900
2.477076,1.478147
2.656088,1.534560
2.848036,1.600609
3.053856,1.678026
3.274549,1.768842
3.511192,1.875416
3.764936,2.000445
4.037017,2.146951
4.328761,2.318225
4.641589,2.517712
4.977024,2.748839
5.336699,3.014800
5.722368,3.318353
6.135907,3.661702
6.579332,4.046561
7.054802,4.474398
7.564633,4.946737
8.111308,5.465305
8.697490,6.031829
9.326033,6.647610
10.000000,7.313235
10.722672,8.028742
11.497570,8.794056
12.328467,9.609182
13.219411,10.474061
14.174742,11.388650
15.199111,12.353363
16.297508,13.369362
17.475284,14.438607
18.738174,15.564105
20.092330,16.750098
21.544347,18.002086
23.101297,19.326887
24.770764,20.732575
26.560878,22.228386
28.480359,23.824564
30.538555,25.532175
32.745492,27.362910
35.111917,29.328886
37.649358,31.442477
40.370173,33.716190
43.287613,36.162598
46.415888,38.794356
49.770236,41.624293
53.366992,44.665568
57.223677,47.931908
61.359073,51.437865
65.793322,55.199093
70.548023,59.232616
75.646333,63.557046
81.113083,68.192752
86.974900,73.161973
93.260335,78.488881
100.000000,84.199611
