5.490755,4.167519
0.100000,667.767235
0.107227,581.256395
0.114976,506.013519
0.123285,440.570822
0.132194,383.652617
0.141747,334.147873
0.151991,291.091571
0.162975,253.643481
0.174753,221.073253
0.187382,192.745623
0.200923,168.107987
0.215443,146.679763
0.231013,128.042969
0.247708,111.834067
0.265609,97.736873
0.284804,85.476394
0.305386,74.813460
0.327455,65.540053
0.351119,57.475256
0.376494,50.461714
0.403702,44.362563
0.432876,39.058759
0.464159,34.446747
0.497702,30.436435
0.533670,26.949426
0.572237,23.917475
0.613591,21.281145
0.657933,18.988624
0.705480,16.994691
0.756463,15.259802
0.811131,13.749290
0.869749,12.432650
0.932603,11.282915
1.000000,10.276119
1.072267,9.390841
1.149757,8.607860
1.232847,7.909932
1.321941,7.281717
1.417474,6.709861
1.519911,6.183211
1.629751,5.693089
1.747528,5.233510
1.873817,4.801191
2.009233,4.395263
2.154435,4.016713
2.310130,3.667674
2.477076,3.350740
2.656088,3.068474
2.848036,2.823121
3.053856,2.616509
3.274549,2.450056
3.511192,2.324820
3.764936,2.241552
4.037017,2.200742
4.328761,2.202627
4.641589,2.247162
4.977024,2.333939
5.336699,2.462089
5.722368,2.630210
6.135907,2.836425
6.579332,3.078701
7.054802,3.355450
7.564633,3.666204
8.111308,4.011862
8.697490,4.394103
9.326033,4.814253
10.000000,5.272566
10.722672,5.768610
11.497570,6.302214
12.328467,6.873686
13.219411,7.483141
14.174742,8.130296
15.199111,8.815203
16.297508,9.538533
17.475284,10.301328
18.738174,11.105298
20.092330,11.953052
21.544347,12.848036
23.101297,13.794668
24.770764,14.798292
26.560878,15.865139
28.480359,17.002227
30.538555,18.217246
32.745492,19.518405
35.111917,20.914299
37.649358,22.413767
40.370173,24.025797
43.287613,25.759457
46.415888,27.623891
49.770236,29.628363
53.366992,31.782356
57.223677,34.095729
61.359073,36.578888
65.793322,39.242988
70.548023,42.100115
75.646333,45.163454
81.113083,48.447414
86.974900,51.967719
93.260335,55.741458
100.000000,59.787115
