3.720238,0.000000
0.100000,148.851412
0.107227,148.857686
0.114976,148.864899
0.123285,148.873193
0.132194,148.882729
0.141747,148.893694
0.151991,148.906301
0.162975,148.920797
0.174753,148.937465
0.187382,148.956631
0.200923,148.978668
0.215443,149.004008
0.231013,149.033146
0.247708,149.066651
0.265609,149.105180
0.284804,149.149485
0.305386,149.200435
0.327455,149.259027
0.351119,149.326409
0.376494,149.403904
0.403702,149.493033
0.432876,149.595547
0.464159,149.713462
0.497702,149.849100
0.533670,150.005137
0.572237,150.184655
0.613591,150.391207
0.657933,150.628889
0.705480,150.902426
0.756463,151.217271
0.811131,151.579719
0.869749,151.997044
0.932603,152.477654
1.000000,153.031275
1.072267,153.669169
1.149757,154.404386
1.232847,155.252064
1.321941,156.229780
1.417474,157.357970
1.519911,158.660418
1.629751,160.164846
1.747528,161.903600
1.873817,163.914476
2.009233,166.241684
2.154435,168.936985
2.310130,172.061021
2.477076,175.684836
2.656088,179.891596
2.848036,184.778451
3.053856,190.458449
3.274549,197.062277
3.511192,204.739442
3.764936,213.658236
4.037017,224.003410
4.328761,235.969988
4.641589,249.751096
4.977024,265.517370
5.336699,283.386170
5.722368,303.381523
6.135907,325.391980
6.579332,349.143873
7.054802,374.218529
7.564633,400.143944
8.111308,426.569978
8.697490,453.486263
9.326033,481.385882
10.000000,511.258317
10.722672,544.336990
11.497570,581.616250
12.328467,623.284396
13.219411,668.421569
14.174742,715.471781
15.199111,763.637315
16.297508,814.177748
17.475284,869.837623
18.738174,932.106718
20.092330,999.145534
21.544347,1068.295359
23.101297,1141.214875
24.770764,1222.195836
26.560878,1310.107279
28.480359,1401.163989
30.538555,1499.539580
32.745492,1607.537313
35.111917,1720.124642
37.649358,1842.619410
40.370173,1974.071338
43.287613,2113.698806
46.415888,2265.212251
49.770236,2426.001803
53.366992,2599.507485
57.223677,2785.479956
61.359073,2983.866839
65.793322,3197.891613
70.548023,3427.142973
75.646333,3672.380460
81.113083,3935.388043
86.974900,4217.593544
93.260335,4520.293515
100.000000,4844.947098
