2.823264,0.000000
0.100000,11.296590
0.107227,11.297120
0.114976,11.297728
0.123285,11.298428
0.132194,11.299233
0.141747,11.300159
0.151991,11.301223
0.162975,11.302446
0.174753,11.303853
0.187382,11.305471
0.200923,11.307331
0.215443,11.309470
0.231013,11.311930
0.247708,11.314758
0.265609,11.318011
0.284804,11.321751
0.305386,11.326052
0.327455,11.330999
0.351119,11.336688
0.376494,11.343232
0.403702,11.350758
0.432876,11.359416
0.464159,11.369375
0.497702,11.380832
0.533670,11.394014
0.572237,11.409182
0.613591,11.426637
0.657933,11.446726
0.705480,11.469851
0.756463,11.496476
0.811131,11.527134
0.869749,11.562447
0.932603,11.603130
1.000000,11.650014
1.072267,11.704062
1.149757,11.766393
1.232847,11.838306
1.321941,11.921315
1.417474,12.017183
1.519911,12.127969
1.629751,12.256083
1.747528,12.404347
1.873817,12.576071
2.009233,12.775149
2.154435,13.006163
2.310130,13.274515
2.477076,13.586576
2.656088,13.949858
2.848036,14.373209
3.053856,14.867013
3.274549,15.443389
3.511192,16.116337
3.764936,16.901786
4.037017,17.817402
4.328761,18.882032
4.641589,20.114502
4.977024,21.531528
5.336699,23.144502
5.722368,24.955218
6.135907,26.951336
6.579332,29.103506
7.054802,31.367324
7.564633,33.693291
8.111308,36.045145
8.697490,38.421240
9.326033,40.868258
10.000000,43.476467
10.722672,46.352427
11.497570,49.575263
12.328467,53.154456
13.219411,57.020082
14.174742,61.075884
15.199111,65.299588
16.297508,69.796833
17.475284,74.716714
18.738174,80.090014
20.092330,85.808310
21.544347,91.834876
23.101297,98.324353
24.770764,105.371244
26.560878,112.874768
28.480359,120.877537
30.538555,129.532695
32.745492,138.773989
35.111917,148.678735
37.649358,159.328758
40.370173,170.713528
43.287613,182.952601
46.415888,196.052031
49.770236,210.112958
53.366992,225.186865
57.223677,241.343929
61.359073,258.675919
65.793322,277.260109
70.548023,297.185044
75.646333,318.549736
81.113083,341.458939
86.974900,366.024094
93.260335,392.364543
100.000000,420.608232
