0.465080,0.000000
0.100000,18.763807
0.107227,18.787873
0.114976,18.815545
0.123285,18.847366
0.132194,18.883959
0.141747,18.926038
0.151991,18.974428
0.162975,19.030075
0.174753,19.094071
0.187382,19.167667
0.200923,19.252305
0.215443,19.349642
0.231013,19.461583
0.247708,19.590316
0.265609,19.738354
0.284804,19.908579
0.305386,20.104295
0.327455,20.329282
0.351119,20.587853
0.376494,20.884918
0.403702,21.226042
0.432876,21.617500
0.464159,22.066311
0.497702,22.580256
0.533670,23.167844
0.572237,23.838215
0.613591,24.600957
0.657933,25.465798
0.705480,26.442162
0.756463,27.538585
0.811131,28.762049
0.869749,30.117354
0.932603,31.606758
1.000000,33.230208
1.072267,34.986488
1.149757,36.875397
1.232847,38.900640
1.321941,41.072418
1.417474,43.408213
1.519911,45.930398
1.629751,48.660664
1.747528,51.613698
1.873817,54.794896
2.009233,58.206321
2.154435,61.858879
2.310130,65.779583
2.477076,70.002325
2.656088,74.548547
2.848036,79.424828
3.053856,84.648227
3.274549,90.259377
3.511192,96.291963
3.764936,102.759827
4.037017,109.698196
4.328761,117.154498
4.641589,125.154330
4.977024,133.748957
5.336699,142.994278
5.722368,152.962301
6.135907,163.777757
6.579332,175.553479
7.054802,188.113696
7.564633,201.289252
8.111308,215.338455
8.697490,230.426567
9.326033,246.617630
10.000000,263.982612
10.722672,282.611559
11.497570,302.615095
12.328467,324.165713
13.219411,347.468225
14.174742,372.215367
15.199111,398.630648
16.297508,426.986069
17.475284,457.413886
18.738174,490.150717
20.092330,525.437117
21.544347,563.380692
23.101297,604.209963
24.770764,648.045162
26.560878,695.175713
28.480359,745.449401
30.538555,799.384826
32.745492,857.344824
35.111917,919.230026
37.649358,985.632128
40.370173,1056.789440
43.287613,1132.942437
46.415888,1214.625238
49.770236,1302.034192
53.366992,1395.744783
57.223677,1496.144149
61.359073,1603.651428
65.793322,1718.921557
70.548023,1842.440049
75.646333,1974.771401
81.113083,2116.602442
86.974900,2268.633912
93.260335,2431.599656
100.000000,2606.294513
