2.000000,0.000000
0.100000,8.002504
0.107227,8.002880
0.114976,8.003311
0.123285,8.003807
0.132194,8.004377
0.141747,8.005032
0.151991,8.005786
0.162975,8.006653
0.174753,8.007650
0.187382,8.008796
0.200923,8.010113
0.215443,8.011629
0.231013,8.013371
0.247708,8.015375
0.265609,8.017679
0.284804,8.020328
0.305386,8.023375
0.327455,8.026880
0.351119,8.030910
0.376494,8.035545
0.403702,8.040877
0.432876,8.047010
0.464159,8.054065
0.497702,8.062181
0.533670,8.071520
0.572237,8.082264
0.613591,8.094629
0.657933,8.108861
0.705480,8.125243
0.756463,8.144103
0.811131,8.165822
0.869749,8.190837
0.932603,8.219657
1.000000,8.252870
1.072267,8.291158
1.149757,8.335313
1.232847,8.386256
1.321941,8.445059
1.417474,8.512972
1.519911,8.591453
1.629751,8.682209
1.747528,8.787239
1.873817,8.908889
2.009233,9.049915
2.154435,9.213566
2.310130,9.403667
2.477076,9.624730
2.656088,9.882080
2.848036,10.181981
3.053856,10.531792
3.274549,10.940096
3.511192,11.416813
3.764936,11.973225
4.037017,12.621848
4.328761,13.376032
4.641589,14.249113
4.977024,15.252935
5.336699,16.395565
5.722368,17.678276
6.135907,19.092326
6.579332,20.616924
7.054802,22.220613
7.564633,23.868328
8.111308,25.534381
8.697490,27.217607
9.326033,28.951074
10.000000,30.798729
10.722672,32.836059
11.497570,35.119116
12.328467,37.654617
13.219411,40.393026
14.174742,43.266156
15.199111,46.258228
16.297508,49.444076
17.475284,52.929320
18.738174,56.735766
20.092330,60.786607
21.544347,65.055826
23.101297,69.652972
24.770764,74.644989
26.560878,79.960486
28.480359,85.629647
30.538555,91.760961
32.745492,98.307494
35.111917,105.324016
37.649358,112.868492
40.370173,120.933463
43.287613,129.603622
46.415888,138.883259
49.770236,148.844020
53.366992,159.522375
57.223677,170.968039
61.359073,183.246021
65.793322,196.411061
70.548023,210.525885
75.646333,225.660633
81.113083,241.889513
86.974900,259.291469
93.260335,277.951042
100.000000,297.958872
