2.842273,3.065613
0.100000,132.592340
0.107227,132.587301
0.114976,132.581508
0.123285,132.574847
0.132194,132.567190
0.141747,132.558387
0.151991,132.548266
0.162975,132.536632
0.174753,132.523256
0.187382,132.507880
0.200923,132.490204
0.215443,132.469886
0.231013,132.446530
0.247708,132.419684
0.265609,132.388826
0.284804,132.353361
0.305386,132.312601
0.327455,132.265761
0.351119,132.211935
0.376494,132.150088
0.403702,132.079033
0.432876,131.997408
0.464159,131.903653
0.497702,131.795984
0.533670,131.672359
0.572237,131.530447
0.613591,131.367587
0.657933,131.180746
0.705480,130.966476
0.756463,130.720862
0.811131,130.439478
0.869749,130.117330
0.932603,129.748819
1.000000,129.327699
1.072267,128.847069
1.149757,128.299384
1.232847,127.676535
1.321941,126.970010
1.417474,126.171204
1.519911,125.271949
1.629751,124.265385
1.747528,123.147356
1.873817,121.918584
2.009233,120.587989
2.154435,119.177617
2.310130,117.729704
2.477076,116.316235
2.656088,115.050697
2.848036,114.100094
3.053856,113.692202
3.274549,114.109167
3.511192,115.657080
3.764936,118.608491
4.037017,123.134655
4.328761,129.264466
4.641589,136.900634
4.977024,145.883522
5.336699,156.057450
5.722368,167.301809
6.135907,179.524198
6.579332,192.633469
7.054802,206.505313
7.564633,220.939711
8.111308,235.612062
8.697490,250.082770
9.326033,264.141403
10.000000,278.748424
10.722672,295.968377
11.497570,316.493557
12.328467,339.437430
13.219411,364.042239
14.174742,389.719924
15.199111,415.581379
16.297508,441.655507
17.475284,471.349650
18.738174,505.402965
20.092330,541.755805
21.544347,578.769810
23.101297,616.841324
24.770764,660.533557
26.560878,707.896994
28.480359,756.268471
30.538555,808.677226
32.745492,866.888866
35.111917,926.767523
37.649358,992.496045
40.370173,1063.039034
43.287613,1137.577983
46.415888,1219.043995
49.770236,1305.033596
53.366992,1398.177615
57.223677,1498.002520
61.359073,1604.246262
65.793322,1719.306326
70.548023,1842.463044
75.646333,1974.096277
81.113083,2115.302070
86.974900,2266.884404
93.260335,2429.530417
100.000000,2604.016771
