2.888394,3.729545
0.100000,541.118357
0.107227,541.070703
0.114976,541.015906
0.123285,540.952896
0.132194,540.880441
0.141747,540.797123
0.151991,540.701311
0.162975,540.591130
0.174753,540.464421
0.187382,540.318699
0.200923,540.151106
0.215443,539.958349
0.231013,539.736641
0.247708,539.481616
0.265609,539.188251
0.284804,538.850753
0.305386,538.462451
0.327455,538.015650
0.351119,537.501478
0.376494,536.909697
0.403702,536.228485
0.432876,535.444188
0.464159,534.541019
0.497702,533.500715
0.533670,532.302123
0.572237,530.920722
0.613591,529.328047
0.657933,527.491007
0.705480,525.371076
0.756463,522.923307
0.811131,520.095150
0.869749,516.825019
0.932603,513.040524
1.000000,508.656303
1.072267,503.571333
1.149757,497.665555
1.232847,490.795640
1.321941,482.789628
1.417474,473.440136
1.519911,462.495778
1.629751,449.650512
1.747528,434.530910
1.873817,416.682437
2.009233,395.558670
2.154435,370.524880
2.310130,340.905262
2.477076,306.142286
2.656088,266.206193
2.848036,222.447504
3.053856,178.851460
3.274549,142.528648
3.511192,120.859862
3.764936,115.647203
4.037017,121.551776
4.328761,131.701177
4.641589,142.462974
4.977024,153.221432
5.336699,164.409284
5.722368,176.394502
6.135907,189.298323
6.579332,203.125861
7.054802,217.857184
7.564633,233.430949
8.111308,249.604636
8.697490,265.465232
9.326033,277.914867
10.000000,284.924825
10.722672,301.481737
11.497570,324.678947
12.328467,348.577905
13.219411,373.772598
14.174742,400.404977
15.199111,427.029858
16.297508,449.029930
17.475284,478.761544
18.738174,514.317656
20.092330,551.256771
21.544347,588.455201
23.101297,622.852762
24.770764,667.702936
26.560878,715.233263
28.480359,762.487644
30.538555,813.773520
32.745492,872.344962
35.111917,930.713282
37.649358,996.376332
40.370173,1066.802580
43.287613,1140.092630
46.415888,1221.722806
49.770236,1306.678255
53.366992,1399.617797
57.223677,1499.095387
61.359073,1604.378607
65.793322,1719.602059
70.548023,1842.570579
75.646333,1973.767069
81.113083,2114.572164
86.974900,2265.870089
93.260335,2428.348773
100.000000,2602.761642
