3.231611,3.834111
0.100000,23.669507
0.107227,23.667305
0.114976,23.664774
0.123285,23.661865
0.132194,23.658519
0.141747,23.654673
0.151991,23.650252
0.162975,23.645169
0.174753,23.639326
0.187382,23.632608
0.200923,23.624887
0.215443,23.616010
0.231013,23.605807
0.247708,23.594080
0.265609,23.580601
0.284804,23.565109
0.305386,23.547305
0.327455,23.526846
0.351119,23.503336
0.376494,23.476325
0.403702,23.445293
0.432876,23.409647
0.464159,23.368707
0.497702,23.321694
0.533670,23.267718
0.572237,23.205764
0.613591,23.134672
0.657933,23.053121
0.705480,22.959608
0.756463,22.852430
0.811131,22.729657
0.869749,22.589116
0.932603,22.428363
1.000000,22.244673
1.072267,22.035020
1.149757,21.796084
1.232847,21.524261
1.321941,21.215708
1.417474,20.866426
1.519911,20.472402
1.629751,20.029833
1.747528,19.535476
1.873817,18.987151
2.009233,18.384462
2.154435,17.729781
2.310130,17.029525
2.477076,16.295738
2.656088,15.547857
2.848036,14.814418
3.053856,14.134213
3.274549,13.556158
3.511192,13.136977
3.764936,12.936023
4.037017,13.007251
4.328761,13.389680
4.641589,14.098980
4.977024,15.123282
5.336699,16.425141
5.722368,17.949152
6.135907,19.632244
6.579332,21.412733
7.054802,23.234991
7.564633,25.048868
8.111308,26.806919
8.697490,28.470883
9.326033,30.049868
10.000000,31.667928
10.722672,33.548843
11.497570,35.834120
12.328467,38.472375
13.219411,41.318190
14.174742,44.237280
15.199111,47.168563
16.297508,50.242212
17.475284,53.713125
18.738174,57.590355
20.092330,61.677678
21.544347,65.892568
23.101297,70.455845
24.770764,75.492988
26.560878,80.810060
28.480359,86.440353
30.538555,92.598130
32.745492,99.137542
35.111917,106.142188
37.649358,113.700473
40.370173,121.749050
43.287613,130.430058
46.415888,139.699827
49.770236,149.663338
53.366992,160.341871
57.223677,171.782311
61.359073,184.061243
65.793322,197.227054
70.548023,211.340722
75.646333,226.474141
81.113083,242.702121
86.974900,260.103479
93.260335,278.762483
100.000000,298.769464
