3.720238,0.000000
0.100000,14.885611
0.107227,14.886309
0.114976,14.887111
0.123285,14.888033
0.132194,14.889094
0.141747,14.890313
0.151991,14.891716
0.162975,14.893328
0.174753,14.895182
0.187382,14.897313
0.200923,14.899764
0.215443,14.902583
0.231013,14.905824
0.247708,14.909551
0.265609,14.913837
0.284804,14.918765
0.305386,14.924433
0.327455,14.930952
0.351119,14.938449
0.376494,14.947071
0.403702,14.956989
0.432876,14.968397
0.464159,14.981520
0.497702,14.996617
0.533670,15.013987
0.572237,15.033974
0.613591,15.056975
0.657933,15.083447
0.705480,15.113919
0.756463,15.149002
0.811131,15.189401
0.869749,15.235933
0.932603,15.289541
1.000000,15.351320
1.072267,15.422540
1.149757,15.504674
1.232847,15.599435
1.321941,15.708816
1.417474,15.835142
1.519911,15.981126
1.629751,16.149943
1.747528,16.345311
1.873817,16.571594
2.009233,16.833920
2.154435,17.138329
2.310130,17.491939
2.477076,17.903144
2.656088,18.381844
2.848036,18.939697
3.053856,19.590387
3.274549,20.349882
3.511192,21.236632
3.764936,22.271624
4.037017,23.478140
4.328761,24.881011
4.641589,26.505047
4.977024,28.372274
5.336699,30.497703
5.722368,32.883699
6.135907,35.514000
6.579332,38.349932
7.054802,41.332985
7.564633,44.397931
8.111308,47.496988
8.697490,50.627989
9.326033,53.852444
10.000000,57.289302
10.722672,61.078979
11.497570,65.325737
12.328467,70.042070
13.219411,75.135837
14.174742,80.480201
15.199111,86.045811
16.297508,91.971868
17.475284,98.454836
18.738174,105.535278
20.092330,113.070325
21.544347,121.011581
23.101297,129.562820
24.770764,138.848567
26.560878,148.736023
28.480359,159.281338
30.538555,170.686311
32.745492,182.863642
35.111917,195.915208
37.649358,209.948833
40.370173,224.950638
43.287613,241.078167
46.415888,258.339395
49.770236,276.867596
53.366992,296.730609
57.223677,318.020906
61.359073,340.859414
65.793322,365.347956
70.548023,391.603209
75.646333,419.755642
81.113083,449.943290
86.974900,482.312999
93.260335,517.022027
100.000000,554.238973
