2.983486,3.582824
0.100000,205.725891
0.107227,205.710477
0.114976,205.692770
0.123285,205.672432
0.132194,205.649074
0.141747,205.622253
0.151991,205.591461
0.162975,205.556118
0.174753,205.515558
0.187382,205.469025
0.200923,205.415654
0.215443,205.354457
0.231013,205.284311
0.247708,205.203937
0.265609,205.111878
0.284804,205.006479
0.305386,204.885856
0.327455,204.747868
0.351119,204.590079
0.376494,204.409713
0.403702,204.203603
0.432876,203.968123
0.464159,203.699111
0.497702,203.391758
0.533670,203.040487
0.572237,202.638786
0.613591,202.179009
0.657933,201.652133
0.705480,201.047481
0.756463,200.352414
0.811131,199.552016
0.869749,198.628810
0.932603,197.562535
1.000000,196.330022
1.072267,194.905143
1.149757,193.258757
1.232847,191.358451
1.321941,189.167835
1.417474,186.645198
1.519911,183.741770
1.629751,180.400484
1.747528,176.556947
1.873817,172.144410
2.009233,167.103417
2.154435,161.395332
2.310130,155.020870
2.477076,148.052774
2.656088,140.697909
2.848036,133.383989
3.053856,126.811765
3.274549,121.882053
3.511192,119.473030
3.764936,120.154874
4.037017,123.972494
4.328761,130.433061
4.641589,138.790461
4.977024,148.446511
5.336699,159.109959
5.722368,170.695411
6.135907,183.186456
6.579332,196.559172
7.054802,210.748770
7.564633,225.604082
8.111308,240.776864
8.697490,255.513672
9.326033,268.755492
10.000000,281.511538
10.722672,298.281551
11.497570,319.516839
12.328467,342.881188
13.219411,367.725498
14.174742,393.744063
15.199111,419.735687
16.297508,444.608378
17.475284,474.184252
18.738174,508.775290
20.092330,545.361692
21.544347,582.348372
23.101297,619.280119
24.770764,663.249639
26.560878,710.687918
28.480359,758.610029
30.538555,810.620545
32.745492,868.968124
35.111917,928.302577
37.649358,993.973015
40.370173,1064.446491
43.287613,1138.539672
46.415888,1220.047041
49.770236,1305.661084
53.366992,1398.715249
57.223677,1498.416388
61.359073,1604.315155
65.793322,1719.408997
70.548023,1842.497198
75.646333,1973.966290
81.113083,2115.022222
86.974900,2266.499106
93.260335,2429.080350
100.000000,2603.535011
