0.799375,0.000000
0.100000,3.206204
0.107227,3.207507
0.114976,3.209006
0.123285,3.210728
0.132194,3.212708
0.141747,3.214984
0.151991,3.217602
0.162975,3.220610
0.174753,3.224069
0.187382,3.228046
0.200923,3.232617
0.215443,3.237872
0.231013,3.243912
0.247708,3.250856
0.265609,3.258836
0.284804,3.268009
0.305386,3.278551
0.327455,3.290667
0.351119,3.304589
0.376494,3.320585
0.403702,3.338963
0.432876,3.360075
0.464159,3.384322
0.497702,3.412164
0.533670,3.444129
0.572237,3.480813
0.613591,3.522901
0.657933,3.571167
0.705480,3.626490
0.756463,3.689860
0.811131,3.762396
0.869749,3.845346
0.932603,3.940103
1.000000,4.048208
1.072267,4.171355
1.149757,4.311387
1.232847,4.470294
1.321941,4.650198
1.417474,4.853340
1.519911,5.082051
1.629751,5.338729
1.747528,5.625803
1.873817,5.945694
2.009233,6.300774
2.154435,6.693321
2.310130,7.125482
2.477076,7.599250
2.656088,8.116459
2.848036,8.678812
3.053856,9.287931
3.274549,9.945460
3.511192,10.653201
3.764936,11.413315
4.037017,12.228567
4.328761,13.102630
4.641589,14.040437
4.977024,15.048515
5.336699,16.135137
5.722368,17.309766
6.135907,18.580902
6.579332,19.951699
7.054802,21.415878
7.564633,22.961070
8.111308,24.581822
8.697490,26.289126
9.326033,28.106062
10.000000,30.058273
10.722672,32.169498
11.497570,34.461016
12.328467,36.947189
13.219411,39.623719
14.174742,42.473088
15.199111,45.500778
16.297508,48.742125
17.475284,52.236505
18.738174,56.004431
20.092330,60.034829
21.544347,64.333113
23.101297,68.947832
24.770764,73.915046
26.560878,79.229668
28.480359,84.919239
30.538555,91.036021
32.745492,97.586306
35.111917,104.609062
37.649358,112.145777
40.370173,120.219494
43.287613,128.883549
46.415888,138.168424
49.770236,148.127522
53.366992,158.805626
57.223677,170.254029
61.359073,182.531367
65.793322,195.695870
70.548023,209.811222
75.646333,224.946604
81.113083,241.175888
86.974900,258.578088
93.260335,277.237897
100.000000,297.246121
