0.895356,0.000000
0.100000,14.643214
0.107227,14.655849
0.114976,14.670365
0.123285,14.687042
0.132194,14.706198
0.141747,14.728199
0.151991,14.753465
0.162975,14.782472
0.174753,14.815770
0.187382,14.853983
0.200923,14.897825
0.215443,14.948109
0.231013,15.005761
0.247708,15.071834
0.265609,15.147522
0.284804,15.234178
0.305386,15.333332
0.327455,15.446708
0.351119,15.576243
0.376494,15.724111
0.403702,15.892735
0.432876,16.084813
0.464159,16.303328
0.497702,16.551564
0.533670,16.833117
0.572237,17.151892
0.613591,17.512105
0.657933,17.918267
0.705480,18.375163
0.756463,18.887819
0.811131,19.461463
0.869749,20.101474
0.932603,20.813327
1.000000,21.602546
1.072267,22.474655
1.149757,23.435146
1.232847,24.489474
1.321941,25.643077
1.417474,26.901436
1.519911,28.270166
1.629751,29.755145
1.747528,31.362670
1.873817,33.099621
2.009233,34.973634
2.154435,36.993243
2.310130,39.168010
2.477076,41.508607
2.656088,44.026873
2.848036,46.735841
3.053856,49.649764
3.274549,52.784167
3.511192,56.155961
3.764936,59.783669
4.037017,63.687851
4.328761,67.891848
4.641589,72.423092
4.977024,77.315380
5.336699,82.612493
5.722368,88.372130
6.135907,94.661110
6.579332,101.513463
7.054802,108.849417
7.564633,116.529412
8.111308,124.571180
8.697490,133.122709
9.326033,142.303276
10.000000,152.180878
10.722672,162.811783
11.497570,174.274925
12.328467,186.692116
13.219411,200.134816
14.174742,214.403884
15.199111,229.491015
16.297508,245.658672
17.475284,263.073305
18.738174,281.898557
20.092330,302.161026
21.544347,323.641735
23.101297,346.637046
24.770764,371.445143
26.560878,398.147145
28.480359,426.545855
30.538555,457.059055
32.745492,489.933494
35.111917,524.977538
37.649358,562.670332
40.370173,603.077621
43.287613,646.353133
46.415888,692.835830
49.770236,742.690551
53.366992,796.337664
57.223677,853.876904
61.359073,915.506716
65.793322,981.633844
70.548023,1052.534723
75.646333,1128.522713
81.113083,1209.978484
86.974900,1297.304079
93.260335,1390.919584
100.000000,1491.274268
