3.260775,4.236689
0.100000,3871.758401
0.107227,3373.703787
0.114976,2940.532644
0.123285,2563.793213
0.132194,2236.137290
0.141747,1951.173963
0.151991,1703.344641
0.162975,1487.815083
0.174753,1300.381272
0.187382,1137.387102
0.200923,995.653247
0.215443,872.415076
0.231013,765.268754
0.247708,672.124332
0.265609,591.165000
0.284804,520.811631
0.305386,459.691988
0.327455,406.613946
0.351119,360.542223
0.376494,320.578161
0.403702,285.942146
0.432876,255.958317
0.464159,230.041245
0.497702,207.684276
0.533670,188.449258
0.572237,171.957366
0.613591,157.880698
0.657933,145.934266
0.705480,135.867923
0.756463,127.457659
0.811131,120.495605
0.869749,114.778175
0.932603,110.092207
1.000000,106.200322
1.072267,102.829314
1.149757,99.669161
1.232847,96.392863
1.321941,92.703369
1.417474,88.398059
1.519911,83.418816
1.629751,77.849102
1.747528,71.848772
1.873817,65.566424
2.009233,59.092062
2.154435,52.483743
2.310130,45.838768
2.477076,39.335193
2.656088,33.200684
2.848036,27.651448
3.053856,22.866050
3.274549,18.985579
3.511192,16.094884
3.764936,14.197743
4.037017,13.226831
4.328761,13.077772
4.641589,13.629285
4.977024,14.744113
5.336699,16.274413
5.722368,18.079404
6.135907,20.040864
6.579332,22.068757
7.054802,24.097449
7.564633,26.073505
8.111308,27.936407
8.697490,29.604485
9.326033,31.024142
10.000000,32.360062
10.722672,34.055026
11.497570,36.361437
12.328467,39.116432
13.219411,42.069233
14.174742,45.038153
15.199111,47.910272
16.297508,50.856421
17.475284,54.315245
18.738174,58.266822
20.092330,62.391769
21.544347,66.549308
23.101297,71.076018
24.770764,76.160268
26.560878,81.479211
28.480359,87.067793
30.538555,93.253240
32.745492,99.785166
35.111917,106.777161
37.649358,114.349627
40.370173,122.380904
43.287613,131.073059
46.415888,140.332410
49.770236,150.298636
53.366992,160.977203
57.223677,172.412108
61.359073,184.691915
65.793322,197.858419
70.548023,211.970793
75.646333,227.102748
81.113083,243.329715
86.974900,260.730376
93.260335,279.388720
100.000000,299.394760
