3.122316,0.811328
0.100000,1.249968
0.107227,1.249964
0.114976,1.249958
0.123285,1.249952
0.132194,1.249944
0.141747,1.249936
0.151991,1.249926
0.162975,1.249915
0.174753,1.249903
0.187382,1.249889
0.200923,1.249872
0.215443,1.249854
0.231013,1.249833
0.247708,1.249809
0.265609,1.249782
0.284804,1.249751
0.305386,1.249716
0.327455,1.249677
0.351119,1.249634
0.376494,1.249586
0.403702,1.249532
0.432876,1.249474
0.464159,1.249410
0.497702,1.249342
0.533670,1.249270
0.572237,1.249196
0.613591,1.249121
0.657933,1.249051
0.705480,1.248990
0.756463,1.248945
0.811131,1.248927
0.869749,1.248950
0.932603,1.249035
1.000000,1.249208
1.072267,1.249507
1.149757,1.249980
1.232847,1.250693
1.321941,1.251732
1.417474,1.253212
1.519911,1.255282
1.629751,1.258136
1.747528,1.262029
1.873817,1.267285
2.009233,1.274320
2.154435,1.283664
2.310130,1.295981
2.477076,1.312105
2.656088,1.333062
2.848036,1.360106
3.053856,1.394745
3.274549,1.438764
3.511192,1.494232
3.764936,1.563492
4.037017,1.649115
4.328761,1.753821
4.641589,1.880350
4.977024,2.031294
5.336699,2.208909
5.722368,2.414961
6.135907,2.650675
6.579332,2.916843
7.054802,3.214119
7.564633,3.543352
8.111308,3.905739
8.697490,4.302621
9.326033,4.735024
10.000000,5.203364
10.722672,5.707600
11.497570,6.247676
12.328467,6.823662
13.219411,7.435554
14.174742,8.083272
15.199111,8.767055
16.297508,9.487685
17.475284,10.246467
18.738174,11.045426
20.092330,11.887471
21.544347,12.776385
23.101297,13.716896
24.770764,14.714633
26.560878,15.776060
28.480359,16.908375
30.538555,18.119381
32.745492,19.417341
35.111917,20.810842
37.649358,22.308666
40.370173,23.919705
43.287613,25.652906
46.415888,27.517277
49.770236,29.521950
53.366992,31.676288
57.223677,33.990046
61.359073,36.473559
65.793322,39.137931
70.548023,41.995231
75.646333,45.058641
81.113083,48.342587
86.974900,51.862816
93.260335,55.636441
100.000000,59.681970
