4.901976,3.707930
0.100000,4.033817
0.107227,4.032690
0.114976,4.031395
0.123285,4.029908
0.132194,4.028202
0.141747,4.026243
0.151991,4.023995
0.162975,4.021418
0.174753,4.018462
0.187382,4.015074
0.200923,4.011192
0.215443,4.006748
0.231013,4.001662
0.247708,3.995845
0.265609,3.989198
0.284804,3.981608
0.305386,3.972951
0.327455,3.963088
0.351119,3.951863
0.376494,3.939109
0.403702,3.924637
0.432876,3.908247
0.464159,3.889720
0.497702,3.868823
0.533670,3.845307
0.572237,3.818912
0.613591,3.789370
0.657933,3.756402
0.705480,3.719730
0.756463,3.679075
0.811131,3.634161
0.869749,3.584723
0.932603,3.530509
1.000000,3.471286
1.072267,3.406848
1.149757,3.337024
1.232847,3.261697
1.321941,3.180827
1.417474,3.094484
1.519911,3.002892
1.629751,2.906483
1.747528,2.805950
1.873817,2.702302
2.009233,2.596902
2.154435,2.491490
2.310130,2.388179
2.477076,2.289433
2.656088,2.198025
2.848036,2.116977
3.053856,2.049492
3.274549,1.998873
3.511192,1.968435
3.764936,1.961414
4.037017,1.980864
4.328761,2.029545
4.641589,2.109800
4.977024,2.223416
5.336699,2.371496
5.722368,2.554386
6.135907,2.771738
6.579332,3.022801
7.054802,3.306954
7.564633,3.624287
8.111308,3.975842
8.697490,4.363190
9.326033,4.787563
10.000000,5.249296
10.722672,5.748123
11.497570,6.283927
12.328467,6.856933
13.219411,7.467212
14.174742,8.114560
15.199111,8.799095
16.297508,9.521523
17.475284,10.282976
18.738174,11.085269
20.092330,11.931111
21.544347,12.824063
23.101297,13.768646
24.770764,14.770300
26.560878,15.835334
28.480359,16.970828
30.538555,18.184507
32.745492,19.484601
35.111917,20.879699
37.649358,22.378623
40.370173,23.990328
43.287613,25.723842
46.415888,27.588262
49.770236,29.592807
53.366992,31.746921
57.223677,34.060429
61.359073,36.543711
65.793322,39.207907
70.548023,42.065096
75.646333,45.128462
81.113083,48.412422
86.974900,51.932704
93.260335,55.706408
100.000000,59.752026
