0.465080,0.000000
0.100000,1.870044
0.107227,1.871502
0.114976,1.873178
0.123285,1.875106
0.132194,1.877324
0.141747,1.879874
0.151991,1.882808
0.162975,1.886182
0.174753,1.890064
0.187382,1.894530
0.200923,1.899668
0.215443,1.905580
0.231013,1.912384
0.247708,1.920214
0.265609,1.929228
0.284804,1.939605
0.305386,1.951553
0.327455,1.965313
0.351119,1.981163
0.376494,1.999424
0.403702,2.020467
0.432876,2.044722
0.464159,2.072685
0.497702,2.104929
0.533670,2.142117
0.572237,2.185014
0.613591,2.234498
0.657933,2.291579
0.705480,2.357411
0.756463,2.433305
0.811131,2.520741
0.869749,2.621372
0.932603,2.737022
1.000000,2.869673
1.072267,3.021435
1.149757,3.194509
1.232847,3.391129
1.321941,3.613507
1.417474,3.863781
1.519911,4.143984
1.629751,4.456039
1.747528,4.801765
1.873817,5.182880
2.009233,5.600957
2.154435,6.057347
2.310130,6.553117
2.477076,7.089050
2.656088,7.665755
2.848036,8.283787
3.053856,8.943736
3.274549,9.646315
3.511192,10.392536
3.764936,11.183933
4.037017,12.022724
4.328761,12.911978
4.641589,13.855825
4.977024,14.859639
5.336699,15.930205
5.722368,17.075739
6.135907,18.305257
6.579332,19.626467
7.054802,21.042646
7.564633,22.553288
8.111308,24.161414
8.697490,25.878111
9.326033,27.718535
10.000000,29.697352
10.722672,31.828047
11.497570,34.123954
12.328467,36.597598
13.219411,39.255458
14.174742,42.098292
15.199111,45.136824
16.297508,48.393084
17.475284,51.890236
18.738174,55.646833
20.092330,59.670994
21.544347,63.977449
23.101297,68.596940
24.770764,73.556766
26.560878,78.871018
28.480359,84.566259
30.538555,90.678703
32.745492,97.229973
35.111917,104.254418
37.649358,111.788754
40.370173,119.864911
43.287613,128.527089
46.415888,137.813401
49.770236,147.771926
53.366992,158.449874
57.223677,169.899005
61.359073,182.176087
65.793322,195.340368
70.548023,209.455814
75.646333,224.591327
81.113083,240.820678
86.974900,258.222902
93.260335,276.882735
100.000000,296.891034
