1.206434,0.000000
0.100000,0.483145
0.107227,0.483231
0.114976,0.483329
0.123285,0.483442
0.132194,0.483572
0.141747,0.483722
0.151991,0.483894
0.162975,0.484092
0.174753,0.484319
0.187382,0.484580
0.200923,0.484881
0.215443,0.485226
0.231013,0.485623
0.247708,0.486080
0.265609,0.486605
0.284804,0.487209
0.305386,0.487903
0.327455,0.488700
0.351119,0.489618
0.376494,0.490672
0.403702,0.491885
0.432876,0.493279
0.464159,0.494882
0.497702,0.496724
0.533670,0.498842
0.572237,0.501277
0.613591,0.504076
0.657933,0.507294
0.705480,0.510994
0.756463,0.515246
0.811131,0.520134
0.869749,0.525752
0.932603,0.532209
1.000000,0.539631
1.072267,0.548161
1.149757,0.557963
1.232847,0.569228
1.321941,0.582172
1.417474,0.597044
1.519911,0.614130
1.629751,0.633759
1.747528,0.656306
1.873817,0.682203
2.009233,0.711944
2.154435,0.746097
2.310130,0.785311
2.477076,0.830331
2.656088,0.882011
2.848036,0.941328
3.053856,1.009400
3.274549,1.087502
3.511192,1.177080
3.764936,1.279768
4.037017,1.397385
4.328761,1.531923
4.641589,1.685502
4.977024,1.860305
5.336699,2.058468
5.722368,2.281974
6.135907,2.532570
6.579332,2.811755
7.054802,3.120852
7.564633,3.461110
8.111308,3.833745
8.697490,4.239852
9.326033,4.680234
10.000000,5.155284
10.722672,5.665063
11.497570,6.209508
12.328467,6.788549
13.219411,7.402108
14.174742,8.050197
15.199111,8.733165
16.297508,9.451887
17.475284,10.207843
18.738174,11.003279
20.092330,11.841312
21.544347,12.725962
23.101297,13.662172
24.770764,14.655767
26.560878,15.713377
28.480359,16.842322
30.538555,18.050487
32.745492,19.346172
35.111917,20.737958
37.649358,22.234591
40.370173,23.844897
43.287613,25.577737
46.415888,27.442029
49.770236,29.446810
53.366992,31.601358
57.223677,33.915358
61.359073,36.399092
65.793322,39.063632
70.548023,41.921030
75.646333,44.984469
81.113083,48.268385
86.974900,51.788541
93.260335,55.562069
100.000000,59.607492
