2.000000,0.000000
0.100000,80.022519
0.107227,80.025892
0.114976,80.029770
0.123285,80.034228
0.132194,80.039355
0.141747,80.045250
0.151991,80.052027
0.162975,80.059821
0.174753,80.068781
0.187382,80.079085
0.200923,80.090932
0.215443,80.104555
0.231013,80.120219
0.247708,80.138232
0.265609,80.158945
0.284804,80.182763
0.305386,80.210154
0.327455,80.241653
0.351119,80.277878
0.376494,80.319539
0.403702,80.367455
0.432876,80.422566
0.464159,80.485957
0.497702,80.558876
0.533670,80.642762
0.572237,80.739271
0.613591,80.850313
0.657933,80.978091
0.705480,81.125144
0.756463,81.294405
0.811131,81.489257
0.869749,81.713611
0.932603,81.971987
1.000000,82.269614
1.072267,82.612545
1.149757,83.007798
1.232847,83.463509
1.321941,83.989130
1.417474,84.595644
1.519911,85.295841
1.629751,86.104621
1.747528,87.039376
1.873817,88.120422
2.009233,89.371529
2.154435,90.820523
2.310130,92.500005
2.477076,94.448168
2.656088,96.709722
2.848036,99.336895
3.053856,102.390462
3.274549,105.940680
3.511192,110.067924
3.764936,114.862668
4.037017,120.424233
4.328761,126.857466
4.641589,134.266189
4.977024,142.742138
5.336699,152.348405
5.722368,163.097907
6.135907,174.930728
6.579332,187.699746
7.054802,201.179881
7.564633,215.117384
8.111308,229.324020
8.697490,243.794215
9.326033,258.793050
10.000000,274.852471
10.722672,292.635566
11.497570,312.676896
12.328467,335.077691
13.219411,359.343436
14.174742,384.637629
15.199111,410.531421
16.297508,437.701957
17.475284,467.624706
18.738174,501.100571
20.092330,537.140639
21.544347,574.315585
23.101297,613.517117
24.770764,657.052482
26.560878,704.313673
28.480359,753.265761
30.538555,806.152478
32.745492,864.212059
35.111917,924.739008
37.649358,990.592195
40.370173,1061.260752
43.287613,1136.324478
46.415888,1217.778106
49.770236,1304.218569
53.366992,1397.495224
57.223677,1497.474024
61.359073,1604.126813
65.793322,1719.186531
70.548023,1842.432062
75.646333,1974.271735
81.113083,2115.664612
86.974900,2267.378290
93.260335,2430.109794
100.000000,2604.643560
