2.823264,0.000000
0.100000,112.962336
0.107227,112.967097
0.114976,112.972572
0.123285,112.978866
0.132194,112.986103
0.141747,112.994424
0.151991,113.003991
0.162975,113.014992
0.174753,113.027642
0.187382,113.042186
0.200923,113.058910
0.215443,113.078141
0.231013,113.100253
0.247708,113.125680
0.265609,113.154919
0.284804,113.188542
0.305386,113.227208
0.327455,113.271673
0.351119,113.322809
0.376494,113.381619
0.403702,113.449258
0.432876,113.527055
0.464159,113.616540
0.497702,113.719475
0.533670,113.837891
0.572237,113.974126
0.613591,114.130876
0.657933,114.311252
0.705480,114.518837
0.756463,114.757771
0.811131,115.032830
0.869749,115.349536
0.932603,115.714267
1.000000,116.134406
1.072267,116.618500
1.149757,117.176451
1.232847,117.819748
1.321941,118.561730
1.417474,119.417906
1.519911,120.406325
1.629751,121.548025
1.747528,122.867554
1.873817,124.393595
2.009233,126.159697
2.154435,128.205142
2.310130,130.575952
2.477076,133.326042
2.656088,136.518524
2.848036,140.227125
3.053856,144.537637
3.274549,149.549238
3.511192,155.375387
3.764936,162.143800
4.037017,169.994682
4.328761,179.076039
4.641589,189.534429
4.977024,201.499348
5.336699,215.059860
5.722368,230.234199
6.135907,246.937787
6.579332,264.962940
7.054802,283.991927
7.564633,303.666550
8.111308,323.721090
8.697490,344.147678
9.326033,365.320512
10.000000,387.990502
10.722672,413.093684
11.497570,441.384664
12.328467,473.006340
13.219411,507.260638
14.174742,542.966727
15.199111,579.519227
16.297508,617.874022
17.475284,660.113927
18.738174,707.369525
20.092330,758.244832
21.544347,810.722170
23.101297,866.060300
24.770764,927.516208
26.560878,994.231611
28.480359,1063.333937
30.538555,1137.990511
32.745492,1219.949265
35.111917,1305.391033
37.649358,1398.351489
40.370173,1498.109474
43.287613,1604.071821
46.415888,1719.054356
49.770236,1841.076467
53.366992,1972.748763
57.223677,2113.882022
61.359073,2264.436495
65.793322,2426.858457
70.548023,2600.835774
75.646333,2786.944855
81.113083,2986.539543
86.974900,3200.703401
93.260335,3430.420375
100.000000,3676.797798
