2.823264,0.000000
0.100000,28.240891
0.107227,28.242127
0.114976,28.243548
0.123285,28.245183
0.132194,28.247062
0.141747,28.249222
0.151991,28.251707
0.162975,28.254563
0.174753,28.257848
0.187382,28.261624
0.200923,28.265967
0.215443,28.270960
0.231013,28.276702
0.247708,28.283305
0.265609,28.290897
0.284804,28.299628
0.305386,28.309669
0.327455,28.321216
0.351119,28.334495
0.376494,28.349768
0.403702,28.367334
0.432876,28.387539
0.464159,28.410780
0.497702,28.437515
0.533670,28.468273
0.572237,28.503661
0.613591,28.544381
0.657933,28.591241
0.705480,28.645175
0.756463,28.707259
0.811131,28.778738
0.869749,28.861050
0.932603,28.955858
1.000000,29.065087
1.072267,29.190966
1.149757,29.336083
1.232847,29.503439
1.321941,29.696525
1.417474,29.919400
1.519911,30.176798
1.629751,30.474241
1.747528,30.818184
1.873817,31.216179
2.009233,31.677082
2.154435,32.211277
2.310130,32.830962
2.477076,33.550465
2.656088,34.386604
2.848036,35.359088
3.053856,36.490928
3.274549,37.808824
3.511192,39.343440
3.764936,41.129428
4.037017,43.204982
4.328761,45.610568
4.641589,48.386357
4.977024,51.567829
5.336699,55.179100
5.722368,59.224162
6.135907,63.677570
6.579332,68.478485
7.054802,73.534440
7.564633,78.741588
8.111308,84.023153
8.697490,89.376467
9.326033,94.906921
10.000000,100.824139
10.722672,107.386374
11.497570,114.798832
12.328467,123.098216
13.219411,132.095526
14.174742,141.477850
15.199111,151.089768
16.297508,161.180340
17.475284,172.272659
18.738174,184.635170
20.092330,197.928981
21.544347,211.713078
23.101297,226.315223
24.770764,242.427684
26.560878,259.820237
28.480359,278.002460
30.538555,297.674943
32.745492,319.028983
35.111917,341.519034
37.649358,365.932189
40.370173,391.988551
43.287613,419.931456
46.415888,449.931271
49.770236,482.085162
53.366992,516.516828
57.223677,553.546285
61.359073,593.137617
65.793322,635.625131
70.548023,681.225120
75.646333,730.103831
81.113083,782.500175
86.974900,838.682367
93.260335,898.926979
100.000000,963.523583
