0.00100000 
0.12954778 
0.25809556 
0.38664333 
0.51519111 
0.64373889 
0.77228667 
0.90083444 
1.02938222 
1.15793000 
1.28647778 
1.41502556 
1.54357333 
1.67212111 
1.80066889 
1.92921667 
2.05776444 
2.18631222 
2.31486000 
2.44340778 
2.57195556 
2.70050333 
2.82905111 
2.95759889 
3.08614667 
3.21469444 
3.34324222 
3.47179000 
3.60033778 
3.72888556 
3.85743333 
3.98598111 
4.11452889 
4.24307667 
4.37162444 
4.50017222 
4.62872000 
4.75726778 
4.88581556 
5.01436333 
5.14291111 
5.27145889 
5.40000667 
5.52855444 
5.65710222 
5.78565000 
