0.00100000 
0.20097778 
0.40095556 
0.60093333 
0.80091111 
1.00088889 
1.20086667 
1.40084444 
1.60082222 
1.80080000 
2.00077778 
2.20075556 
2.40073333 
2.60071111 
2.80068889 
3.00066667 
3.20064444 
3.40062222 
3.60060000 
3.80057778 
4.00055556 
4.20053333 
4.40051111 
4.60048889 
4.80046667 
5.00044444 
5.20042222 
5.40040000 
5.60037778 
5.80035556 
6.00033333 
6.20031111 
6.40028889 
6.60026667 
6.80024444 
7.00022222 
7.20020000 
7.40017778 
7.60015556 
7.80013333 
8.00011111 
8.20008889 
8.40006667 
8.60004444 
8.80002222 
9.00000000 
