0.01
0.01122
0.01259
0.01413
0.01585
0.01778
0.01995
0.02239
0.02512
0.02818
0.03162
0.03548
0.03981
0.04467
0.05012
0.05623
0.0631
0.07079
0.07943
0.08913
0.1
0.1122
0.1259
0.1413
0.1585
0.1778
0.1995
0.2239
0.2512
0.2818
0.3162
0.3548
0.3981
0.4467
0.5012
0.5623
0.631
0.7079
0.7943
0.8913
1
1.122
1.259
1.413
1.585
1.778
1.995
2.239
2.512
2.818
3.162
3.548
3.981
4.467
5.012
5.623
6.31
7.079
7.943
8.913
10
11.22
12.59
14.13
15.85
17.78
19.95
22.39
25.12
28.18
31.62
35.48
39.81
44.67
50.12
56.23
63.1
70.79
79.43
89.13
100
112.2
125.9
141.3
158.5
177.8
199.5
223.9
251.2
281.8
316.2
354.8
398.1
446.7
501.2
562.3
631
707.9
794.3
891.3
1000
