-0.11445,0
-1,2.8064
-0.99005,2.8162
-0.9801,2.8257
-0.97015,2.835
-0.9602,2.8439
-0.95025,2.8526
-0.9403,2.861
-0.93035,2.8692
-0.9204,2.877
-0.91045,2.8846
-0.9005,2.8919
-0.89055,2.8989
-0.8806,2.9057
-0.87065,2.9122
-0.8607,2.9184
-0.85075,2.9244
-0.8408,2.9302
-0.83085,2.9356
-0.8209,2.9409
-0.81095,2.9459
-0.801,2.9506
-0.79105,2.9551
-0.7811,2.9594
-0.77115,2.9634
-0.7612,2.9672
-0.75125,2.9707
-0.7413,2.974
-0.73135,2.9771
-0.7214,2.9799
-0.71145,2.9826
-0.7015,2.985
-0.69155,2.9871
-0.6816,2.989
-0.67165,2.9908
-0.6617,2.9922
-0.65175,2.9935
-0.6418,2.9945
-0.63185,2.9953
-0.6219,2.9959
-0.61195,2.9962
-0.602,2.9963
-0.59205,2.9962
-0.5821,2.9959
-0.57215,2.9953
-0.5622,2.9944
-0.55225,2.9933
-0.5423,2.992
-0.53235,2.9904
-0.5224,2.9886
-0.51245,2.9865
-0.5025,2.9841
-0.49255,2.9815
-0.4826,2.9786
-0.47265,2.9754
-0.4627,2.9719
-0.45275,2.9681
-0.4428,2.9639
-0.43285,2.9595
-0.4229,2.9547
-0.41295,2.9496
-0.403,2.9441
-0.39305,2.9382
-0.3831,2.9319
-0.37315,2.9252
-0.3632,2.9181
-0.35325,2.9105
-0.3433,2.9025
-0.33335,2.8939
-0.3234,2.8848
-0.31345,2.8751
-0.3035,2.8648
-0.29355,2.8539
-0.2836,2.8422
-0.27365,2.8298
-0.2637,2.8167
-0.25375,2.8026
-0.2438,2.7876
-0.23385,2.7716
-0.2239,2.7545
-0.21395,2.7362
-0.204,2.7166
-0.19405,2.6954
-0.1841,2.6727
-0.17415,2.6481
-0.1642,2.6214
-0.15425,2.5925
-0.1443,2.5609
-0.13435,2.5263
-0.1244,2.4881
-0.11445,2.4461
-0.1045,2.4033
-0.09455,2.3614
-0.0846,2.3202
-0.07465,2.2799
-0.0647,2.2403
-0.05475,2.2015
-0.0448,2.1633
-0.03485,2.1259
-0.0249,2.0891
-0.01495,2.053
-0.005,2.0176
0.00495,1.9828
0.0149,1.9485
0.02485,1.9149
0.0348,1.8819
0.04475,1.8494
0.0547,1.8175
0.06465,1.7861
0.0746,1.7552
0.08455,1.7249
0.0945,1.695
0.10445,1.6657
0.1144,1.6368
0.12435,1.6084
0.1343,1.5804
0.14425,1.5529
0.1542,1.5259
0.16415,1.4992
0.1741,1.473
0.18405,1.4472
0.194,1.4217
0.20395,1.3967
0.2139,1.3721
0.22385,1.3478
0.2338,1.3239
0.24375,1.3003
0.2537,1.2771
0.26365,1.2543
0.2736,1.2318
0.28355,1.2096
0.2935,1.1877
0.30345,1.1662
0.3134,1.145
0.32335,1.1241
0.3333,1.1035
0.34325,1.0832
0.3532,1.0632
0.36315,1.0435
0.3731,1.024
0.38305,1.0049
0.393,0.98601
0.40295,0.9674
0.4129,0.94906
0.42285,0.93098
0.4328,0.91316
0.44275,0.8956
0.4527,0.8783
0.46265,0.86124
0.4726,0.84443
0.48255,0.82786
0.4925,0.81153
0.50245,0.79544
0.5124,0.77958
0.52235,0.76395
0.5323,0.74856
0.54225,0.73339
0.5522,0.71845
0.56215,0.70372
0.5721,0.68922
0.58205,0.67494
0.592,0.66087
0.60195,0.64702
0.6119,0.63338
0.62185,0.61995
0.6318,0.60673
0.64175,0.59372
0.6517,0.58091
0.66165,0.56831
0.6716,0.55591
0.68155,0.5437
0.6915,0.5317
0.70145,0.5199
0.7114,0.50829
0.72135,0.49687
0.7313,0.48565
0.74125,0.47462
0.7512,0.46378
0.76115,0.45313
0.7711,0.44267
0.78105,0.43239
0.791,0.42229
0.80095,0.41238
0.8109,0.40265
0.82085,0.3931
0.8308,0.38373
0.84075,0.37453
0.8507,0.36551
0.86065,0.35666
0.8706,0.34799
0.88055,0.33948
0.8905,0.33114
0.90045,0.32297
0.9104,0.31496
0.92035,0.30712
0.9303,0.29944
0.94025,0.29192
0.9502,0.28455
0.96015,0.27735
0.9701,0.27029
0.98005,0.26339
0.99,0.25664
