-0.1244,0
-1,3.2608
-0.99005,3.2628
-0.9801,3.2647
-0.97015,3.2666
-0.9602,3.2683
-0.95025,3.2699
-0.9403,3.2714
-0.93035,3.2728
-0.9204,3.2741
-0.91045,3.2753
-0.9005,3.2764
-0.89055,3.2773
-0.8806,3.2782
-0.87065,3.2789
-0.8607,3.2795
-0.85075,3.28
-0.8408,3.2804
-0.83085,3.2806
-0.8209,3.2807
-0.81095,3.2807
-0.801,3.2806
-0.79105,3.2803
-0.7811,3.2799
-0.77115,3.2793
-0.7612,3.2786
-0.75125,3.2778
-0.7413,3.2768
-0.73135,3.2756
-0.7214,3.2743
-0.71145,3.2728
-0.7015,3.2712
-0.69155,3.2694
-0.6816,3.2675
-0.67165,3.2653
-0.6617,3.263
-0.65175,3.2605
-0.6418,3.2578
-0.63185,3.255
-0.6219,3.2519
-0.61195,3.2486
-0.602,3.2451
-0.59205,3.2414
-0.5821,3.2375
-0.57215,3.2334
-0.5622,3.229
-0.55225,3.2243
-0.5423,3.2195
-0.53235,3.2143
-0.5224,3.2089
-0.51245,3.2032
-0.5025,3.1972
-0.49255,3.191
-0.4826,3.1844
-0.47265,3.1775
-0.4627,3.1702
-0.45275,3.1626
-0.4428,3.1547
-0.43285,3.1463
-0.4229,3.1376
-0.41295,3.1284
-0.403,3.1188
-0.39305,3.1088
-0.3831,3.0982
-0.37315,3.0872
-0.3632,3.0757
-0.35325,3.0635
-0.3433,3.0508
-0.33335,3.0375
-0.3234,3.0235
-0.31345,3.0088
-0.3035,2.9933
-0.29355,2.977
-0.2836,2.9599
-0.27365,2.9419
-0.2637,2.9229
-0.25375,2.9029
-0.2438,2.8817
-0.23385,2.8592
-0.2239,2.8355
-0.21395,2.8103
-0.204,2.7834
-0.19405,2.7549
-0.1841,2.7244
-0.17415,2.6917
-0.1642,2.6567
-0.15425,2.6189
-0.1443,2.5782
-0.13435,2.5341
-0.1244,2.4897
-0.11445,2.4461
-0.1045,2.4033
-0.09455,2.3614
-0.0846,2.3202
-0.07465,2.2799
-0.0647,2.2403
-0.05475,2.2015
-0.0448,2.1633
-0.03485,2.1259
-0.0249,2.0891
-0.01495,2.053
-0.005,2.0176
0.00495,1.9828
0.0149,1.9485
0.02485,1.9149
0.0348,1.8819
0.04475,1.8494
0.0547,1.8175
0.06465,1.7861
0.0746,1.7552
0.08455,1.7249
0.0945,1.695
0.10445,1.6657
0.1144,1.6368
0.12435,1.6084
0.1343,1.5804
0.14425,1.5529
0.1542,1.5259
0.16415,1.4992
0.1741,1.473
0.18405,1.4472
0.194,1.4217
0.20395,1.3967
0.2139,1.3721
0.22385,1.3478
0.2338,1.3239
0.24375,1.3003
0.2537,1.2771
0.26365,1.2543
0.2736,1.2318
0.28355,1.2096
0.2935,1.1877
0.30345,1.1662
0.3134,1.145
0.32335,1.1241
0.3333,1.1035
0.34325,1.0832
0.3532,1.0632
0.36315,1.0435
0.3731,1.024
0.38305,1.0049
0.393,0.98601
0.40295,0.9674
0.4129,0.94906
0.42285,0.93098
0.4328,0.91316
0.44275,0.8956
0.4527,0.8783
0.46265,0.86124
0.4726,0.84443
0.48255,0.82786
0.4925,0.81153
0.50245,0.79544
0.5124,0.77958
0.52235,0.76395
0.5323,0.74856
0.54225,0.73339
0.5522,0.71845
0.56215,0.70372
0.5721,0.68922
0.58205,0.67494
0.592,0.66087
0.60195,0.64702
0.6119,0.63338
0.62185,0.61995
0.6318,0.60673
0.64175,0.59372
0.6517,0.58091
0.66165,0.56831
0.6716,0.55591
0.68155,0.5437
0.6915,0.5317
0.70145,0.5199
0.7114,0.50829
0.72135,0.49687
0.7313,0.48565
0.74125,0.47462
0.7512,0.46378
0.76115,0.45313
0.7711,0.44267
0.78105,0.43239
0.791,0.42229
0.80095,0.41238
0.8109,0.40265
0.82085,0.3931
0.8308,0.38373
0.84075,0.37453
0.8507,0.36551
0.86065,0.35666
0.8706,0.34799
0.88055,0.33948
0.8905,0.33114
0.90045,0.32297
0.9104,0.31496
0.92035,0.30712
0.9303,0.29944
0.94025,0.29192
0.9502,0.28455
0.96015,0.27735
0.9701,0.27029
0.98005,0.26339
0.99,0.25664
