eps	lam	MFchiG	SECONDODT	FIRSTODT	REMIXchiG	MAXchiG	Melting
0.01	-1	2.80636	NaN		5.956		NaN		15.936	4.6772
0.01	-0.75	2.971132		NaN		6.5772		NaN	14.5285	5.6452
0.01	-0.5	2.983486		7		7.1552		NaN	13.0285	6.9355
0.01	-0.25	2.797081		4.7795		8.1368		NaN	11.807	7.5808
0.01	0	2			3.146		8.717		NaN	10.8055	7.90325
0.01	0.25	1.285713		2.0185		NaN		NaN	9.8265	NaN
0.1	-1	3.260775		NaN		11.013		NaN	15.741	9.9195
0.1	-0.75	3.277637		9.1995		10.7035		NaN	14.46	9.9195
0.1	-0.5	3.195691		7.1195		11.3213		NaN	13.216	9.9195
0.1	-0.25	2.895015		4.7645		NaN		NaN	11.6665	NaN
0.1	0	2			3.287		NaN		4.3839	10.567	NaN
0.1	0.25	1.285713		2.24		NaN		3.9764	9.668	NaN
1	-1	5.490755		12.341		13.3637		NaN	23.2515	12.339
1	-0.75	4.901976		10.892		12.4258		NaN	21.833	12.339
1	-0.5	4.16903			8.5057		NaN		NaN	20.417	NaN
1	-0.25	3.122316		6.565		NaN		NaN	19.1305	NaN
1	0	2			4.362		NaN		3.7549	10.3395	NaN
1	0.25	1.285713		2.4685		NaN		3.2474	9.2575	NaN