0.00100000 
0.41085778 
0.82071556 
1.23057333 
1.64043111 
2.05028889 
2.46014667 
2.87000444 
3.27986222 
3.68972000 
4.09957778 
4.50943556 
4.91929333 
5.32915111 
5.73900889 
6.14886667 
6.55872444 
6.96858222 
7.37844000 
7.78829778 
8.19815556 
8.60801333 
9.01787111 
9.42772889 
9.83758667 
10.24744444 
10.65730222 
11.06716000 
11.47701778 
11.88687556 
12.29673333 
12.70659111 
13.11644889 
13.52630667 
13.93616444 
14.34602222 
14.75588000 
15.16573778 
15.57559556 
15.98545333 
16.39531111 
16.80516889 
17.21502667 
17.62488444 
18.03474222 
18.44460000 
