0.00100000 
0.31468778 
0.62837556 
0.94206333 
1.25575111 
1.56943889 
1.88312667 
2.19681444 
2.51050222 
2.82419000 
3.13787778 
3.45156556 
3.76525333 
4.07894111 
4.39262889 
4.70631667 
5.02000444 
5.33369222 
5.64738000 
5.96106778 
6.27475556 
6.58844333 
6.90213111 
7.21581889 
7.52950667 
7.84319444 
8.15688222 
8.47057000 
8.78425778 
9.09794556 
9.41163333 
9.72532111 
10.03900889 
10.35269667 
10.66638444 
10.98007222 
11.29376000 
11.60744778 
11.92113556 
12.23482333 
12.54851111 
12.86219889 
13.17588667 
13.48957444 
13.80326222 
14.11695000 
