0.62832,6.1657
0.88858,12.417
1.0883,18.736
1.2566,63.055
1.405,86.431
1.5391,117.64
1.7772,29.116
1.885,19.043
1.9869,17.622
2.0839,11.13
2.1766,7.4216
2.2654,6.8042
2.351,5.068
2.5133,4.6369
2.5906,3.3116
2.6657,3.1828
2.7388,2.6275
2.8099,2.4305
2.8793,2.196
2.9471,1.8073
3.0781,1.413
3.1416,1.4598
3.2038,1.1531
3.2648,1.0248
3.3836,0.92706
3.4414,0.94304
3.5543,0.69974
3.6094,0.76285
3.6637,0.70864
3.7172,0.66493
3.7699,0.62447
3.8219,0.67367
3.8732,0.62133
3.9738,0.60686
4.0232,0.60453
4.072,0.53743
4.1202,0.50616
4.1678,0.45618
4.2149,0.46342
4.2615,0.53364
4.3531,0.46196
4.3982,0.46039
4.4429,0.41936
4.4871,0.45702
4.5309,0.39314
4.5742,0.40983
4.6172,0.37971
4.7019,0.36671
4.7437,0.34077
4.7851,0.37138
4.8262,0.3413
4.9073,0.28951
4.9474,0.31592
5.0265,0.3529
5.0657,0.3174
5.1045,0.28737
5.143,0.26402
5.1812,0.29279
5.2192,0.28393
5.2569,0.24105
5.3315,0.2827
5.3684,0.26914
5.405,0.25663
5.4414,0.27106
5.4776,0.24359
5.5135,0.25943
5.5492,0.21624
5.6199,0.2448
5.6549,0.23802
5.6897,0.24537
5.7243,0.2358
5.7586,0.2187
5.7928,0.24078
5.8268,0.25999
5.8942,0.18782
5.9275,0.22545
5.9608,0.2243
5.9938,0.22826
6.0593,0.20469
6.0918,0.20863
6.1562,0.20871
6.1882,0.19485
6.22,0.19869
6.2517,0.21541
6.2832,0.21332
6.3145,0.22243
6.3457,0.2111
6.4076,0.20855
6.4383,0.20432
6.4689,0.20325
6.4994,0.19483
6.5297,0.18691
6.5598,0.19401
6.5899,0.1881
6.6791,0.19975
6.7086,0.17891
6.738,0.18455
6.7672,0.2023
6.7963,0.1854
6.8253,0.18504
6.8829,0.22398
6.9115,0.18451
6.94,0.1761
6.9684,0.2073
7.0248,0.19302
7.0529,0.19537
7.1086,0.20643
7.1363,0.17948
7.1639,0.16514
7.1914,0.17474
7.2188,0.19592
7.2461,0.16018
7.2733,0.18826
7.3274,0.16622
7.3543,0.20101
7.3811,0.16206
7.4078,0.16429
7.4344,0.18197
7.4609,0.17824
7.4873,0.12411
7.566,0.17965
7.592,0.18443
7.618,0.17014
7.6696,0.16615
7.6953,0.18081
7.7719,0.17987
7.7972,0.16997
7.8225,0.15824
7.8978,0.16789
7.9725,0.18394
8.0218,0.13488
8.0464,0.18969
8.0709,0.17394
8.0953,0.15404
8.1439,0.16989
8.1923,0.1632
8.2403,0.166
8.2642,0.17289
8.3828,0.15906
8.4063,0.17776
8.4532,0.12695
8.4765,0.19612
8.5461,0.17054
8.638,0.1687
8.7062,0.14725
8.7515,0.15726
8.8189,0.15123
8.8412,0.17691
8.9742,0.19044
9.0181,0.19266
9.17,0.15419
9.2557,0.18177
9.4248,0.16063
9.4457,0.14913
9.4457,0.16235
