0.62832,5.4275
0.88858,10.188
1.0883,50.508
1.2566,103.8
1.405,136.38
1.5391,106.27
1.7772,31.444
1.885,18.846
1.9869,17.252
2.0839,12.006
2.1766,8.8618
2.2654,6.5026
2.351,5.2491
2.5133,5.6387
2.5906,3.7351
2.6657,3.4258
2.7388,2.5991
2.8099,2.6908
2.8793,2.2878
2.9471,1.5922
3.0781,1.1969
3.1416,1.3886
3.2038,1.2065
3.2648,1.0806
3.3836,0.86992
3.4414,0.96781
3.5543,0.78042
3.6094,0.74517
3.6637,0.73724
3.7172,0.73269
3.7699,0.79416
3.8219,0.86393
3.8732,0.62916
3.9738,0.6864
4.0232,0.62521
4.072,0.56788
4.1202,0.53322
4.1678,0.59026
4.2149,0.54617
4.2615,0.59006
4.3531,0.51106
4.3982,0.54357
4.4429,0.52302
4.4871,0.50252
4.5309,0.4199
4.5742,0.50078
4.6172,0.43484
4.7019,0.37436
4.7437,0.37208
4.7851,0.38815
4.8262,0.39169
4.9073,0.30745
4.9474,0.33071
5.0265,0.41625
5.0657,0.33017
5.1045,0.30343
5.143,0.28683
5.1812,0.30419
5.2192,0.29212
5.2569,0.25992
5.3315,0.28282
5.3684,0.2964
5.405,0.26386
5.4414,0.24269
5.4776,0.25617
5.5135,0.25964
5.5492,0.24328
5.6199,0.2447
5.6549,0.25201
5.6897,0.29036
5.7243,0.25844
5.7586,0.23315
5.7928,0.23397
5.8268,0.24305
5.8942,0.20939
5.9275,0.21131
5.9608,0.23155
5.9938,0.23297
6.0593,0.20469
6.0918,0.23041
6.1562,0.18696
6.1882,0.1863
6.22,0.20428
6.2517,0.19599
6.2832,0.2469
6.3145,0.21847
6.3457,0.2037
6.4076,0.22715
6.4383,0.21626
6.4689,0.20499
6.4994,0.19815
6.5297,0.18515
6.5598,0.19471
6.5899,0.20779
6.6791,0.20249
6.7086,0.18936
6.738,0.17548
6.7672,0.18889
6.7963,0.1962
6.8253,0.17077
6.8829,0.21112
6.9115,0.17268
6.94,0.18063
6.9684,0.14968
7.0248,0.1945
7.0529,0.17984
7.1086,0.16546
7.1363,0.16744
7.1639,0.18266
7.1914,0.15999
7.2188,0.18586
7.2461,0.195
7.2733,0.17999
7.3274,0.17448
7.3543,0.19824
7.3811,0.15373
7.4078,0.15642
7.4344,0.18547
7.4609,0.17848
7.4873,0.1751
7.566,0.15675
7.592,0.16643
7.618,0.15371
7.6696,0.16707
7.6953,0.18638
7.7719,0.1943
7.7972,0.17931
7.8225,0.17003
7.8978,0.1725
7.9725,0.17368
8.0218,0.15909
8.0464,0.157
8.0709,0.18315
8.0953,0.13576
8.1439,0.15962
8.1923,0.16337
8.2403,0.16866
8.2642,0.14396
8.3828,0.16017
8.4063,0.1437
8.4532,0.17977
8.4765,0.16525
8.5461,0.13825
8.638,0.15176
8.7062,0.13385
8.7515,0.15784
8.8189,0.14043
8.8412,0.15067
8.9742,0.16257
9.0181,0.14064
9.17,0.14103
9.2557,0.14635
9.4248,0.1594
9.4457,0.14837
9.4457,0.16317
