0.62832,12.403
0.88858,22.267
1.0883,44.379
1.2566,55.244
1.405,47.591
1.5391,34.555
1.7772,14.088
1.885,10.686
1.9869,7.6851
2.0839,6.0479
2.1766,4.8576
2.2654,4.7576
2.351,3.4599
2.5133,2.7064
2.5906,2.4743
2.6657,2.3126
2.7388,1.7833
2.8099,1.763
2.8793,1.5679
2.9471,1.4758
3.0781,1.2024
3.1416,1.1636
3.2038,1.068
3.2648,1.0683
3.3836,0.9047
3.4414,0.76679
3.5543,0.83618
3.6094,0.77247
3.6637,0.73699
3.7172,0.68992
3.7699,0.67203
3.8219,0.67334
3.8732,0.6177
3.9738,0.52188
4.0232,0.57434
4.072,0.57705
4.1202,0.55831
4.1678,0.55008
4.2149,0.52324
4.2615,0.52469
4.3531,0.45934
4.3982,0.45638
4.4429,0.43036
4.4871,0.47457
4.5309,0.43913
4.5742,0.41078
4.6172,0.42014
4.7019,0.40112
4.7437,0.39896
4.7851,0.41535
4.8262,0.37285
4.9073,0.37822
4.9474,0.34504
5.0265,0.34266
5.0657,0.36591
5.1045,0.353
5.143,0.34419
5.1812,0.30638
5.2192,0.33095
5.2569,0.33197
5.3315,0.30187
5.3684,0.33399
5.405,0.3173
5.4414,0.27205
5.4776,0.29607
5.5135,0.30574
5.5492,0.30886
5.6199,0.29942
5.6549,0.28286
5.6897,0.29889
5.7243,0.26323
5.7586,0.28866
5.7928,0.27819
5.8268,0.2873
5.8942,0.25051
5.9275,0.27227
5.9608,0.2806
5.9938,0.27802
6.0593,0.26488
6.0918,0.26857
6.1562,0.29082
6.1882,0.23909
6.22,0.24568
6.2517,0.26243
6.2832,0.22924
6.3145,0.25752
6.3457,0.24283
6.4076,0.24361
6.4383,0.23242
6.4689,0.24356
6.4994,0.25491
6.5297,0.20593
6.5598,0.24108
6.5899,0.2354
6.6791,0.23636
6.7086,0.22145
6.738,0.26071
6.7672,0.24382
6.7963,0.2255
6.8253,0.21788
6.8829,0.24342
6.9115,0.20966
6.94,0.2249
6.9684,0.18837
7.0248,0.22356
7.0529,0.23476
7.1086,0.2138
7.1363,0.20909
7.1639,0.18858
7.1914,0.20563
7.2188,0.1941
7.2461,0.20518
7.2733,0.21566
7.3274,0.20643
7.3543,0.19711
7.3811,0.18663
7.4078,0.21189
7.4344,0.19039
7.4609,0.21534
7.4873,0.21402
7.566,0.21104
7.592,0.18168
7.618,0.19486
7.6696,0.18791
7.6953,0.18358
7.7719,0.20111
7.7972,0.18993
7.8225,0.23193
7.8978,0.2028
7.9725,0.21765
8.0218,0.17062
8.0464,0.22288
8.0709,0.21792
8.0953,0.16316
8.1439,0.18177
8.1923,0.17206
8.2403,0.19597
8.2642,0.18981
8.3828,0.15249
8.4063,0.17967
8.4532,0.19531
8.4765,0.16658
8.5461,0.1686
8.638,0.17486
8.7062,0.21273
8.7515,0.1645
8.8189,0.13496
8.8412,0.17794
8.9742,0.18449
9.0181,0.1534
9.17,0.16936
9.2557,0.17379
9.4248,0.18281
9.4457,0.19775
9.4457,0.19313
