0.62832,8.9381
0.88858,16.966
1.0883,36.141
1.2566,63.906
1.405,68.697
1.5391,47.192
1.7772,17.806
1.885,12.168
1.9869,9.1742
2.0839,7.7661
2.1766,6.4325
2.2654,5.0861
2.351,4.1215
2.5133,2.9489
2.5906,2.7049
2.6657,2.2833
2.7388,1.8499
2.8099,1.7712
2.8793,1.5774
2.9471,1.3686
3.0781,1.3433
3.1416,1.1474
3.2038,1.113
3.2648,1.0354
3.3836,0.96001
3.4414,0.91464
3.5543,0.83129
3.6094,0.7187
3.6637,0.7808
3.7172,0.65212
3.7699,0.71282
3.8219,0.67908
3.8732,0.59947
3.9738,0.58897
4.0232,0.56468
4.072,0.52196
4.1202,0.51577
4.1678,0.51658
4.2149,0.49898
4.2615,0.48282
4.3531,0.49881
4.3982,0.46182
4.4429,0.45298
4.4871,0.42903
4.5309,0.41308
4.5742,0.44087
4.6172,0.39407
4.7019,0.37215
4.7437,0.3553
4.7851,0.36939
4.8262,0.36227
4.9073,0.34495
4.9474,0.33691
5.0265,0.35673
5.0657,0.33526
5.1045,0.33523
5.143,0.35284
5.1812,0.34662
5.2192,0.31937
5.2569,0.30528
5.3315,0.31148
5.3684,0.2851
5.405,0.30361
5.4414,0.29205
5.4776,0.27006
5.5135,0.27247
5.5492,0.28413
5.6199,0.26852
5.6549,0.26169
5.6897,0.28051
5.7243,0.25648
5.7586,0.25479
5.7928,0.27254
5.8268,0.2757
5.8942,0.23311
5.9275,0.25874
5.9608,0.26837
5.9938,0.26427
6.0593,0.27454
6.0918,0.2516
6.1562,0.25
6.1882,0.21921
6.22,0.23153
6.2517,0.21794
6.2832,0.24214
6.3145,0.24153
6.3457,0.24094
6.4076,0.26626
6.4383,0.22233
6.4689,0.23459
6.4994,0.23324
6.5297,0.20172
6.5598,0.21457
6.5899,0.21439
6.6791,0.22085
6.7086,0.22661
6.738,0.22285
6.7672,0.22419
6.7963,0.21231
6.8253,0.18785
6.8829,0.23166
6.9115,0.20823
6.94,0.17396
6.9684,0.21041
7.0248,0.21375
7.0529,0.20782
7.1086,0.21758
7.1363,0.19178
7.1639,0.21738
7.1914,0.21754
7.2188,0.17335
7.2461,0.20675
7.2733,0.18173
7.3274,0.20811
7.3543,0.20495
7.3811,0.18472
7.4078,0.19497
7.4344,0.20903
7.4609,0.22918
7.4873,0.17444
7.566,0.20538
7.592,0.19775
7.618,0.17242
7.6696,0.18565
7.6953,0.17436
7.7719,0.1612
7.7972,0.1899
7.8225,0.19324
7.8978,0.192
7.9725,0.18438
8.0218,0.18104
8.0464,0.18126
8.0709,0.16646
8.0953,0.16556
8.1439,0.20058
8.1923,0.17607
8.2403,0.16848
8.2642,0.17297
8.3828,0.18385
8.4063,0.17874
8.4532,0.21717
8.4765,0.16997
8.5461,0.20191
8.638,0.16982
8.7062,0.17484
8.7515,0.17472
8.8189,0.16889
8.8412,0.19992
8.9742,0.16214
9.0181,0.20387
9.17,0.1894
9.2557,0.15602
9.4248,0.16283
9.4457,0.14496
9.4457,0.14772
