0.62832,5.5354
0.88858,11.2
1.0883,19.16
1.2566,61.5
1.405,86.314
1.5391,102.38
1.7772,24.313
1.885,20.219
1.9869,15.7
2.0839,11.955
2.1766,6.2557
2.2654,6.2109
2.351,5.0566
2.5133,4.8918
2.5906,3.4019
2.6657,3.1598
2.7388,2.8014
2.8099,2.2656
2.8793,2.0131
2.9471,1.7289
3.0781,1.3872
3.1416,1.3094
3.2038,1.1707
3.2648,0.99298
3.3836,0.95205
3.4414,0.84666
3.5543,0.72418
3.6094,0.70753
3.6637,0.65837
3.7172,0.6664
3.7699,0.64259
3.8219,0.62484
3.8732,0.55245
3.9738,0.55401
4.0232,0.54038
4.072,0.50403
4.1202,0.50577
4.1678,0.50755
4.2149,0.48536
4.2615,0.45211
4.3531,0.37521
4.3982,0.43386
4.4429,0.44404
4.4871,0.4327
4.5309,0.43434
4.5742,0.40849
4.6172,0.3861
4.7019,0.34822
4.7437,0.36865
4.7851,0.34681
4.8262,0.33089
4.9073,0.31827
4.9474,0.30705
5.0265,0.35133
5.0657,0.30005
5.1045,0.28503
5.143,0.28436
5.1812,0.2984
5.2192,0.29014
5.2569,0.23711
5.3315,0.2402
5.3684,0.26555
5.405,0.26485
5.4414,0.26567
5.4776,0.2385
5.5135,0.27324
5.5492,0.24519
5.6199,0.22926
5.6549,0.24793
5.6897,0.24626
5.7243,0.24371
5.7586,0.21559
5.7928,0.23658
5.8268,0.23901
5.8942,0.19513
5.9275,0.22307
5.9608,0.21974
5.9938,0.22071
6.0593,0.20415
6.0918,0.22305
6.1562,0.17374
6.1882,0.20259
6.22,0.21352
6.2517,0.20336
6.2832,0.22936
6.3145,0.22731
6.3457,0.20738
6.4076,0.23129
6.4383,0.2278
6.4689,0.20418
6.4994,0.19816
6.5297,0.23602
6.5598,0.1984
6.5899,0.20886
6.6791,0.20117
6.7086,0.18736
6.738,0.21452
6.7672,0.20633
6.7963,0.19917
6.8253,0.196
6.8829,0.19449
6.9115,0.185
6.94,0.18706
6.9684,0.20782
7.0248,0.186
7.0529,0.18675
7.1086,0.19434
7.1363,0.17209
7.1639,0.17104
7.1914,0.17029
7.2188,0.18454
7.2461,0.16184
7.2733,0.17272
7.3274,0.18178
7.3543,0.19947
7.3811,0.18641
7.4078,0.17542
7.4344,0.16601
7.4609,0.17397
7.4873,0.18588
7.566,0.1806
7.592,0.16684
7.618,0.14532
7.6696,0.1838
7.6953,0.17187
7.7719,0.1781
7.7972,0.16949
7.8225,0.16468
7.8978,0.1693
7.9725,0.17032
8.0218,0.18136
8.0464,0.19039
8.0709,0.16555
8.0953,0.19415
8.1439,0.19456
8.1923,0.16594
8.2403,0.15616
8.2642,0.19277
8.3828,0.15515
8.4063,0.14638
8.4532,0.17315
8.4765,0.19839
8.5461,0.17172
8.638,0.16937
8.7062,0.15159
8.7515,0.15486
8.8189,0.1667
8.8412,0.14723
8.9742,0.16244
9.0181,0.15434
9.17,0.17031
9.2557,0.18918
9.4248,0.15128
9.4457,0.15107
9.4457,0.16451
