0.62832,6.5833
0.88858,14.248
1.0883,28.706
1.2566,55.606
1.405,100.12
1.5391,80.26
1.7772,25.18
1.885,15.181
1.9869,11.487
2.0839,11.37
2.1766,7.3612
2.2654,5.3558
2.351,4.6498
2.5133,3.9394
2.5906,2.8352
2.6657,2.6545
2.7388,2.4822
2.8099,2.3283
2.8793,1.9981
2.9471,1.6483
3.0781,1.3366
3.1416,1.2648
3.2038,1.1305
3.2648,1.0972
3.3836,0.89401
3.4414,0.83436
3.5543,0.76621
3.6094,0.77119
3.6637,0.71269
3.7172,0.66109
3.7699,0.7187
3.8219,0.64234
3.8732,0.598
3.9738,0.56692
4.0232,0.57884
4.072,0.52444
4.1202,0.52577
4.1678,0.51993
4.2149,0.48747
4.2615,0.4884
4.3531,0.46874
4.3982,0.45732
4.4429,0.44164
4.4871,0.43344
4.5309,0.41837
4.5742,0.37981
4.6172,0.40122
4.7019,0.38808
4.7437,0.35249
4.7851,0.39371
4.8262,0.33812
4.9073,0.31392
4.9474,0.32458
5.0265,0.32566
5.0657,0.32722
5.1045,0.29329
5.143,0.2739
5.1812,0.31027
5.2192,0.28234
5.2569,0.30782
5.3315,0.27145
5.3684,0.31958
5.405,0.2798
5.4414,0.23647
5.4776,0.25932
5.5135,0.26246
5.5492,0.26706
5.6199,0.26847
5.6549,0.25258
5.6897,0.26501
5.7243,0.24548
5.7586,0.27579
5.7928,0.24799
5.8268,0.26132
5.8942,0.21491
5.9275,0.23701
5.9608,0.21733
5.9938,0.24394
6.0593,0.20803
6.0918,0.22926
6.1562,0.19318
6.1882,0.22434
6.22,0.22652
6.2517,0.2116
6.2832,0.23142
6.3145,0.22243
6.3457,0.22527
6.4076,0.21711
6.4383,0.20546
6.4689,0.23642
6.4994,0.21044
6.5297,0.19755
6.5598,0.23493
6.5899,0.20401
6.6791,0.20817
6.7086,0.19799
6.738,0.23673
6.7672,0.2134
6.7963,0.21744
6.8253,0.22006
6.8829,0.21471
6.9115,0.1777
6.94,0.19748
6.9684,0.20359
7.0248,0.21915
7.0529,0.22191
7.1086,0.18307
7.1363,0.19656
7.1639,0.1872
7.1914,0.21355
7.2188,0.19043
7.2461,0.19214
7.2733,0.18676
7.3274,0.19869
7.3543,0.19159
7.3811,0.18964
7.4078,0.2106
7.4344,0.16363
7.4609,0.18535
7.4873,0.21673
7.566,0.21351
7.592,0.18445
7.618,0.17144
7.6696,0.19106
7.6953,0.18503
7.7719,0.1685
7.7972,0.18271
7.8225,0.18313
7.8978,0.18004
7.9725,0.17741
8.0218,0.17908
8.0464,0.1864
8.0709,0.19403
8.0953,0.17579
8.1439,0.18778
8.1923,0.18252
8.2403,0.18832
8.2642,0.17481
8.3828,0.14061
8.4063,0.16569
8.4532,0.18503
8.4765,0.18686
8.5461,0.18829
8.638,0.17496
8.7062,0.15968
8.7515,0.15561
8.8189,0.16571
8.8412,0.15719
8.9742,0.15692
9.0181,0.17912
9.17,0.15797
9.2557,0.16659
9.4248,0.16177
9.4457,0.16457
9.4457,0.22898
