0.62832,14.958
0.88858,26.496
1.0883,44.882
1.2566,28.054
1.405,19.714
1.5391,13.664
1.7772,8.2386
1.885,6.4278
1.9869,4.8755
2.0839,4.6341
2.1766,3.2975
2.2654,3.4147
2.351,2.8695
2.5133,2.3543
2.5906,1.9907
2.6657,1.8442
2.7388,1.8571
2.8099,1.597
2.8793,1.4346
2.9471,1.4126
3.0781,1.3415
3.1416,1.1799
3.2038,1.0672
3.2648,1.104
3.3836,0.9172
3.4414,0.78682
3.5543,0.90117
3.6094,0.77988
3.6637,0.71102
3.7172,0.70989
3.7699,0.71143
3.8219,0.71554
3.8732,0.68141
3.9738,0.63385
4.0232,0.58845
4.072,0.60897
4.1202,0.54266
4.1678,0.56737
4.2149,0.56596
4.2615,0.48327
4.3531,0.62801
4.3982,0.52332
4.4429,0.50114
4.4871,0.47212
4.5309,0.44218
4.5742,0.4412
4.6172,0.45223
4.7019,0.46378
4.7437,0.44212
4.7851,0.42192
4.8262,0.42979
4.9073,0.40984
4.9474,0.38746
5.0265,0.37556
5.0657,0.36965
5.1045,0.37652
5.143,0.40704
5.1812,0.36735
5.2192,0.36118
5.2569,0.33304
5.3315,0.34874
5.3684,0.33322
5.405,0.36088
5.4414,0.35798
5.4776,0.29159
5.5135,0.3233
5.5492,0.33753
5.6199,0.33408
5.6549,0.30676
5.6897,0.29013
5.7243,0.30884
5.7586,0.31602
5.7928,0.32397
5.8268,0.29538
5.8942,0.28651
5.9275,0.27876
5.9608,0.28629
5.9938,0.25142
6.0593,0.28785
6.0918,0.30213
6.1562,0.2042
6.1882,0.27213
6.22,0.2584
6.2517,0.2692
6.2832,0.25688
6.3145,0.26358
6.3457,0.26505
6.4076,0.26087
6.4383,0.25842
6.4689,0.25462
6.4994,0.26037
6.5297,0.27156
6.5598,0.23923
6.5899,0.24321
6.6791,0.23509
6.7086,0.24961
6.738,0.25105
6.7672,0.233
6.7963,0.23848
6.8253,0.2463
6.8829,0.23897
6.9115,0.25929
6.94,0.25712
6.9684,0.22786
7.0248,0.23248
7.0529,0.23942
7.1086,0.21415
7.1363,0.24219
7.1639,0.19506
7.1914,0.2195
7.2188,0.24894
7.2461,0.19676
7.2733,0.21414
7.3274,0.19729
7.3543,0.24173
7.3811,0.21574
7.4078,0.22951
7.4344,0.22672
7.4609,0.2211
7.4873,0.18158
7.566,0.20683
7.592,0.2155
7.618,0.25107
7.6696,0.20456
7.6953,0.21257
7.7719,0.20688
7.7972,0.21322
7.8225,0.18773
7.8978,0.20122
7.9725,0.21567
8.0218,0.15748
8.0464,0.18059
8.0709,0.2059
8.0953,0.18592
8.1439,0.21323
8.1923,0.18038
8.2403,0.17462
8.2642,0.20988
8.3828,0.18706
8.4063,0.21396
8.4532,0.18839
8.4765,0.18562
8.5461,0.16168
8.638,0.18786
8.7062,0.14758
8.7515,0.1716
8.8189,0.23297
8.8412,0.19439
8.9742,0.16029
9.0181,0.18097
9.17,0.17433
9.2557,0.15746
9.4248,0.17296
9.4457,0.17902
9.4457,0.15502
