0.62832,6.5941
0.88858,10.906
1.0883,22.038
1.2566,52.881
1.405,91.103
1.5391,89.394
1.7772,26.393
1.885,18.233
1.9869,13.669
2.0839,10.727
2.1766,8.7027
2.2654,6.4515
2.351,4.7637
2.5133,4.3688
2.5906,3.5074
2.6657,2.9744
2.7388,2.47
2.8099,2.3486
2.8793,2.111
2.9471,1.6233
3.0781,1.6958
3.1416,1.2559
3.2038,1.1324
3.2648,1.0828
3.3836,0.93743
3.4414,0.84718
3.5543,0.72779
3.6094,0.71304
3.6637,0.6688
3.7172,0.70206
3.7699,0.6337
3.8219,0.68898
3.8732,0.62189
3.9738,0.55935
4.0232,0.51951
4.072,0.45958
4.1202,0.49417
4.1678,0.4529
4.2149,0.41727
4.2615,0.47447
4.3531,0.47565
4.3982,0.46014
4.4429,0.42294
4.4871,0.39307
4.5309,0.3938
4.5742,0.40601
4.6172,0.3826
4.7019,0.32822
4.7437,0.33796
4.7851,0.33541
4.8262,0.32398
4.9073,0.30417
4.9474,0.30028
5.0265,0.36982
5.0657,0.31343
5.1045,0.29937
5.143,0.25077
5.1812,0.29373
5.2192,0.28637
5.2569,0.25867
5.3315,0.27585
5.3684,0.25117
5.405,0.25528
5.4414,0.25705
5.4776,0.2471
5.5135,0.24427
5.5492,0.24377
5.6199,0.23398
5.6549,0.24137
5.6897,0.26032
5.7243,0.25303
5.7586,0.24643
5.7928,0.2326
5.8268,0.26173
5.8942,0.20115
5.9275,0.22604
5.9608,0.22847
5.9938,0.23321
6.0593,0.21367
6.0918,0.20412
6.1562,0.17257
6.1882,0.20952
6.22,0.21895
6.2517,0.20263
6.2832,0.22924
6.3145,0.21646
6.3457,0.1984
6.4076,0.21913
6.4383,0.23663
6.4689,0.19412
6.4994,0.19903
6.5297,0.19954
6.5598,0.203
6.5899,0.19177
6.6791,0.2102
6.7086,0.20773
6.738,0.19721
6.7672,0.20161
6.7963,0.20324
6.8253,0.19605
6.8829,0.22322
6.9115,0.158
6.94,0.18338
6.9684,0.17921
7.0248,0.187
7.0529,0.19138
7.1086,0.1832
7.1363,0.17724
7.1639,0.20607
7.1914,0.20023
7.2188,0.2141
7.2461,0.18246
7.2733,0.17748
7.3274,0.17285
7.3543,0.17952
7.3811,0.16347
7.4078,0.18322
7.4344,0.17496
7.4609,0.18183
7.4873,0.17682
7.566,0.18556
7.592,0.19986
7.618,0.14141
7.6696,0.17318
7.6953,0.19349
7.7719,0.18789
7.7972,0.18277
7.8225,0.17033
7.8978,0.20006
7.9725,0.18147
8.0218,0.169
8.0464,0.19586
8.0709,0.20122
8.0953,0.15449
8.1439,0.17228
8.1923,0.16603
8.2403,0.19225
8.2642,0.16952
8.3828,0.15704
8.4063,0.16995
8.4532,0.15667
8.4765,0.15167
8.5461,0.19289
8.638,0.16173
8.7062,0.15912
8.7515,0.14954
8.8189,0.17146
8.8412,0.17421
8.9742,0.178
9.0181,0.20761
9.17,0.13014
9.2557,0.15234
9.4248,0.14345
9.4457,0.14005
9.4457,0.18729
