0.62832,14.717
0.88858,26.443
1.0883,53.444
1.2566,38.284
1.405,28.971
1.5391,18.585
1.7772,11.635
1.885,8.2548
1.9869,6.6698
2.0839,4.9961
2.1766,3.8059
2.2654,3.5315
2.351,3.4726
2.5133,2.3194
2.5906,2.1567
2.6657,1.8826
2.7388,1.692
2.8099,1.7729
2.8793,1.4776
2.9471,1.3321
3.0781,1.3087
3.1416,1.1549
3.2038,1.1339
3.2648,1.0419
3.3836,0.91512
3.4414,0.9016
3.5543,0.8956
3.6094,0.81096
3.6637,0.75619
3.7172,0.74085
3.7699,0.67578
3.8219,0.64864
3.8732,0.62885
3.9738,0.58375
4.0232,0.59088
4.072,0.57316
4.1202,0.54826
4.1678,0.53129
4.2149,0.52555
4.2615,0.51407
4.3531,0.57452
4.3982,0.47952
4.4429,0.48323
4.4871,0.50886
4.5309,0.42867
4.5742,0.44943
4.6172,0.45081
4.7019,0.42653
4.7437,0.41256
4.7851,0.42637
4.8262,0.4054
4.9073,0.40334
4.9474,0.37835
5.0265,0.38284
5.0657,0.36628
5.1045,0.36115
5.143,0.36869
5.1812,0.35425
5.2192,0.33537
5.2569,0.34528
5.3315,0.35913
5.3684,0.34938
5.405,0.33943
5.4414,0.30881
5.4776,0.31913
5.5135,0.33495
5.5492,0.34251
5.6199,0.30492
5.6549,0.31134
5.6897,0.31034
5.7243,0.2867
5.7586,0.28593
5.7928,0.30332
5.8268,0.31303
5.8942,0.28366
5.9275,0.28177
5.9608,0.27678
5.9938,0.24755
6.0593,0.29242
6.0918,0.24246
6.1562,0.31267
6.1882,0.26227
6.22,0.2551
6.2517,0.25479
6.2832,0.25547
6.3145,0.25664
6.3457,0.26543
6.4076,0.26301
6.4383,0.2661
6.4689,0.26555
6.4994,0.25161
6.5297,0.25612
6.5598,0.24064
6.5899,0.24358
6.6791,0.2162
6.7086,0.21073
6.738,0.27259
6.7672,0.24946
6.7963,0.24617
6.8253,0.20992
6.8829,0.23481
6.9115,0.25361
6.94,0.22238
6.9684,0.21714
7.0248,0.22865
7.0529,0.23174
7.1086,0.23876
7.1363,0.22399
7.1639,0.19323
7.1914,0.2121
7.2188,0.20423
7.2461,0.19325
7.2733,0.23268
7.3274,0.21567
7.3543,0.25744
7.3811,0.22727
7.4078,0.18427
7.4344,0.20303
7.4609,0.20643
7.4873,0.21002
7.566,0.21278
7.592,0.19862
7.618,0.20255
7.6696,0.21775
7.6953,0.22109
7.7719,0.19627
7.7972,0.18062
7.8225,0.21338
7.8978,0.18726
7.9725,0.21012
8.0218,0.15449
8.0464,0.20044
8.0709,0.20076
8.0953,0.20066
8.1439,0.18191
8.1923,0.19069
8.2403,0.19349
8.2642,0.16312
8.3828,0.16591
8.4063,0.17782
8.4532,0.1937
8.4765,0.22261
8.5461,0.22263
8.638,0.19307
8.7062,0.17016
8.7515,0.2032
8.8189,0.17594
8.8412,0.18343
8.9742,0.20176
9.0181,0.18455
9.17,0.18872
9.2557,0.21935
9.4248,0.1647
9.4457,0.1943
9.4457,0.15839
