0.62832,8.5282
0.88858,17.124
1.0883,36.366
1.2566,62.203
1.405,69.879
1.5391,55.533
1.7772,19.541
1.885,11.368
1.9869,9.7597
2.0839,8.5397
2.1766,6.5395
2.2654,5.2253
2.351,4.4573
2.5133,2.9927
2.5906,2.7672
2.6657,2.3632
2.7388,2.2955
2.8099,1.8304
2.8793,1.7474
2.9471,1.6592
3.0781,1.2902
3.1416,1.1743
3.2038,1.1064
3.2648,1.0013
3.3836,0.92842
3.4414,0.9068
3.5543,0.71361
3.6094,0.70896
3.6637,0.71531
3.7172,0.73118
3.7699,0.58496
3.8219,0.64249
3.8732,0.60697
3.9738,0.55603
4.0232,0.56479
4.072,0.52148
4.1202,0.51585
4.1678,0.51827
4.2149,0.48803
4.2615,0.47006
4.3531,0.53087
4.3982,0.46561
4.4429,0.44127
4.4871,0.4357
4.5309,0.39961
4.5742,0.42014
4.6172,0.38957
4.7019,0.3685
4.7437,0.36254
4.7851,0.37841
4.8262,0.35654
4.9073,0.33246
4.9474,0.35309
5.0265,0.31644
5.0657,0.33649
5.1045,0.31017
5.143,0.32396
5.1812,0.32384
5.2192,0.2964
5.2569,0.31579
5.3315,0.31581
5.3684,0.31645
5.405,0.29395
5.4414,0.28114
5.4776,0.29105
5.5135,0.27385
5.5492,0.26605
5.6199,0.27005
5.6549,0.28056
5.6897,0.27899
5.7243,0.25197
5.7586,0.26404
5.7928,0.25836
5.8268,0.23567
5.8942,0.26886
5.9275,0.25381
5.9608,0.25017
5.9938,0.27017
6.0593,0.23741
6.0918,0.25699
6.1562,0.27969
6.1882,0.24533
6.22,0.23292
6.2517,0.2333
6.2832,0.22741
6.3145,0.22196
6.3457,0.23746
6.4076,0.23168
6.4383,0.22676
6.4689,0.23263
6.4994,0.22495
6.5297,0.25107
6.5598,0.22269
6.5899,0.21848
6.6791,0.23046
6.7086,0.21352
6.738,0.21056
6.7672,0.22011
6.7963,0.20964
6.8253,0.20722
6.8829,0.22303
6.9115,0.20559
6.94,0.20712
6.9684,0.18362
7.0248,0.20885
7.0529,0.22572
7.1086,0.19233
7.1363,0.22126
7.1639,0.21351
7.1914,0.19001
7.2188,0.21378
7.2461,0.22212
7.2733,0.20666
7.3274,0.19779
7.3543,0.20935
7.3811,0.20993
7.4078,0.22668
7.4344,0.18304
7.4609,0.20106
7.4873,0.1968
7.566,0.20017
7.592,0.18926
7.618,0.16518
7.6696,0.19919
7.6953,0.20175
7.7719,0.17395
7.7972,0.19302
7.8225,0.20489
7.8978,0.20124
7.9725,0.16481
8.0218,0.1823
8.0464,0.16019
8.0709,0.17306
8.0953,0.16116
8.1439,0.19519
8.1923,0.18145
8.2403,0.19957
8.2642,0.16355
8.3828,0.16315
8.4063,0.18483
8.4532,0.16645
8.4765,0.16654
8.5461,0.17801
8.638,0.1835
8.7062,0.16611
8.7515,0.17164
8.8189,0.1865
8.8412,0.16595
8.9742,0.16457
9.0181,0.17002
9.17,0.16087
9.2557,0.14732
9.4248,0.18988
9.4457,0.1751
9.4457,0.17718
