0.62832,2.5075
0.88858,1.9915
1.0883,1.6844
1.2566,1.9992
1.405,1.8634
1.5391,1.7955
1.7772,1.5105
1.885,1.4559
1.9869,1.47
2.0839,1.3985
2.1766,0.92656
2.2654,1.2908
2.351,1.1379
2.5133,1.0669
2.5906,1.0932
2.6657,0.96858
2.7388,0.97528
2.8099,1.0191
2.8793,0.98783
2.9471,0.86844
3.0781,0.84962
3.1416,0.8239
3.2038,0.83227
3.2648,0.76473
3.3836,0.74726
3.4414,0.75173
3.5543,0.75666
3.6094,0.70617
3.6637,0.70842
3.7172,0.63477
3.7699,0.6323
3.8219,0.62685
3.8732,0.63218
3.9738,0.55219
4.0232,0.59473
4.072,0.5497
4.1202,0.60496
4.1678,0.52133
4.2149,0.51456
4.2615,0.51739
4.3531,0.4022
4.3982,0.52985
4.4429,0.50432
4.4871,0.48975
4.5309,0.46264
4.5742,0.49554
4.6172,0.46847
4.7019,0.43099
4.7437,0.48719
4.7851,0.42678
4.8262,0.4308
4.9073,0.43646
4.9474,0.40878
5.0265,0.40044
5.0657,0.41287
5.1045,0.39085
5.143,0.43762
5.1812,0.38648
5.2192,0.37572
5.2569,0.36406
5.3315,0.36565
5.3684,0.34367
5.405,0.35314
5.4414,0.38149
5.4776,0.39809
5.5135,0.35418
5.5492,0.34342
5.6199,0.31521
5.6549,0.36154
5.6897,0.33971
5.7243,0.34162
5.7586,0.33347
5.7928,0.34402
5.8268,0.32151
5.8942,0.36476
5.9275,0.31426
5.9608,0.32193
5.9938,0.33292
6.0593,0.38781
6.0918,0.30806
6.1562,0.32881
6.1882,0.28684
6.22,0.29605
6.2517,0.29044
6.2832,0.30585
6.3145,0.31764
6.3457,0.28159
6.4076,0.26943
6.4383,0.27472
6.4689,0.28014
6.4994,0.26875
6.5297,0.26934
6.5598,0.27313
6.5899,0.24568
6.6791,0.24886
6.7086,0.26607
6.738,0.24613
6.7672,0.25228
6.7963,0.25523
6.8253,0.24427
6.8829,0.23476
6.9115,0.26473
6.94,0.26994
6.9684,0.23177
7.0248,0.24484
7.0529,0.24292
7.1086,0.22831
7.1363,0.23513
7.1639,0.23069
7.1914,0.21481
7.2188,0.2501
7.2461,0.24586
7.2733,0.25458
7.3274,0.23623
7.3543,0.21566
7.3811,0.22502
7.4078,0.23099
7.4344,0.23902
7.4609,0.23062
7.4873,0.22058
7.566,0.21711
7.592,0.22941
7.618,0.24812
7.6696,0.22178
7.6953,0.24919
7.7719,0.22094
7.7972,0.21976
7.8225,0.2229
7.8978,0.20584
7.9725,0.19639
8.0218,0.21583
8.0464,0.22766
8.0709,0.18366
8.0953,0.21168
8.1439,0.2004
8.1923,0.2202
8.2403,0.20716
8.2642,0.18426
8.3828,0.21229
8.4063,0.21567
8.4532,0.2005
8.4765,0.21161
8.5461,0.19377
8.638,0.21245
8.7062,0.16361
8.7515,0.18545
8.8189,0.21654
8.8412,0.19824
8.9742,0.17356
9.0181,0.18067
9.17,0.17248
9.2557,0.20278
9.4248,0.14245
9.4457,0.18761
9.4457,0.16471
