0.62832,6.9288
0.88858,10.286
1.0883,41.379
1.2566,96.848
1.405,137.28
1.5391,119.93
1.7772,29.788
1.885,20.454
1.9869,16.215
2.0839,12.148
2.1766,8.6583
2.2654,6.6028
2.351,5.0559
2.5133,6.8128
2.5906,3.957
2.6657,3.2152
2.7388,2.4551
2.8099,2.7487
2.8793,2.0856
2.9471,1.8351
3.0781,1.3356
3.1416,1.3266
3.2038,1.1994
3.2648,1.1705
3.3836,0.89196
3.4414,0.93039
3.5543,0.76368
3.6094,0.80964
3.6637,0.67857
3.7172,0.69021
3.7699,0.79108
3.8219,0.89657
3.8732,0.74317
3.9738,0.69196
4.0232,0.65877
4.072,0.5522
4.1202,0.60893
4.1678,0.55741
4.2149,0.56372
4.2615,0.55459
4.3531,0.6028
4.3982,0.53664
4.4429,0.49639
4.4871,0.44655
4.5309,0.44932
4.5742,0.45991
4.6172,0.44177
4.7019,0.4098
4.7437,0.39567
4.7851,0.42372
4.8262,0.36433
4.9073,0.32437
4.9474,0.33802
5.0265,0.41188
5.0657,0.34231
5.1045,0.32619
5.143,0.28212
5.1812,0.35336
5.2192,0.32526
5.2569,0.25115
5.3315,0.26393
5.3684,0.26586
5.405,0.27265
5.4414,0.22759
5.4776,0.27599
5.5135,0.24268
5.5492,0.23868
5.6199,0.26362
5.6549,0.25999
5.6897,0.31074
5.7243,0.25195
5.7586,0.21325
5.7928,0.24832
5.8268,0.26359
5.8942,0.2118
5.9275,0.22233
5.9608,0.21423
5.9938,0.26293
6.0593,0.19021
6.0918,0.23383
6.1562,0.20033
6.1882,0.20446
6.22,0.19523
6.2517,0.20049
6.2832,0.22162
6.3145,0.22289
6.3457,0.20683
6.4076,0.20493
6.4383,0.20861
6.4689,0.21458
6.4994,0.21418
6.5297,0.20881
6.5598,0.18203
6.5899,0.19669
6.6791,0.20847
6.7086,0.16183
6.738,0.18521
6.7672,0.20776
6.7963,0.18274
6.8253,0.1761
6.8829,0.21991
6.9115,0.18322
6.94,0.16937
6.9684,0.18634
7.0248,0.18824
7.0529,0.1934
7.1086,0.17099
7.1363,0.16639
7.1639,0.22667
7.1914,0.18505
7.2188,0.18308
7.2461,0.19033
7.2733,0.18567
7.3274,0.17845
7.3543,0.17889
7.3811,0.16453
7.4078,0.20711
7.4344,0.16087
7.4609,0.17285
7.4873,0.16465
7.566,0.18748
7.592,0.15953
7.618,0.16846
7.6696,0.17558
7.6953,0.16935
7.7719,0.17079
7.7972,0.16083
7.8225,0.17096
7.8978,0.15926
7.9725,0.18314
8.0218,0.17637
8.0464,0.1859
8.0709,0.15126
8.0953,0.12196
8.1439,0.17263
8.1923,0.15172
8.2403,0.17766
8.2642,0.15951
8.3828,0.16259
8.4063,0.17645
8.4532,0.17527
8.4765,0.18794
8.5461,0.17733
8.638,0.1567
8.7062,0.1508
8.7515,0.15733
8.8189,0.1538
8.8412,0.16458
8.9742,0.15711
9.0181,0.14509
9.17,0.14649
9.2557,0.15872
9.4248,0.15546
9.4457,0.1625
9.4457,0.1628
