0.62832,7.0474
0.88858,12.075
1.0883,25.913
1.2566,56.509
1.405,103.65
1.5391,72.86
1.7772,26.892
1.885,16.558
1.9869,11.853
2.0839,9.209
2.1766,7.8412
2.2654,5.572
2.351,4.9704
2.5133,3.8481
2.5906,2.9737
2.6657,2.7049
2.7388,2.1584
2.8099,1.9837
2.8793,1.9273
2.9471,1.5767
3.0781,1.2783
3.1416,1.2254
3.2038,1.1281
3.2648,1.1827
3.3836,0.9065
3.4414,0.92395
3.5543,0.7309
3.6094,0.74553
3.6637,0.74102
3.7172,0.69259
3.7699,0.60572
3.8219,0.62495
3.8732,0.63298
3.9738,0.62687
4.0232,0.55839
4.072,0.54318
4.1202,0.48733
4.1678,0.49877
4.2149,0.47693
4.2615,0.4643
4.3531,0.42663
4.3982,0.44402
4.4429,0.4177
4.4871,0.42345
4.5309,0.39975
4.5742,0.38553
4.6172,0.38512
4.7019,0.433
4.7437,0.37167
4.7851,0.39832
4.8262,0.34439
4.9073,0.3172
4.9474,0.33559
5.0265,0.30195
5.0657,0.32041
5.1045,0.32713
5.143,0.31103
5.1812,0.29043
5.2192,0.30888
5.2569,0.2762
5.3315,0.28239
5.3684,0.27373
5.405,0.283
5.4414,0.27629
5.4776,0.25207
5.5135,0.25834
5.5492,0.2689
5.6199,0.26776
5.6549,0.25347
5.6897,0.27627
5.7243,0.24117
5.7586,0.24932
5.7928,0.24179
5.8268,0.242
5.8942,0.23554
5.9275,0.25067
5.9608,0.23423
5.9938,0.27919
6.0593,0.24492
6.0918,0.21692
6.1562,0.20922
6.1882,0.21507
6.22,0.2091
6.2517,0.20398
6.2832,0.22894
6.3145,0.22655
6.3457,0.23182
6.4076,0.24604
6.4383,0.21749
6.4689,0.21783
6.4994,0.19114
6.5297,0.18741
6.5598,0.22083
6.5899,0.20842
6.6791,0.20604
6.7086,0.1968
6.738,0.21328
6.7672,0.23949
6.7963,0.21198
6.8253,0.20992
6.8829,0.19972
6.9115,0.19941
6.94,0.21512
6.9684,0.20224
7.0248,0.21137
7.0529,0.20428
7.1086,0.16579
7.1363,0.19384
7.1639,0.21471
7.1914,0.21747
7.2188,0.18032
7.2461,0.19408
7.2733,0.19271
7.3274,0.1937
7.3543,0.16981
7.3811,0.18637
7.4078,0.19111
7.4344,0.19947
7.4609,0.18204
7.4873,0.19951
7.566,0.17122
7.592,0.18428
7.618,0.17237
7.6696,0.19976
7.6953,0.20315
7.7719,0.19167
7.7972,0.18807
7.8225,0.18167
7.8978,0.20413
7.9725,0.16568
8.0218,0.15123
8.0464,0.20853
8.0709,0.15838
8.0953,0.16966
8.1439,0.15388
8.1923,0.18564
8.2403,0.18997
8.2642,0.17384
8.3828,0.20179
8.4063,0.18958
8.4532,0.17539
8.4765,0.18024
8.5461,0.16483
8.638,0.16504
8.7062,0.18918
8.7515,0.15822
8.8189,0.17629
8.8412,0.17578
8.9742,0.18409
9.0181,0.14783
9.17,0.16898
9.2557,0.16014
9.4248,0.18542
9.4457,0.15616
9.4457,0.13583
