0.62832,6.3615
0.88858,11.388
1.0883,22.352
1.2566,74.441
1.405,104.76
1.5391,124.19
1.7772,39.04
1.885,20.091
1.9869,17.315
2.0839,11.49
2.1766,8.9825
2.2654,5.9338
2.351,4.9558
2.5133,4.5034
2.5906,3.7382
2.6657,3.1221
2.7388,2.5285
2.8099,2.5091
2.8793,1.996
2.9471,2.0703
3.0781,1.3726
3.1416,1.2813
3.2038,1.1602
3.2648,0.99849
3.3836,0.86689
3.4414,0.95312
3.5543,0.87002
3.6094,0.71405
3.6637,0.6839
3.7172,0.72839
3.7699,0.73019
3.8219,0.72095
3.8732,0.65514
3.9738,0.66968
4.0232,0.57384
4.072,0.56019
4.1202,0.60469
4.1678,0.51895
4.2149,0.48838
4.2615,0.50254
4.3531,0.41042
4.3982,0.46591
4.4429,0.46321
4.4871,0.476
4.5309,0.42886
4.5742,0.40413
4.6172,0.39626
4.7019,0.36847
4.7437,0.34737
4.7851,0.40733
4.8262,0.35615
4.9073,0.30828
4.9474,0.32401
5.0265,0.36083
5.0657,0.31886
5.1045,0.28887
5.143,0.29311
5.1812,0.29389
5.2192,0.31308
5.2569,0.25228
5.3315,0.30097
5.3684,0.28212
5.405,0.25589
5.4414,0.23587
5.4776,0.23755
5.5135,0.22999
5.5492,0.23246
5.6199,0.25516
5.6549,0.25274
5.6897,0.27312
5.7243,0.23498
5.7586,0.23206
5.7928,0.22532
5.8268,0.24635
5.8942,0.18895
5.9275,0.21779
5.9608,0.23221
5.9938,0.21689
6.0593,0.20695
6.0918,0.20644
6.1562,0.16641
6.1882,0.1862
6.22,0.19612
6.2517,0.19835
6.2832,0.21249
6.3145,0.20359
6.3457,0.20764
6.4076,0.21529
6.4383,0.21719
6.4689,0.19227
6.4994,0.1934
6.5297,0.19294
6.5598,0.19201
6.5899,0.19391
6.6791,0.20045
6.7086,0.18223
6.738,0.19286
6.7672,0.19692
6.7963,0.20225
6.8253,0.20424
6.8829,0.20995
6.9115,0.18519
6.94,0.19202
6.9684,0.16339
7.0248,0.19552
7.0529,0.16992
7.1086,0.17466
7.1363,0.20081
7.1639,0.21845
7.1914,0.17123
7.2188,0.1925
7.2461,0.16721
7.2733,0.19242
7.3274,0.16814
7.3543,0.16428
7.3811,0.16253
7.4078,0.1447
7.4344,0.21695
7.4609,0.18948
7.4873,0.15254
7.566,0.17381
7.592,0.14559
7.618,0.14678
7.6696,0.17242
7.6953,0.16981
7.7719,0.17148
7.7972,0.17984
7.8225,0.16878
7.8978,0.18362
7.9725,0.18451
8.0218,0.20795
8.0464,0.15888
8.0709,0.16462
8.0953,0.19145
8.1439,0.16602
8.1923,0.15633
8.2403,0.20007
8.2642,0.1605
8.3828,0.17736
8.4063,0.16347
8.4532,0.15074
8.4765,0.18006
8.5461,0.14511
8.638,0.16414
8.7062,0.16064
8.7515,0.14739
8.8189,0.15178
8.8412,0.18276
8.9742,0.17564
9.0181,0.13679
9.17,0.15967
9.2557,0.16264
9.4248,0.16901
9.4457,0.18026
9.4457,0.12854
