0.62832,13.329
0.88858,23.956
1.0883,44.78
1.2566,51.224
1.405,36.89
1.5391,27.284
1.7772,12.26
1.885,9.3622
1.9869,6.799
2.0839,5.636
2.1766,4.842
2.2654,3.7389
2.351,3.4271
2.5133,2.6325
2.5906,2.2915
2.6657,2.0982
2.7388,1.8057
2.8099,1.6087
2.8793,1.5734
2.9471,1.4732
3.0781,1.2602
3.1416,1.1501
3.2038,1.1167
3.2648,1.0256
3.3836,0.99855
3.4414,0.90625
3.5543,0.82098
3.6094,0.79817
3.6637,0.72183
3.7172,0.75145
3.7699,0.72394
3.8219,0.64643
3.8732,0.65153
3.9738,0.6166
4.0232,0.5977
4.072,0.55169
4.1202,0.59146
4.1678,0.62454
4.2149,0.54073
4.2615,0.50731
4.3531,0.37786
4.3982,0.46461
4.4429,0.4807
4.4871,0.43015
4.5309,0.43138
4.5742,0.41849
4.6172,0.43533
4.7019,0.37429
4.7437,0.39843
4.7851,0.40428
4.8262,0.38335
4.9073,0.37509
4.9474,0.37482
5.0265,0.40441
5.0657,0.34869
5.1045,0.38443
5.143,0.31783
5.1812,0.35608
5.2192,0.32315
5.2569,0.33989
5.3315,0.31555
5.3684,0.32911
5.405,0.31147
5.4414,0.31142
5.4776,0.31078
5.5135,0.3008
5.5492,0.31431
5.6199,0.32456
5.6549,0.28549
5.6897,0.3059
5.7243,0.32116
5.7586,0.2714
5.7928,0.27274
5.8268,0.27599
5.8942,0.26913
5.9275,0.27821
5.9608,0.2781
5.9938,0.27344
6.0593,0.25099
6.0918,0.26311
6.1562,0.25333
6.1882,0.26136
6.22,0.26295
6.2517,0.23146
6.2832,0.25843
6.3145,0.2561
6.3457,0.25973
6.4076,0.24456
6.4383,0.24879
6.4689,0.25907
6.4994,0.23051
6.5297,0.243
6.5598,0.2631
6.5899,0.22
6.6791,0.23786
6.7086,0.21178
6.738,0.23171
6.7672,0.21927
6.7963,0.2262
6.8253,0.24095
6.8829,0.23702
6.9115,0.19104
6.94,0.2037
6.9684,0.20105
7.0248,0.20914
7.0529,0.23028
7.1086,0.23745
7.1363,0.22888
7.1639,0.21199
7.1914,0.21561
7.2188,0.21737
7.2461,0.19282
7.2733,0.21678
7.3274,0.21543
7.3543,0.18941
7.3811,0.20954
7.4078,0.23473
7.4344,0.21754
7.4609,0.19755
7.4873,0.22949
7.566,0.22337
7.592,0.1908
7.618,0.21336
7.6696,0.19661
7.6953,0.1914
7.7719,0.18967
7.7972,0.19475
7.8225,0.18718
7.8978,0.22274
7.9725,0.19589
8.0218,0.24528
8.0464,0.17727
8.0709,0.19682
8.0953,0.16121
8.1439,0.18048
8.1923,0.17269
8.2403,0.21946
8.2642,0.16208
8.3828,0.19572
8.4063,0.1976
8.4532,0.17407
8.4765,0.1762
8.5461,0.18328
8.638,0.18735
8.7062,0.18615
8.7515,0.14926
8.8189,0.19507
8.8412,0.19699
8.9742,0.15294
9.0181,0.23283
9.17,0.20525
9.2557,0.16894
9.4248,0.15285
9.4457,0.14026
9.4457,0.18458
