0.62832,7.8175
0.88858,6.2655
1.0883,6.1346
1.2566,5.2458
1.405,4.1729
1.5391,3.7459
1.7772,3.1717
1.885,2.7014
1.9869,2.3027
2.0839,2.3421
2.1766,1.8593
2.2654,1.9681
2.351,1.739
2.5133,1.7084
2.5906,1.378
2.6657,1.3688
2.7388,1.1663
2.8099,1.269
2.8793,1.1533
2.9471,1.0533
3.0781,1.0941
3.1416,0.95975
3.2038,0.98637
3.2648,0.89167
3.3836,0.85707
3.4414,0.81462
3.5543,0.75481
3.6094,0.81146
3.6637,0.71995
3.7172,0.73077
3.7699,0.70514
3.8219,0.6812
3.8732,0.66529
3.9738,0.65791
4.0232,0.6437
4.072,0.62966
4.1202,0.59576
4.1678,0.55297
4.2149,0.5706
4.2615,0.56558
4.3531,0.56061
4.3982,0.54989
4.4429,0.52442
4.4871,0.51907
4.5309,0.49318
4.5742,0.48162
4.6172,0.49883
4.7019,0.47357
4.7437,0.46405
4.7851,0.46269
4.8262,0.44477
4.9073,0.43602
4.9474,0.41924
5.0265,0.41013
5.0657,0.42497
5.1045,0.41116
5.143,0.41284
5.1812,0.40571
5.2192,0.40684
5.2569,0.41113
5.3315,0.36335
5.3684,0.36938
5.405,0.35694
5.4414,0.36858
5.4776,0.373
5.5135,0.39946
5.5492,0.36562
5.6199,0.34478
5.6549,0.32269
5.6897,0.35819
5.7243,0.33164
5.7586,0.34516
5.7928,0.35357
5.8268,0.31941
5.8942,0.31411
5.9275,0.31489
5.9608,0.31904
5.9938,0.3029
6.0593,0.32331
6.0918,0.32388
6.1562,0.28471
6.1882,0.29043
6.22,0.27447
6.2517,0.286
6.2832,0.28225
6.3145,0.30096
6.3457,0.30495
6.4076,0.29813
6.4383,0.28465
6.4689,0.29276
6.4994,0.27593
6.5297,0.25184
6.5598,0.26898
6.5899,0.27598
6.6791,0.2503
6.7086,0.30453
6.738,0.25412
6.7672,0.2371
6.7963,0.26608
6.8253,0.28626
6.8829,0.24
6.9115,0.23871
6.94,0.25191
6.9684,0.23008
7.0248,0.24696
7.0529,0.24331
7.1086,0.21788
7.1363,0.25325
7.1639,0.25297
7.1914,0.24066
7.2188,0.27041
7.2461,0.20258
7.2733,0.2326
7.3274,0.23168
7.3543,0.18893
7.3811,0.2617
7.4078,0.2153
7.4344,0.2272
7.4609,0.23411
7.4873,0.22379
7.566,0.23233
7.592,0.23245
7.618,0.1847
7.6696,0.22525
7.6953,0.22994
7.7719,0.2043
7.7972,0.21403
7.8225,0.22637
7.8978,0.19992
7.9725,0.20504
8.0218,0.28059
8.0464,0.21061
8.0709,0.22436
8.0953,0.18999
8.1439,0.22161
8.1923,0.20799
8.2403,0.19961
8.2642,0.18979
8.3828,0.18499
8.4063,0.17917
8.4532,0.19606
8.4765,0.19165
8.5461,0.18422
8.638,0.20112
8.7062,0.22429
8.7515,0.23672
8.8189,0.17382
8.8412,0.17918
8.9742,0.20573
9.0181,0.18883
9.17,0.18892
9.2557,0.22593
9.4248,0.13465
9.4457,0.16579
9.4457,0.16796
