0.62832,1.2872
0.88858,1.3754
1.0883,1.2968
1.2566,1.2803
1.405,1.2124
1.5391,1.1924
1.7772,1.1859
1.885,1.0249
1.9869,1.0136
2.0839,0.92485
2.1766,0.88226
2.2654,0.98521
2.351,0.97289
2.5133,0.95451
2.5906,0.88544
2.6657,0.74821
2.7388,0.81038
2.8099,0.77386
2.8793,0.82554
2.9471,0.75133
3.0781,0.69717
3.1416,0.75089
3.2038,0.70826
3.2648,0.67584
3.3836,0.70042
3.4414,0.68502
3.5543,0.57689
3.6094,0.61777
3.6637,0.60391
3.7172,0.59998
3.7699,0.57264
3.8219,0.56915
3.8732,0.57429
3.9738,0.59355
4.0232,0.55088
4.072,0.54559
4.1202,0.48285
4.1678,0.49604
4.2149,0.49589
4.2615,0.51403
4.3531,0.56662
4.3982,0.4608
4.4429,0.47576
4.4871,0.48499
4.5309,0.45787
4.5742,0.46318
4.6172,0.44064
4.7019,0.45275
4.7437,0.41353
4.7851,0.40029
4.8262,0.43003
4.9073,0.41558
4.9474,0.3996
5.0265,0.376
5.0657,0.39839
5.1045,0.38816
5.143,0.35187
5.1812,0.37659
5.2192,0.37282
5.2569,0.39475
5.3315,0.39425
5.3684,0.35806
5.405,0.34394
5.4414,0.30377
5.4776,0.31732
5.5135,0.33667
5.5492,0.35284
5.6199,0.34168
5.6549,0.33033
5.6897,0.33375
5.7243,0.29975
5.7586,0.32665
5.7928,0.32066
5.8268,0.31591
5.8942,0.27958
5.9275,0.29784
5.9608,0.29618
5.9938,0.33547
6.0593,0.28268
6.0918,0.27839
6.1562,0.29271
6.1882,0.29235
6.22,0.25763
6.2517,0.29971
6.2832,0.30586
6.3145,0.28919
6.3457,0.29832
6.4076,0.27496
6.4383,0.27568
6.4689,0.2649
6.4994,0.27886
6.5297,0.25372
6.5598,0.29519
6.5899,0.28023
6.6791,0.236
6.7086,0.27475
6.738,0.26311
6.7672,0.27854
6.7963,0.25576
6.8253,0.27319
6.8829,0.22922
6.9115,0.22338
6.94,0.27011
6.9684,0.2363
7.0248,0.25397
7.0529,0.24917
7.1086,0.19756
7.1363,0.25121
7.1639,0.22281
7.1914,0.27986
7.2188,0.27821
7.2461,0.25442
7.2733,0.24011
7.3274,0.25397
7.3543,0.23403
7.3811,0.25281
7.4078,0.22489
7.4344,0.24394
7.4609,0.22882
7.4873,0.20603
7.566,0.21744
7.592,0.21657
7.618,0.22621
7.6696,0.21763
7.6953,0.23392
7.7719,0.18946
7.7972,0.20348
7.8225,0.20759
7.8978,0.211
7.9725,0.21826
8.0218,0.21229
8.0464,0.16719
8.0709,0.22887
8.0953,0.22045
8.1439,0.22212
8.1923,0.22399
8.2403,0.19495
8.2642,0.23068
8.3828,0.22473
8.4063,0.18356
8.4532,0.21539
8.4765,0.20433
8.5461,0.16894
8.638,0.18182
8.7062,0.18048
8.7515,0.20286
8.8189,0.15393
8.8412,0.20939
8.9742,0.17093
9.0181,0.18942
9.17,0.19993
9.2557,0.16343
9.4248,0.1595
9.4457,0.12917
9.4457,0.19091
