0.62832,19.596
0.88858,26.706
1.0883,32.674
1.2566,22.964
1.405,18.402
1.5391,12.592
1.7772,6.7543
1.885,5.9597
1.9869,4.8553
2.0839,3.7874
2.1766,3.8459
2.2654,2.9755
2.351,2.5596
2.5133,2.0619
2.5906,2.0221
2.6657,1.6671
2.7388,1.6491
2.8099,1.6056
2.8793,1.414
2.9471,1.2644
3.0781,1.1416
3.1416,1.1402
3.2038,1.0433
3.2648,1.0195
3.3836,0.9223
3.4414,0.84225
3.5543,0.91589
3.6094,0.73734
3.6637,0.77692
3.7172,0.70293
3.7699,0.76378
3.8219,0.72761
3.8732,0.70248
3.9738,0.59786
4.0232,0.61548
4.072,0.62605
4.1202,0.55336
4.1678,0.58258
4.2149,0.57016
4.2615,0.52666
4.3531,0.46267
4.3982,0.50161
4.4429,0.48571
4.4871,0.46722
4.5309,0.46153
4.5742,0.47358
4.6172,0.46802
4.7019,0.41541
4.7437,0.43046
4.7851,0.39947
4.8262,0.42748
4.9073,0.43087
4.9474,0.40945
5.0265,0.38953
5.0657,0.38608
5.1045,0.37503
5.143,0.36219
5.1812,0.35753
5.2192,0.35785
5.2569,0.37266
5.3315,0.34609
5.3684,0.358
5.405,0.34411
5.4414,0.38983
5.4776,0.35508
5.5135,0.34486
5.5492,0.34444
5.6199,0.32007
5.6549,0.33509
5.6897,0.27982
5.7243,0.33611
5.7586,0.29614
5.7928,0.31546
5.8268,0.31507
5.8942,0.2713
5.9275,0.29175
5.9608,0.28747
5.9938,0.28065
6.0593,0.2623
6.0918,0.28668
6.1562,0.28784
6.1882,0.24312
6.22,0.27401
6.2517,0.29061
6.2832,0.28058
6.3145,0.26484
6.3457,0.27697
6.4076,0.28349
6.4383,0.27436
6.4689,0.24189
6.4994,0.25427
6.5297,0.21998
6.5598,0.26882
6.5899,0.27297
6.6791,0.24847
6.7086,0.23901
6.738,0.20787
6.7672,0.24051
6.7963,0.24629
6.8253,0.24465
6.8829,0.24638
6.9115,0.24682
6.94,0.2721
6.9684,0.2495
7.0248,0.23055
7.0529,0.21878
7.1086,0.19539
7.1363,0.22447
7.1639,0.29276
7.1914,0.22241
7.2188,0.21847
7.2461,0.21965
7.2733,0.22483
7.3274,0.22048
7.3543,0.21378
7.3811,0.21512
7.4078,0.21036
7.4344,0.209
7.4609,0.23678
7.4873,0.23259
7.566,0.2155
7.592,0.23154
7.618,0.20656
7.6696,0.21692
7.6953,0.20741
7.7719,0.19375
7.7972,0.22996
7.8225,0.206
7.8978,0.21127
7.9725,0.19685
8.0218,0.22187
8.0464,0.19183
8.0709,0.2141
8.0953,0.25648
8.1439,0.17693
8.1923,0.21176
8.2403,0.15479
8.2642,0.19698
8.3828,0.19148
8.4063,0.19128
8.4532,0.20772
8.4765,0.17343
8.5461,0.18511
8.638,0.17652
8.7062,0.18471
8.7515,0.16319
8.8189,0.20001
8.8412,0.17059
8.9742,0.16243
9.0181,0.18982
9.17,0.19472
9.2557,0.1749
9.4248,0.18046
9.4457,0.19286
9.4457,0.16737
