0.62832,7.2545
0.88858,11.264
1.0883,24.596
1.2566,56.238
1.405,96.921
1.5391,66.652
1.7772,27.105
1.885,15.979
1.9869,11.977
2.0839,8.8029
2.1766,6.957
2.2654,5.5608
2.351,5.1839
2.5133,3.6762
2.5906,3.2204
2.6657,2.9568
2.7388,2.4045
2.8099,2.0821
2.8793,1.9199
2.9471,1.519
3.0781,1.3036
3.1416,1.3006
3.2038,1.1863
3.2648,1.0392
3.3836,0.91343
3.4414,0.87714
3.5543,0.79282
3.6094,0.77271
3.6637,0.69065
3.7172,0.71735
3.7699,0.64704
3.8219,0.63905
3.8732,0.56955
3.9738,0.57279
4.0232,0.54589
4.072,0.52033
4.1202,0.47807
4.1678,0.54569
4.2149,0.46854
4.2615,0.48034
4.3531,0.37555
4.3982,0.44558
4.4429,0.41405
4.4871,0.3921
4.5309,0.4128
4.5742,0.37938
4.6172,0.39183
4.7019,0.36195
4.7437,0.34245
4.7851,0.35304
4.8262,0.35315
4.9073,0.30357
4.9474,0.30936
5.0265,0.40041
5.0657,0.31081
5.1045,0.31071
5.143,0.27546
5.1812,0.3197
5.2192,0.31073
5.2569,0.27666
5.3315,0.29073
5.3684,0.28493
5.405,0.28532
5.4414,0.25025
5.4776,0.27432
5.5135,0.26261
5.5492,0.27986
5.6199,0.24567
5.6549,0.2514
5.6897,0.29048
5.7243,0.26104
5.7586,0.23193
5.7928,0.25621
5.8268,0.23985
5.8942,0.23837
5.9275,0.23547
5.9608,0.23312
5.9938,0.21834
6.0593,0.23251
6.0918,0.22815
6.1562,0.19277
6.1882,0.21601
6.22,0.21079
6.2517,0.20778
6.2832,0.23627
6.3145,0.22039
6.3457,0.21509
6.4076,0.22344
6.4383,0.22391
6.4689,0.2055
6.4994,0.21553
6.5297,0.19307
6.5598,0.22288
6.5899,0.21179
6.6791,0.20104
6.7086,0.20542
6.738,0.17928
6.7672,0.21127
6.7963,0.19009
6.8253,0.20525
6.8829,0.1858
6.9115,0.1955
6.94,0.18992
6.9684,0.1528
7.0248,0.19469
7.0529,0.21528
7.1086,0.18905
7.1363,0.18191
7.1639,0.17434
7.1914,0.20739
7.2188,0.20385
7.2461,0.18646
7.2733,0.16535
7.3274,0.1741
7.3543,0.17377
7.3811,0.19191
7.4078,0.20308
7.4344,0.19646
7.4609,0.18924
7.4873,0.19493
7.566,0.18214
7.592,0.1883
7.618,0.17963
7.6696,0.18901
7.6953,0.15956
7.7719,0.17267
7.7972,0.1901
7.8225,0.16571
7.8978,0.18229
7.9725,0.18509
8.0218,0.1725
8.0464,0.15068
8.0709,0.19453
8.0953,0.18537
8.1439,0.20064
8.1923,0.17789
8.2403,0.15971
8.2642,0.16146
8.3828,0.16167
8.4063,0.19924
8.4532,0.18292
8.4765,0.17319
8.5461,0.19136
8.638,0.16502
8.7062,0.18534
8.7515,0.17734
8.8189,0.20393
8.8412,0.16725
8.9742,0.14021
9.0181,0.16493
9.17,0.17281
9.2557,0.17645
9.4248,0.17491
9.4457,0.20577
9.4457,0.16134
