0.62832,12.032
0.88858,22.111
1.0883,42.967
1.2566,63.385
1.405,51.263
1.5391,35.004
1.7772,15.573
1.885,10.531
1.9869,7.9837
2.0839,6.2476
2.1766,4.8069
2.2654,4.5677
2.351,3.8268
2.5133,2.8615
2.5906,2.5847
2.6657,2.2173
2.7388,1.9326
2.8099,1.7647
2.8793,1.6325
2.9471,1.5641
3.0781,1.2127
3.1416,1.2277
3.2038,1.1616
3.2648,1.028
3.3836,0.91735
3.4414,0.92501
3.5543,0.82169
3.6094,0.75041
3.6637,0.79095
3.7172,0.67733
3.7699,0.70162
3.8219,0.64666
3.8732,0.62829
3.9738,0.62967
4.0232,0.57136
4.072,0.61221
4.1202,0.55046
4.1678,0.52606
4.2149,0.5188
4.2615,0.53961
4.3531,0.37886
4.3982,0.45044
4.4429,0.44913
4.4871,0.45893
4.5309,0.43719
4.5742,0.41186
4.6172,0.4003
4.7019,0.3964
4.7437,0.37085
4.7851,0.40459
4.8262,0.36112
4.9073,0.36208
4.9474,0.34255
5.0265,0.35485
5.0657,0.34898
5.1045,0.34136
5.143,0.30097
5.1812,0.35234
5.2192,0.32059
5.2569,0.30496
5.3315,0.30917
5.3684,0.31296
5.405,0.30245
5.4414,0.32612
5.4776,0.29352
5.5135,0.29865
5.5492,0.2845
5.6199,0.29684
5.6549,0.2909
5.6897,0.29189
5.7243,0.29492
5.7586,0.25711
5.7928,0.25294
5.8268,0.29806
5.8942,0.24227
5.9275,0.26276
5.9608,0.24976
5.9938,0.2924
6.0593,0.25683
6.0918,0.25636
6.1562,0.23418
6.1882,0.23666
6.22,0.24649
6.2517,0.23791
6.2832,0.23691
6.3145,0.2349
6.3457,0.25452
6.4076,0.26153
6.4383,0.22147
6.4689,0.25899
6.4994,0.2466
6.5297,0.2172
6.5598,0.25735
6.5899,0.24776
6.6791,0.23276
6.7086,0.23183
6.738,0.23421
6.7672,0.22808
6.7963,0.23001
6.8253,0.23718
6.8829,0.24611
6.9115,0.21311
6.94,0.23332
6.9684,0.21786
7.0248,0.23208
7.0529,0.20592
7.1086,0.18845
7.1363,0.21485
7.1639,0.235
7.1914,0.22687
7.2188,0.20932
7.2461,0.21056
7.2733,0.19111
7.3274,0.21128
7.3543,0.20538
7.3811,0.20179
7.4078,0.20242
7.4344,0.2103
7.4609,0.20342
7.4873,0.20049
7.566,0.20765
7.592,0.20992
7.618,0.16299
7.6696,0.19179
7.6953,0.21002
7.7719,0.1873
7.7972,0.19893
7.8225,0.20186
7.8978,0.1973
7.9725,0.2036
8.0218,0.16098
8.0464,0.15978
8.0709,0.17282
8.0953,0.19163
8.1439,0.19908
8.1923,0.18015
8.2403,0.2245
8.2642,0.21334
8.3828,0.20804
8.4063,0.15971
8.4532,0.1963
8.4765,0.17416
8.5461,0.159
8.638,0.19492
8.7062,0.14954
8.7515,0.17232
8.8189,0.20084
8.8412,0.19057
8.9742,0.18137
9.0181,0.20992
9.17,0.17045
9.2557,0.16752
9.4248,0.17143
9.4457,0.17227
9.4457,0.13806
