0.62832,19.407
0.88858,21.727
1.0883,24.863
1.2566,15.08
1.405,12.888
1.5391,8.7223
1.7772,5.5478
1.885,4.7196
1.9869,3.9925
2.0839,3.6818
2.1766,2.7106
2.2654,2.6489
2.351,2.3493
2.5133,1.9961
2.5906,1.7973
2.6657,1.6786
2.7388,1.4364
2.8099,1.4048
2.8793,1.3408
2.9471,1.2511
3.0781,1.2508
3.1416,1.1523
3.2038,1.0167
3.2648,0.84434
3.3836,0.89458
3.4414,0.83658
3.5543,0.7835
3.6094,0.7551
3.6637,0.73903
3.7172,0.70435
3.7699,0.6847
3.8219,0.75258
3.8732,0.67287
3.9738,0.64238
4.0232,0.62962
4.072,0.64004
4.1202,0.61031
4.1678,0.52669
4.2149,0.57278
4.2615,0.56266
4.3531,0.59354
4.3982,0.50691
4.4429,0.51224
4.4871,0.53905
4.5309,0.46479
4.5742,0.46844
4.6172,0.44876
4.7019,0.43086
4.7437,0.45713
4.7851,0.4062
4.8262,0.42162
4.9073,0.4257
4.9474,0.40277
5.0265,0.40969
5.0657,0.39054
5.1045,0.38419
5.143,0.3529
5.1812,0.39522
5.2192,0.39191
5.2569,0.33769
5.3315,0.33998
5.3684,0.35414
5.405,0.36338
5.4414,0.38041
5.4776,0.3432
5.5135,0.3231
5.5492,0.32244
5.6199,0.30662
5.6549,0.33505
5.6897,0.32848
5.7243,0.29007
5.7586,0.32017
5.7928,0.32557
5.8268,0.33751
5.8942,0.29795
5.9275,0.29346
5.9608,0.31105
5.9938,0.27669
6.0593,0.27551
6.0918,0.28309
6.1562,0.2962
6.1882,0.2962
6.22,0.28727
6.2517,0.27026
6.2832,0.28045
6.3145,0.29818
6.3457,0.24307
6.4076,0.2821
6.4383,0.25558
6.4689,0.26242
6.4994,0.25303
6.5297,0.25635
6.5598,0.23
6.5899,0.26816
6.6791,0.23414
6.7086,0.26157
6.738,0.27765
6.7672,0.25385
6.7963,0.25519
6.8253,0.2664
6.8829,0.23747
6.9115,0.25234
6.94,0.23409
6.9684,0.23454
7.0248,0.24753
7.0529,0.21867
7.1086,0.24283
7.1363,0.22894
7.1639,0.19179
7.1914,0.22519
7.2188,0.23629
7.2461,0.2268
7.2733,0.23953
7.3274,0.22961
7.3543,0.21989
7.3811,0.19348
7.4078,0.22823
7.4344,0.22349
7.4609,0.23482
7.4873,0.20707
7.566,0.21847
7.592,0.21212
7.618,0.18738
7.6696,0.2012
7.6953,0.20569
7.7719,0.19558
7.7972,0.22774
7.8225,0.21803
7.8978,0.21424
7.9725,0.21049
8.0218,0.20474
8.0464,0.21332
8.0709,0.17786
8.0953,0.19224
8.1439,0.2166
8.1923,0.19284
8.2403,0.24608
8.2642,0.24609
8.3828,0.211
8.4063,0.1845
8.4532,0.20692
8.4765,0.21931
8.5461,0.21446
8.638,0.18639
8.7062,0.19798
8.7515,0.20053
8.8189,0.21343
8.8412,0.17432
8.9742,0.20814
9.0181,0.19234
9.17,0.17799
9.2557,0.20882
9.4248,0.22138
9.4457,0.14583
9.4457,0.14436
