0.62832,1.4663
0.88858,1.4948
1.0883,1.6429
1.2566,1.6254
1.405,1.3366
1.5391,1.223
1.7772,1.1498
1.885,1.1164
1.9869,1.188
2.0839,1.2249
2.1766,1.2184
2.2654,1.0716
2.351,1.0212
2.5133,1.0205
2.5906,0.93237
2.6657,0.94422
2.7388,0.87504
2.8099,0.86437
2.8793,0.80993
2.9471,0.79254
3.0781,0.81186
3.1416,0.7603
3.2038,0.74482
3.2648,0.63447
3.3836,0.69963
3.4414,0.71538
3.5543,0.69318
3.6094,0.60827
3.6637,0.66265
3.7172,0.56311
3.7699,0.60094
3.8219,0.583
3.8732,0.55762
3.9738,0.51875
4.0232,0.5649
4.072,0.52956
4.1202,0.5468
4.1678,0.52511
4.2149,0.51963
4.2615,0.49596
4.3531,0.43241
4.3982,0.49534
4.4429,0.47708
4.4871,0.47726
4.5309,0.47862
4.5742,0.44907
4.6172,0.47594
4.7019,0.45404
4.7437,0.43635
4.7851,0.47358
4.8262,0.40519
4.9073,0.40786
4.9474,0.42408
5.0265,0.38933
5.0657,0.39125
5.1045,0.38305
5.143,0.39658
5.1812,0.40727
5.2192,0.39627
5.2569,0.34616
5.3315,0.34894
5.3684,0.36531
5.405,0.36524
5.4414,0.33813
5.4776,0.36924
5.5135,0.33997
5.5492,0.34171
5.6199,0.33678
5.6549,0.34681
5.6897,0.31915
5.7243,0.34258
5.7586,0.34788
5.7928,0.31714
5.8268,0.33026
5.8942,0.329
5.9275,0.30896
5.9608,0.31904
5.9938,0.31333
6.0593,0.27793
6.0918,0.31522
6.1562,0.27466
6.1882,0.30029
6.22,0.26577
6.2517,0.28419
6.2832,0.28816
6.3145,0.27891
6.3457,0.27246
6.4076,0.27103
6.4383,0.29436
6.4689,0.26693
6.4994,0.25396
6.5297,0.25413
6.5598,0.2652
6.5899,0.26509
6.6791,0.28736
6.7086,0.23467
6.738,0.23512
6.7672,0.27194
6.7963,0.26561
6.8253,0.24614
6.8829,0.26539
6.9115,0.23317
6.94,0.23774
6.9684,0.28002
7.0248,0.24394
7.0529,0.25301
7.1086,0.24762
7.1363,0.24744
7.1639,0.22726
7.1914,0.24538
7.2188,0.23652
7.2461,0.21899
7.2733,0.2392
7.3274,0.23054
7.3543,0.24226
7.3811,0.26808
7.4078,0.20371
7.4344,0.22204
7.4609,0.2043
7.4873,0.19682
7.566,0.22632
7.592,0.22711
7.618,0.20341
7.6696,0.21106
7.6953,0.23739
7.7719,0.20434
7.7972,0.21945
7.8225,0.22595
7.8978,0.21961
7.9725,0.22961
8.0218,0.21194
8.0464,0.19835
8.0709,0.20394
8.0953,0.2083
8.1439,0.22793
8.1923,0.19056
8.2403,0.22224
8.2642,0.19201
8.3828,0.2028
8.4063,0.21498
8.4532,0.24476
8.4765,0.19415
8.5461,0.19052
8.638,0.18849
8.7062,0.18127
8.7515,0.22871
8.8189,0.20282
8.8412,0.19338
8.9742,0.18111
9.0181,0.18742
9.17,0.18815
9.2557,0.16188
9.4248,0.19289
9.4457,0.1864
9.4457,0.1754
