0.62832,11.636
0.88858,23.423
1.0883,40.364
1.2566,58.751
1.405,46.576
1.5391,31.636
1.7772,14.208
1.885,9.4702
1.9869,6.9459
2.0839,5.6028
2.1766,4.5776
2.2654,4.2395
2.351,3.3801
2.5133,2.8228
2.5906,2.3725
2.6657,2.0605
2.7388,1.9503
2.8099,1.7535
2.8793,1.6134
2.9471,1.2502
3.0781,1.193
3.1416,1.0906
3.2038,1.0582
3.2648,0.97509
3.3836,0.93051
3.4414,0.87144
3.5543,0.89444
3.6094,0.76469
3.6637,0.74253
3.7172,0.72431
3.7699,0.74143
3.8219,0.66352
3.8732,0.6261
3.9738,0.60747
4.0232,0.57292
4.072,0.53845
4.1202,0.52802
4.1678,0.52094
4.2149,0.5003
4.2615,0.49197
4.3531,0.51057
4.3982,0.48037
4.4429,0.47228
4.4871,0.43246
4.5309,0.45363
4.5742,0.43316
4.6172,0.44228
4.7019,0.36802
4.7437,0.40566
4.7851,0.41528
4.8262,0.38
4.9073,0.37648
4.9474,0.36672
5.0265,0.38958
5.0657,0.35255
5.1045,0.35452
5.143,0.32591
5.1812,0.32759
5.2192,0.32838
5.2569,0.31275
5.3315,0.31952
5.3684,0.31151
5.405,0.30668
5.4414,0.31572
5.4776,0.29311
5.5135,0.28628
5.5492,0.29893
5.6199,0.28482
5.6549,0.27958
5.6897,0.29358
5.7243,0.28041
5.7586,0.27703
5.7928,0.29796
5.8268,0.27705
5.8942,0.24985
5.9275,0.25587
5.9608,0.25644
5.9938,0.27934
6.0593,0.2581
6.0918,0.25294
6.1562,0.23067
6.1882,0.26332
6.22,0.25606
6.2517,0.232
6.2832,0.24463
6.3145,0.23746
6.3457,0.22569
6.4076,0.26118
6.4383,0.23192
6.4689,0.24134
6.4994,0.23794
6.5297,0.24445
6.5598,0.26065
6.5899,0.24086
6.6791,0.23775
6.7086,0.24857
6.738,0.24829
6.7672,0.23349
6.7963,0.22253
6.8253,0.24295
6.8829,0.21392
6.9115,0.19598
6.94,0.24523
6.9684,0.19093
7.0248,0.22117
7.0529,0.21766
7.1086,0.23905
7.1363,0.22893
7.1639,0.24555
7.1914,0.20103
7.2188,0.19154
7.2461,0.19512
7.2733,0.2187
7.3274,0.20961
7.3543,0.20758
7.3811,0.23877
7.4078,0.2298
7.4344,0.22277
7.4609,0.23543
7.4873,0.18955
7.566,0.20721
7.592,0.21733
7.618,0.21675
7.6696,0.2039
7.6953,0.19756
7.7719,0.18733
7.7972,0.19807
7.8225,0.208
7.8978,0.19571
7.9725,0.19181
8.0218,0.18192
8.0464,0.20482
8.0709,0.18924
8.0953,0.15714
8.1439,0.19873
8.1923,0.18431
8.2403,0.2045
8.2642,0.20229
8.3828,0.18831
8.4063,0.1908
8.4532,0.19472
8.4765,0.19964
8.5461,0.18361
8.638,0.18276
8.7062,0.18561
8.7515,0.195
8.8189,0.19649
8.8412,0.16465
8.9742,0.15536
9.0181,0.18354
9.17,0.19011
9.2557,0.14458
9.4248,0.18529
9.4457,0.15942
9.4457,0.14842
