0.62832,6.2744
0.88858,12.461
1.0883,22.496
1.2566,50.424
1.405,94.016
1.5391,69.882
1.7772,24.648
1.885,18.177
1.9869,13.855
2.0839,9.4445
2.1766,7.4575
2.2654,6.2036
2.351,4.7156
2.5133,4.0972
2.5906,3.0981
2.6657,2.9651
2.7388,2.3577
2.8099,2.2712
2.8793,1.86
2.9471,1.7291
3.0781,1.271
3.1416,1.2626
3.2038,1.1953
3.2648,1.078
3.3836,0.88878
3.4414,0.93331
3.5543,0.76826
3.6094,0.70891
3.6637,0.7128
3.7172,0.70969
3.7699,0.71197
3.8219,0.70409
3.8732,0.58983
3.9738,0.55897
4.0232,0.54787
4.072,0.51212
4.1202,0.46099
4.1678,0.51645
4.2149,0.48031
4.2615,0.46784
4.3531,0.37419
4.3982,0.43636
4.4429,0.41582
4.4871,0.38892
4.5309,0.35719
4.5742,0.40687
4.6172,0.35619
4.7019,0.34023
4.7437,0.37489
4.7851,0.34155
4.8262,0.32981
4.9073,0.32237
4.9474,0.31195
5.0265,0.33641
5.0657,0.30545
5.1045,0.30741
5.143,0.22866
5.1812,0.27998
5.2192,0.28012
5.2569,0.27018
5.3315,0.27683
5.3684,0.27709
5.405,0.25727
5.4414,0.25913
5.4776,0.25711
5.5135,0.2419
5.5492,0.25189
5.6199,0.23976
5.6549,0.25087
5.6897,0.24909
5.7243,0.2427
5.7586,0.23908
5.7928,0.26323
5.8268,0.24221
5.8942,0.20269
5.9275,0.22039
5.9608,0.24453
5.9938,0.25035
6.0593,0.21542
6.0918,0.22939
6.1562,0.23074
6.1882,0.23152
6.22,0.20635
6.2517,0.21007
6.2832,0.24117
6.3145,0.21704
6.3457,0.2044
6.4076,0.23642
6.4383,0.21026
6.4689,0.20661
6.4994,0.20709
6.5297,0.1991
6.5598,0.19921
6.5899,0.20304
6.6791,0.19681
6.7086,0.1829
6.738,0.20504
6.7672,0.19322
6.7963,0.20366
6.8253,0.17779
6.8829,0.19649
6.9115,0.16123
6.94,0.19695
6.9684,0.15906
7.0248,0.19095
7.0529,0.19403
7.1086,0.18773
7.1363,0.19753
7.1639,0.19768
7.1914,0.20761
7.2188,0.17408
7.2461,0.18105
7.2733,0.19038
7.3274,0.17703
7.3543,0.1932
7.3811,0.15527
7.4078,0.16654
7.4344,0.25735
7.4609,0.17636
7.4873,0.1903
7.566,0.18675
7.592,0.1742
7.618,0.15989
7.6696,0.1774
7.6953,0.18901
7.7719,0.15852
7.7972,0.16916
7.8225,0.16694
7.8978,0.17444
7.9725,0.16486
8.0218,0.17191
8.0464,0.17245
8.0709,0.18709
8.0953,0.19527
8.1439,0.17552
8.1923,0.16419
8.2403,0.19163
8.2642,0.19444
8.3828,0.1705
8.4063,0.17219
8.4532,0.17695
8.4765,0.17522
8.5461,0.16021
8.638,0.18489
8.7062,0.13961
8.7515,0.1577
8.8189,0.17882
8.8412,0.15319
8.9742,0.16777
9.0181,0.16781
9.17,0.18372
9.2557,0.14198
9.4248,0.16872
9.4457,0.17359
9.4457,0.14352
