0.62832,0.78002
0.88858,1.0403
1.0883,0.86347
1.2566,0.88675
1.405,0.88532
1.5391,0.85863
1.7772,0.72638
1.885,0.7693
1.9869,0.79962
2.0839,0.81956
2.1766,0.75251
2.2654,0.70551
2.351,0.72153
2.5133,0.72804
2.5906,0.68482
2.6657,0.65804
2.7388,0.70795
2.8099,0.62743
2.8793,0.61588
2.9471,0.52561
3.0781,0.59677
3.1416,0.63849
3.2038,0.58578
3.2648,0.59308
3.3836,0.56378
3.4414,0.61705
3.5543,0.54798
3.6094,0.57743
3.6637,0.55747
3.7172,0.50357
3.7699,0.50752
3.8219,0.50256
3.8732,0.50508
3.9738,0.45246
4.0232,0.49299
4.072,0.45503
4.1202,0.46511
4.1678,0.45168
4.2149,0.45567
4.2615,0.47286
4.3531,0.42374
4.3982,0.42195
4.4429,0.42529
4.4871,0.47441
4.5309,0.45096
4.5742,0.41564
4.6172,0.40547
4.7019,0.3935
4.7437,0.39133
4.7851,0.3766
4.8262,0.39432
4.9073,0.37544
4.9474,0.3747
5.0265,0.35764
5.0657,0.36389
5.1045,0.3785
5.143,0.42393
5.1812,0.38458
5.2192,0.34456
5.2569,0.36363
5.3315,0.38012
5.3684,0.31416
5.405,0.33584
5.4414,0.31609
5.4776,0.35359
5.5135,0.33074
5.5492,0.32546
5.6199,0.33222
5.6549,0.31255
5.6897,0.30496
5.7243,0.30863
5.7586,0.34955
5.7928,0.30314
5.8268,0.30706
5.8942,0.26388
5.9275,0.30924
5.9608,0.28184
5.9938,0.3226
6.0593,0.3182
6.0918,0.30204
6.1562,0.37879
6.1882,0.28036
6.22,0.27474
6.2517,0.30824
6.2832,0.312
6.3145,0.28274
6.3457,0.26354
6.4076,0.26312
6.4383,0.28106
6.4689,0.27537
6.4994,0.25785
6.5297,0.25767
6.5598,0.25753
6.5899,0.28016
6.6791,0.25087
6.7086,0.2909
6.738,0.22775
6.7672,0.24055
6.7963,0.27297
6.8253,0.22748
6.8829,0.23678
6.9115,0.27003
6.94,0.23669
6.9684,0.26656
7.0248,0.24565
7.0529,0.25707
7.1086,0.26678
7.1363,0.24919
7.1639,0.25612
7.1914,0.24317
7.2188,0.21397
7.2461,0.22571
7.2733,0.21454
7.3274,0.215
7.3543,0.22661
7.3811,0.23489
7.4078,0.20163
7.4344,0.22178
7.4609,0.22692
7.4873,0.22304
7.566,0.224
7.592,0.25174
7.618,0.2073
7.6696,0.22699
7.6953,0.22926
7.7719,0.25578
7.7972,0.21807
7.8225,0.19528
7.8978,0.19631
7.9725,0.20951
8.0218,0.16871
8.0464,0.18179
8.0709,0.21187
8.0953,0.19601
8.1439,0.21066
8.1923,0.22027
8.2403,0.2234
8.2642,0.16475
8.3828,0.19448
8.4063,0.19025
8.4532,0.19421
8.4765,0.18513
8.5461,0.18101
8.638,0.20851
8.7062,0.17431
8.7515,0.21685
8.8189,0.22565
8.8412,0.19752
8.9742,0.17303
9.0181,0.15948
9.17,0.19312
9.2557,0.21211
9.4248,0.17889
9.4457,0.20704
9.4457,0.163
