0.62832,9.6273
0.88858,18.988
1.0883,44.629
1.2566,66.828
1.405,60.043
1.5391,37.686
1.7772,16.501
1.885,10.863
1.9869,8.31
2.0839,6.8946
2.1766,4.9671
2.2654,4.2637
2.351,3.811
2.5133,3.1213
2.5906,2.622
2.6657,2.4619
2.7388,2.0315
2.8099,1.8628
2.8793,1.5301
2.9471,1.3331
3.0781,1.2931
3.1416,1.1633
3.2038,1.1482
3.2648,1.0689
3.3836,0.89447
3.4414,0.876
3.5543,0.79642
3.6094,0.80146
3.6637,0.7575
3.7172,0.6815
3.7699,0.68593
3.8219,0.60961
3.8732,0.58877
3.9738,0.55366
4.0232,0.57192
4.072,0.61332
4.1202,0.55656
4.1678,0.52884
4.2149,0.50667
4.2615,0.4859
4.3531,0.42171
4.3982,0.43001
4.4429,0.44587
4.4871,0.41067
4.5309,0.43411
4.5742,0.42328
4.6172,0.40635
4.7019,0.38986
4.7437,0.37842
4.7851,0.38961
4.8262,0.37343
4.9073,0.36509
4.9474,0.35973
5.0265,0.33613
5.0657,0.3402
5.1045,0.34202
5.143,0.31583
5.1812,0.33957
5.2192,0.34591
5.2569,0.32578
5.3315,0.31189
5.3684,0.29533
5.405,0.31085
5.4414,0.29925
5.4776,0.31992
5.5135,0.26738
5.5492,0.26467
5.6199,0.29002
5.6549,0.28969
5.6897,0.27455
5.7243,0.25991
5.7586,0.26971
5.7928,0.27451
5.8268,0.289
5.8942,0.27477
5.9275,0.24902
5.9608,0.25009
5.9938,0.21996
6.0593,0.2664
6.0918,0.23553
6.1562,0.24716
6.1882,0.27771
6.22,0.24369
6.2517,0.23874
6.2832,0.22571
6.3145,0.26096
6.3457,0.23597
6.4076,0.24008
6.4383,0.23538
6.4689,0.2481
6.4994,0.24524
6.5297,0.19334
6.5598,0.22209
6.5899,0.21062
6.6791,0.23944
6.7086,0.20623
6.738,0.23354
6.7672,0.21058
6.7963,0.21711
6.8253,0.20121
6.8829,0.23711
6.9115,0.23973
6.94,0.21415
6.9684,0.216
7.0248,0.21678
7.0529,0.20132
7.1086,0.21074
7.1363,0.20962
7.1639,0.20237
7.1914,0.20666
7.2188,0.23438
7.2461,0.22209
7.2733,0.22013
7.3274,0.18678
7.3543,0.19127
7.3811,0.17354
7.4078,0.1987
7.4344,0.20767
7.4609,0.19153
7.4873,0.1854
7.566,0.1969
7.592,0.18666
7.618,0.19273
7.6696,0.19393
7.6953,0.20096
7.7719,0.18518
7.7972,0.17816
7.8225,0.19142
7.8978,0.18659
7.9725,0.19667
8.0218,0.19452
8.0464,0.23888
8.0709,0.1746
8.0953,0.22667
8.1439,0.18601
8.1923,0.18329
8.2403,0.22283
8.2642,0.18653
8.3828,0.16932
8.4063,0.16678
8.4532,0.19112
8.4765,0.1676
8.5461,0.18307
8.638,0.18041
8.7062,0.19746
8.7515,0.17583
8.8189,0.21729
8.8412,0.17251
8.9742,0.18428
9.0181,0.16342
9.17,0.16192
9.2557,0.21227
9.4248,0.17525
9.4457,0.15151
9.4457,0.16453
