0.62832,6.3754
0.88858,11.149
1.0883,20.337
1.2566,56.465
1.405,96.174
1.5391,112.77
1.7772,28.256
1.885,20.151
1.9869,15.657
2.0839,12.498
2.1766,8.6855
2.2654,6.4834
2.351,5.2877
2.5133,4.8033
2.5906,3.5308
2.6657,2.7771
2.7388,2.9949
2.8099,2.2893
2.8793,2.0229
2.9471,1.7715
3.0781,1.5635
3.1416,1.354
3.2038,1.149
3.2648,1.0746
3.3836,0.91677
3.4414,0.95747
3.5543,0.76269
3.6094,0.7853
3.6637,0.69296
3.7172,0.71227
3.7699,0.71656
3.8219,0.6291
3.8732,0.59397
3.9738,0.57863
4.0232,0.51825
4.072,0.56797
4.1202,0.4681
4.1678,0.51595
4.2149,0.4766
4.2615,0.50343
4.3531,0.41893
4.3982,0.42641
4.4429,0.433
4.4871,0.46975
4.5309,0.38512
4.5742,0.39285
4.6172,0.37605
4.7019,0.36073
4.7437,0.36044
4.7851,0.343
4.8262,0.35112
4.9073,0.30903
4.9474,0.30828
5.0265,0.33955
5.0657,0.29973
5.1045,0.28558
5.143,0.29548
5.1812,0.27358
5.2192,0.27599
5.2569,0.26615
5.3315,0.27047
5.3684,0.26156
5.405,0.25935
5.4414,0.22492
5.4776,0.22647
5.5135,0.24914
5.5492,0.24971
5.6199,0.23384
5.6549,0.25695
5.6897,0.27142
5.7243,0.2115
5.7586,0.24068
5.7928,0.24245
5.8268,0.26058
5.8942,0.20877
5.9275,0.21738
5.9608,0.22875
5.9938,0.22339
6.0593,0.19745
6.0918,0.2497
6.1562,0.20379
6.1882,0.19702
6.22,0.20411
6.2517,0.19245
6.2832,0.2256
6.3145,0.21411
6.3457,0.1859
6.4076,0.21108
6.4383,0.20284
6.4689,0.18818
6.4994,0.20169
6.5297,0.21113
6.5598,0.2024
6.5899,0.18931
6.6791,0.20227
6.7086,0.1928
6.738,0.2145
6.7672,0.19642
6.7963,0.19233
6.8253,0.18681
6.8829,0.19549
6.9115,0.18016
6.94,0.19642
6.9684,0.18226
7.0248,0.20982
7.0529,0.18423
7.1086,0.19575
7.1363,0.18231
7.1639,0.20789
7.1914,0.18692
7.2188,0.17608
7.2461,0.17932
7.2733,0.20689
7.3274,0.17023
7.3543,0.18573
7.3811,0.1389
7.4078,0.1671
7.4344,0.14159
7.4609,0.20987
7.4873,0.16468
7.566,0.16224
7.592,0.16622
7.618,0.15425
7.6696,0.17676
7.6953,0.17465
7.7719,0.15889
7.7972,0.1625
7.8225,0.19196
7.8978,0.14738
7.9725,0.16693
8.0218,0.16136
8.0464,0.15304
8.0709,0.17954
8.0953,0.16072
8.1439,0.17637
8.1923,0.17195
8.2403,0.15629
8.2642,0.16944
8.3828,0.15094
8.4063,0.17903
8.4532,0.16485
8.4765,0.20027
8.5461,0.17577
8.638,0.17054
8.7062,0.14768
8.7515,0.13854
8.8189,0.14725
8.8412,0.17373
8.9742,0.16764
9.0181,0.18055
9.17,0.16868
9.2557,0.13487
9.4248,0.17182
9.4457,0.12424
9.4457,0.18718
