0.62832,18.692
0.88858,30.355
1.0883,37.706
1.2566,24.961
1.405,19.235
1.5391,13.493
1.7772,8.299
1.885,5.8507
1.9869,4.8313
2.0839,4.5212
2.1766,3.6931
2.2654,3.1268
2.351,2.8668
2.5133,2.0228
2.5906,2.0252
2.6657,1.9119
2.7388,1.7517
2.8099,1.6567
2.8793,1.4574
2.9471,1.2381
3.0781,1.1496
3.1416,1.1364
3.2038,1.0669
3.2648,1.0784
3.3836,0.89069
3.4414,0.88719
3.5543,0.83974
3.6094,0.76759
3.6637,0.77859
3.7172,0.73056
3.7699,0.70555
3.8219,0.66894
3.8732,0.69012
3.9738,0.62601
4.0232,0.58515
4.072,0.62225
4.1202,0.53104
4.1678,0.56371
4.2149,0.5667
4.2615,0.53119
4.3531,0.55219
4.3982,0.50356
4.4429,0.5153
4.4871,0.46079
4.5309,0.44904
4.5742,0.46286
4.6172,0.47483
4.7019,0.4455
4.7437,0.46336
4.7851,0.42912
4.8262,0.41211
4.9073,0.39875
4.9474,0.39703
5.0265,0.35346
5.0657,0.38225
5.1045,0.39892
5.143,0.34852
5.1812,0.35885
5.2192,0.38368
5.2569,0.35186
5.3315,0.36662
5.3684,0.36003
5.405,0.33869
5.4414,0.28998
5.4776,0.33758
5.5135,0.35257
5.5492,0.37107
5.6199,0.31225
5.6549,0.31673
5.6897,0.29974
5.7243,0.28829
5.7586,0.32965
5.7928,0.30445
5.8268,0.31187
5.8942,0.28756
5.9275,0.29564
5.9608,0.29323
5.9938,0.31156
6.0593,0.266
6.0918,0.28157
6.1562,0.30078
6.1882,0.2877
6.22,0.26868
6.2517,0.24004
6.2832,0.28896
6.3145,0.26008
6.3457,0.29304
6.4076,0.26386
6.4383,0.26733
6.4689,0.25929
6.4994,0.24834
6.5297,0.24834
6.5598,0.24768
6.5899,0.23751
6.6791,0.25074
6.7086,0.21343
6.738,0.25366
6.7672,0.2342
6.7963,0.22591
6.8253,0.24308
6.8829,0.26316
6.9115,0.2305
6.94,0.22047
6.9684,0.25694
7.0248,0.23534
7.0529,0.25504
7.1086,0.20588
7.1363,0.23767
7.1639,0.22045
7.1914,0.22381
7.2188,0.20361
7.2461,0.21873
7.2733,0.20796
7.3274,0.23322
7.3543,0.20267
7.3811,0.20456
7.4078,0.24357
7.4344,0.2138
7.4609,0.20667
7.4873,0.1965
7.566,0.20853
7.592,0.21855
7.618,0.19393
7.6696,0.2162
7.6953,0.21106
7.7719,0.21053
7.7972,0.20877
7.8225,0.18889
7.8978,0.19544
7.9725,0.21942
8.0218,0.21374
8.0464,0.158
8.0709,0.20304
8.0953,0.18769
8.1439,0.20514
8.1923,0.19145
8.2403,0.16874
8.2642,0.20491
8.3828,0.20211
8.4063,0.19582
8.4532,0.16766
8.4765,0.20321
8.5461,0.19229
8.638,0.19859
8.7062,0.15706
8.7515,0.20259
8.8189,0.1909
8.8412,0.18409
8.9742,0.18915
9.0181,0.16858
9.17,0.18284
9.2557,0.18443
9.4248,0.18715
9.4457,0.16845
9.4457,0.13605
