0.62832,6.044
0.88858,11.227
1.0883,28.826
1.2566,90.752
1.405,111.52
1.5391,124.43
1.7772,42.022
1.885,21.219
1.9869,16.984
2.0839,11.907
2.1766,7.5172
2.2654,6.0368
2.351,5.1929
2.5133,5.6212
2.5906,4.0142
2.6657,3.387
2.7388,2.8172
2.8099,2.6613
2.8793,2.2713
2.9471,1.7338
3.0781,1.465
3.1416,1.3361
3.2038,1.1718
3.2648,1.0862
3.3836,0.95968
3.4414,0.96114
3.5543,0.7639
3.6094,0.75655
3.6637,0.66564
3.7172,0.73013
3.7699,0.65431
3.8219,0.74601
3.8732,0.64103
3.9738,0.64944
4.0232,0.61637
4.072,0.51323
4.1202,0.52711
4.1678,0.57441
4.2149,0.49837
4.2615,0.49654
4.3531,0.45072
4.3982,0.48249
4.4429,0.49128
4.4871,0.50308
4.5309,0.44129
4.5742,0.40617
4.6172,0.41464
4.7019,0.36658
4.7437,0.39673
4.7851,0.3981
4.8262,0.36143
4.9073,0.32773
4.9474,0.32831
5.0265,0.41674
5.0657,0.31362
5.1045,0.29534
5.143,0.27961
5.1812,0.33491
5.2192,0.30638
5.2569,0.25955
5.3315,0.27826
5.3684,0.26452
5.405,0.26281
5.4414,0.25443
5.4776,0.23233
5.5135,0.25106
5.5492,0.24777
5.6199,0.23258
5.6549,0.23671
5.6897,0.27446
5.7243,0.27279
5.7586,0.23206
5.7928,0.23432
5.8268,0.25183
5.8942,0.18797
5.9275,0.21444
5.9608,0.22692
5.9938,0.24417
6.0593,0.21219
6.0918,0.21052
6.1562,0.19808
6.1882,0.21051
6.22,0.18958
6.2517,0.20268
6.2832,0.22894
6.3145,0.21913
6.3457,0.19776
6.4076,0.21213
6.4383,0.19962
6.4689,0.2019
6.4994,0.2103
6.5297,0.21551
6.5598,0.19165
6.5899,0.19324
6.6791,0.19958
6.7086,0.20503
6.738,0.18494
6.7672,0.18089
6.7963,0.20059
6.8253,0.1928
6.8829,0.18898
6.9115,0.16693
6.94,0.18898
6.9684,0.1907
7.0248,0.19037
7.0529,0.19253
7.1086,0.18059
7.1363,0.16204
7.1639,0.20532
7.1914,0.17156
7.2188,0.18701
7.2461,0.17836
7.2733,0.16941
7.3274,0.15864
7.3543,0.17004
7.3811,0.1659
7.4078,0.15794
7.4344,0.1968
7.4609,0.19151
7.4873,0.17687
7.566,0.17123
7.592,0.17518
7.618,0.14871
7.6696,0.17845
7.6953,0.14228
7.7719,0.15436
7.7972,0.16146
7.8225,0.1488
7.8978,0.17109
7.9725,0.16549
8.0218,0.17068
8.0464,0.14787
8.0709,0.1621
8.0953,0.16755
8.1439,0.19512
8.1923,0.15852
8.2403,0.15997
8.2642,0.15317
8.3828,0.14946
8.4063,0.16659
8.4532,0.15786
8.4765,0.17318
8.5461,0.1647
8.638,0.14929
8.7062,0.15143
8.7515,0.16748
8.8189,0.14424
8.8412,0.16247
8.9742,0.20508
9.0181,0.12762
9.17,0.15437
9.2557,0.1521
9.4248,0.16588
9.4457,0.18203
9.4457,0.16758
