0.62832,5.8847
0.88858,12.717
1.0883,26.816
1.2566,57.308
1.405,95.96
1.5391,70.11
1.7772,26.663
1.885,17.537
1.9869,12.453
2.0839,9.159
2.1766,8.3269
2.2654,6.4078
2.351,4.6657
2.5133,3.8157
2.5906,2.8404
2.6657,2.5289
2.7388,2.3577
2.8099,2.0154
2.8793,1.8557
2.9471,1.5242
3.0781,1.4084
3.1416,1.2484
3.2038,1.2216
3.2648,1.0674
3.3836,0.88399
3.4414,0.8823
3.5543,0.73028
3.6094,0.6078
3.6637,0.71329
3.7172,0.67757
3.7699,0.70027
3.8219,0.61872
3.8732,0.61278
3.9738,0.58949
4.0232,0.54245
4.072,0.54462
4.1202,0.49469
4.1678,0.48319
4.2149,0.46804
4.2615,0.47094
4.3531,0.47048
4.3982,0.46087
4.4429,0.39538
4.4871,0.4033
4.5309,0.39128
4.5742,0.39753
4.6172,0.39666
4.7019,0.35068
4.7437,0.36512
4.7851,0.35711
4.8262,0.35652
4.9073,0.32749
4.9474,0.33029
5.0265,0.36819
5.0657,0.31673
5.1045,0.31276
5.143,0.29789
5.1812,0.2985
5.2192,0.30014
5.2569,0.28754
5.3315,0.28118
5.3684,0.26757
5.405,0.27538
5.4414,0.27455
5.4776,0.25584
5.5135,0.24984
5.5492,0.24846
5.6199,0.25425
5.6549,0.24183
5.6897,0.26306
5.7243,0.26727
5.7586,0.24036
5.7928,0.2622
5.8268,0.24939
5.8942,0.22156
5.9275,0.22916
5.9608,0.23691
5.9938,0.27205
6.0593,0.2151
6.0918,0.22348
6.1562,0.22299
6.1882,0.21837
6.22,0.21622
6.2517,0.22488
6.2832,0.23265
6.3145,0.23016
6.3457,0.21862
6.4076,0.21176
6.4383,0.23312
6.4689,0.2054
6.4994,0.22999
6.5297,0.21359
6.5598,0.22436
6.5899,0.19446
6.6791,0.19558
6.7086,0.21251
6.738,0.20478
6.7672,0.2041
6.7963,0.1952
6.8253,0.20237
6.8829,0.21231
6.9115,0.18246
6.94,0.19615
6.9684,0.20606
7.0248,0.20549
7.0529,0.20668
7.1086,0.15249
7.1363,0.20242
7.1639,0.19386
7.1914,0.18543
7.2188,0.19345
7.2461,0.18637
7.2733,0.17942
7.3274,0.18404
7.3543,0.1836
7.3811,0.17628
7.4078,0.27049
7.4344,0.24855
7.4609,0.1902
7.4873,0.16047
7.566,0.18802
7.592,0.16102
7.618,0.19546
7.6696,0.17823
7.6953,0.18751
7.7719,0.17311
7.7972,0.17398
7.8225,0.17594
7.8978,0.19244
7.9725,0.1691
8.0218,0.15995
8.0464,0.17439
8.0709,0.16801
8.0953,0.19019
8.1439,0.18191
8.1923,0.20244
8.2403,0.17045
8.2642,0.18407
8.3828,0.14085
8.4063,0.19015
8.4532,0.17462
8.4765,0.1648
8.5461,0.17629
8.638,0.15973
8.7062,0.17821
8.7515,0.20309
8.8189,0.16158
8.8412,0.14748
8.9742,0.16803
9.0181,0.18955
9.17,0.15613
9.2557,0.18181
9.4248,0.18422
9.4457,0.16509
9.4457,0.142
