0.62832,7.8211
0.88858,14.623
1.0883,26.262
1.2566,61.783
1.405,81.998
1.5391,64.099
1.7772,24.518
1.885,15.73
1.9869,11.581
2.0839,9.8372
2.1766,7.2565
2.2654,5.1586
2.351,5.0915
2.5133,3.6735
2.5906,2.8995
2.6657,2.6968
2.7388,2.2805
2.8099,2.0474
2.8793,1.7487
2.9471,1.5175
3.0781,1.314
3.1416,1.2019
3.2038,1.1951
3.2648,1.0096
3.3836,0.95354
3.4414,0.9247
3.5543,0.7294
3.6094,0.75052
3.6637,0.71248
3.7172,0.74194
3.7699,0.69145
3.8219,0.66358
3.8732,0.62151
3.9738,0.55212
4.0232,0.50907
4.072,0.4972
4.1202,0.48664
4.1678,0.53275
4.2149,0.48741
4.2615,0.46542
4.3531,0.47059
4.3982,0.41048
4.4429,0.42553
4.4871,0.43938
4.5309,0.39871
4.5742,0.37151
4.6172,0.39163
4.7019,0.34311
4.7437,0.35583
4.7851,0.32734
4.8262,0.34736
4.9073,0.31285
4.9474,0.32758
5.0265,0.31329
5.0657,0.343
5.1045,0.29723
5.143,0.29498
5.1812,0.29354
5.2192,0.30748
5.2569,0.263
5.3315,0.2887
5.3684,0.29325
5.405,0.27752
5.4414,0.2363
5.4776,0.29612
5.5135,0.25547
5.5492,0.26799
5.6199,0.24762
5.6549,0.26909
5.6897,0.2655
5.7243,0.27793
5.7586,0.24562
5.7928,0.24113
5.8268,0.25537
5.8942,0.23983
5.9275,0.24562
5.9608,0.23623
5.9938,0.23359
6.0593,0.22224
6.0918,0.21098
6.1562,0.28025
6.1882,0.2251
6.22,0.22233
6.2517,0.2313
6.2832,0.23123
6.3145,0.23931
6.3457,0.20953
6.4076,0.21416
6.4383,0.21968
6.4689,0.22095
6.4994,0.21992
6.5297,0.20262
6.5598,0.20867
6.5899,0.21416
6.6791,0.20895
6.7086,0.19818
6.738,0.19774
6.7672,0.19213
6.7963,0.21064
6.8253,0.21188
6.8829,0.17576
6.9115,0.17912
6.94,0.23747
6.9684,0.20601
7.0248,0.19603
7.0529,0.19261
7.1086,0.18193
7.1363,0.2005
7.1639,0.24848
7.1914,0.19617
7.2188,0.18573
7.2461,0.22111
7.2733,0.19793
7.3274,0.17941
7.3543,0.19792
7.3811,0.20641
7.4078,0.17915
7.4344,0.18317
7.4609,0.19685
7.4873,0.14173
7.566,0.19891
7.592,0.18117
7.618,0.16952
7.6696,0.18648
7.6953,0.20588
7.7719,0.16647
7.7972,0.2087
7.8225,0.17757
7.8978,0.18581
7.9725,0.17176
8.0218,0.1832
8.0464,0.19189
8.0709,0.16689
8.0953,0.1346
8.1439,0.19717
8.1923,0.17619
8.2403,0.1684
8.2642,0.18753
8.3828,0.17055
8.4063,0.14751
8.4532,0.16744
8.4765,0.16888
8.5461,0.1464
8.638,0.16016
8.7062,0.18661
8.7515,0.16531
8.8189,0.13989
8.8412,0.16677
8.9742,0.16689
9.0181,0.19301
9.17,0.17854
9.2557,0.15922
9.4248,0.1486
9.4457,0.14888
9.4457,0.17713
