0.62832,10.296
0.88858,16.865
1.0883,38.182
1.2566,69.199
1.405,59.318
1.5391,49.789
1.7772,16.074
1.885,11.867
1.9869,8.7498
2.0839,7.7144
2.1766,6.4171
2.2654,5.1063
2.351,4.0219
2.5133,3.0612
2.5906,2.4776
2.6657,2.2688
2.7388,2.0639
2.8099,1.8776
2.8793,1.7271
2.9471,1.5111
3.0781,1.3331
3.1416,1.2492
3.2038,1.1385
3.2648,1.0066
3.3836,0.8927
3.4414,0.9484
3.5543,0.65897
3.6094,0.78207
3.6637,0.72694
3.7172,0.75336
3.7699,0.69189
3.8219,0.64701
3.8732,0.62901
3.9738,0.57363
4.0232,0.55928
4.072,0.52713
4.1202,0.56767
4.1678,0.54152
4.2149,0.49937
4.2615,0.49054
4.3531,0.5167
4.3982,0.42873
4.4429,0.44114
4.4871,0.45143
4.5309,0.4196
4.5742,0.39355
4.6172,0.42355
4.7019,0.37627
4.7437,0.39846
4.7851,0.40491
4.8262,0.3583
4.9073,0.35636
4.9474,0.34895
5.0265,0.35331
5.0657,0.3342
5.1045,0.33981
5.143,0.35221
5.1812,0.35658
5.2192,0.32822
5.2569,0.30236
5.3315,0.32552
5.3684,0.33931
5.405,0.28962
5.4414,0.27921
5.4776,0.30699
5.5135,0.28367
5.5492,0.29544
5.6199,0.27006
5.6549,0.26757
5.6897,0.28146
5.7243,0.26698
5.7586,0.27338
5.7928,0.2649
5.8268,0.26217
5.8942,0.23641
5.9275,0.25579
5.9608,0.2735
5.9938,0.28661
6.0593,0.26417
6.0918,0.25
6.1562,0.25099
6.1882,0.2315
6.22,0.24537
6.2517,0.23827
6.2832,0.23581
6.3145,0.23697
6.3457,0.23269
6.4076,0.24756
6.4383,0.22508
6.4689,0.22744
6.4994,0.20995
6.5297,0.22617
6.5598,0.22049
6.5899,0.22123
6.6791,0.24441
6.7086,0.21265
6.738,0.22326
6.7672,0.23999
6.7963,0.22692
6.8253,0.20246
6.8829,0.22299
6.9115,0.20924
6.94,0.19528
6.9684,0.23181
7.0248,0.21839
7.0529,0.22014
7.1086,0.22341
7.1363,0.18688
7.1639,0.19177
7.1914,0.19418
7.2188,0.19474
7.2461,0.22572
7.2733,0.20001
7.3274,0.20531
7.3543,0.18979
7.3811,0.19969
7.4078,0.19597
7.4344,0.20949
7.4609,0.23334
7.4873,0.20335
7.566,0.18304
7.592,0.20204
7.618,0.21244
7.6696,0.19613
7.6953,0.20287
7.7719,0.20176
7.7972,0.19272
7.8225,0.18774
7.8978,0.2014
7.9725,0.20339
8.0218,0.16347
8.0464,0.19132
8.0709,0.21322
8.0953,0.18308
8.1439,0.19628
8.1923,0.18131
8.2403,0.18285
8.2642,0.22418
8.3828,0.16505
8.4063,0.14819
8.4532,0.19452
8.4765,0.19108
8.5461,0.18901
8.638,0.17254
8.7062,0.16411
8.7515,0.19693
8.8189,0.16293
8.8412,0.19997
8.9742,0.13294
9.0181,0.18818
9.17,0.18505
9.2557,0.16685
9.4248,0.14808
9.4457,0.17772
9.4457,0.15061
