0.62832,16.948
0.88858,15.817
1.0883,14.018
1.2566,9.8684
1.405,7.8712
1.5391,6.0905
1.7772,4.6887
1.885,3.6815
1.9869,3.1599
2.0839,3.1558
2.1766,2.7769
2.2654,2.2401
2.351,2.2644
2.5133,1.7723
2.5906,1.6637
2.6657,1.5573
2.7388,1.2127
2.8099,1.3481
2.8793,1.2944
2.9471,1.1918
3.0781,1.028
3.1416,1.0628
3.2038,1.0317
3.2648,0.93793
3.3836,0.87594
3.4414,0.87762
3.5543,0.7661
3.6094,0.81465
3.6637,0.79116
3.7172,0.78746
3.7699,0.72174
3.8219,0.66833
3.8732,0.70356
3.9738,0.63821
4.0232,0.64733
4.072,0.63105
4.1202,0.57403
4.1678,0.63292
4.2149,0.54889
4.2615,0.53237
4.3531,0.66844
4.3982,0.52925
4.4429,0.5068
4.4871,0.5261
4.5309,0.53209
4.5742,0.4721
4.6172,0.47172
4.7019,0.45563
4.7437,0.44968
4.7851,0.48142
4.8262,0.43795
4.9073,0.41993
4.9474,0.42127
5.0265,0.40358
5.0657,0.41405
5.1045,0.37083
5.143,0.36485
5.1812,0.39928
5.2192,0.38176
5.2569,0.37265
5.3315,0.34977
5.3684,0.33232
5.405,0.32896
5.4414,0.36293
5.4776,0.38397
5.5135,0.37531
5.5492,0.31503
5.6199,0.36124
5.6549,0.33224
5.6897,0.31914
5.7243,0.29655
5.7586,0.32538
5.7928,0.33185
5.8268,0.32397
5.8942,0.28831
5.9275,0.30371
5.9608,0.32142
5.9938,0.28401
6.0593,0.2913
6.0918,0.28548
6.1562,0.29125
6.1882,0.29966
6.22,0.30269
6.2517,0.24849
6.2832,0.30448
6.3145,0.27882
6.3457,0.26025
6.4076,0.27364
6.4383,0.26703
6.4689,0.26236
6.4994,0.25449
6.5297,0.30776
6.5598,0.2667
6.5899,0.27496
6.6791,0.26189
6.7086,0.23578
6.738,0.28307
6.7672,0.2567
6.7963,0.26059
6.8253,0.25792
6.8829,0.26663
6.9115,0.26607
6.94,0.25484
6.9684,0.24567
7.0248,0.22496
7.0529,0.27307
7.1086,0.2243
7.1363,0.22582
7.1639,0.23017
7.1914,0.20451
7.2188,0.24721
7.2461,0.23072
7.2733,0.23761
7.3274,0.24292
7.3543,0.19046
7.3811,0.23461
7.4078,0.22569
7.4344,0.30465
7.4609,0.25469
7.4873,0.23152
7.566,0.20604
7.592,0.208
7.618,0.23423
7.6696,0.21632
7.6953,0.19026
7.7719,0.18496
7.7972,0.20898
7.8225,0.20459
7.8978,0.19749
7.9725,0.20426
8.0218,0.19138
8.0464,0.22667
8.0709,0.22228
8.0953,0.20739
8.1439,0.19645
8.1923,0.18276
8.2403,0.22214
8.2642,0.17081
8.3828,0.17005
8.4063,0.19273
8.4532,0.21625
8.4765,0.18648
8.5461,0.19028
8.638,0.17908
8.7062,0.2336
8.7515,0.2061
8.8189,0.21381
8.8412,0.18512
8.9742,0.1464
9.0181,0.18712
9.17,0.17391
9.2557,0.15456
9.4248,0.17255
9.4457,0.20029
9.4457,0.18776
