0.62832,10.895
0.88858,15.647
1.0883,28.495
1.2566,61.553
1.405,63.172
1.5391,42.557
1.7772,17.261
1.885,12.323
1.9869,8.4895
2.0839,6.6195
2.1766,5.4263
2.2654,4.5285
2.351,3.8924
2.5133,2.8955
2.5906,2.476
2.6657,2.3984
2.7388,2.2133
2.8099,1.8414
2.8793,1.7447
2.9471,1.4676
3.0781,1.2424
3.1416,1.1622
3.2038,1.1359
3.2648,1.0273
3.3836,0.92671
3.4414,0.88039
3.5543,0.86173
3.6094,0.78562
3.6637,0.72737
3.7172,0.73814
3.7699,0.67711
3.8219,0.67357
3.8732,0.62611
3.9738,0.59529
4.0232,0.57863
4.072,0.55207
4.1202,0.53318
4.1678,0.49532
4.2149,0.48763
4.2615,0.47572
4.3531,0.5337
4.3982,0.45681
4.4429,0.44972
4.4871,0.42507
4.5309,0.45757
4.5742,0.44828
4.6172,0.41899
4.7019,0.42857
4.7437,0.39126
4.7851,0.38994
4.8262,0.37935
4.9073,0.35611
4.9474,0.34504
5.0265,0.33203
5.0657,0.34505
5.1045,0.33266
5.143,0.37411
5.1812,0.32667
5.2192,0.33828
5.2569,0.28464
5.3315,0.29631
5.3684,0.30649
5.405,0.28426
5.4414,0.29211
5.4776,0.28444
5.5135,0.28227
5.5492,0.27681
5.6199,0.26959
5.6549,0.27212
5.6897,0.28964
5.7243,0.26291
5.7586,0.27252
5.7928,0.2843
5.8268,0.28315
5.8942,0.26667
5.9275,0.25573
5.9608,0.25097
5.9938,0.28093
6.0593,0.25392
6.0918,0.24742
6.1562,0.19796
6.1882,0.24368
6.22,0.23367
6.2517,0.23307
6.2832,0.24788
6.3145,0.24386
6.3457,0.21496
6.4076,0.23148
6.4383,0.23527
6.4689,0.24115
6.4994,0.21519
6.5297,0.22879
6.5598,0.21986
6.5899,0.24776
6.6791,0.23258
6.7086,0.21183
6.738,0.25216
6.7672,0.21645
6.7963,0.22836
6.8253,0.22183
6.8829,0.22578
6.9115,0.20886
6.94,0.20782
6.9684,0.25773
7.0248,0.22089
7.0529,0.2111
7.1086,0.18707
7.1363,0.21
7.1639,0.2515
7.1914,0.21899
7.2188,0.22326
7.2461,0.22023
7.2733,0.20466
7.3274,0.2036
7.3543,0.20791
7.3811,0.20132
7.4078,0.15207
7.4344,0.19175
7.4609,0.18464
7.4873,0.16369
7.566,0.19445
7.592,0.20961
7.618,0.19806
7.6696,0.18844
7.6953,0.1676
7.7719,0.18579
7.7972,0.18341
7.8225,0.19561
7.8978,0.1896
7.9725,0.20092
8.0218,0.21169
8.0464,0.2111
8.0709,0.2013
8.0953,0.1682
8.1439,0.20103
8.1923,0.18875
8.2403,0.16216
8.2642,0.14881
8.3828,0.16363
8.4063,0.18064
8.4532,0.18624
8.4765,0.18
8.5461,0.19457
8.638,0.19887
8.7062,0.21261
8.7515,0.17217
8.8189,0.21807
8.8412,0.17154
8.9742,0.16156
9.0181,0.13482
9.17,0.18918
9.2557,0.18424
9.4248,0.17087
9.4457,0.18076
9.4457,0.16657
