0.62832,14.077
0.88858,26.693
1.0883,48.506
1.2566,54.029
1.405,34.521
1.5391,25.84
1.7772,11.708
1.885,9.4827
1.9869,6.6531
2.0839,6.5962
2.1766,4.6708
2.2654,3.8959
2.351,3.6519
2.5133,2.3301
2.5906,2.2725
2.6657,2.0388
2.7388,1.9263
2.8099,1.7187
2.8793,1.5986
2.9471,1.3422
3.0781,1.2877
3.1416,1.2086
3.2038,1.173
3.2648,1.0169
3.3836,0.91635
3.4414,0.88549
3.5543,0.80102
3.6094,0.76137
3.6637,0.79948
3.7172,0.66064
3.7699,0.6588
3.8219,0.70314
3.8732,0.6419
3.9738,0.58566
4.0232,0.59892
4.072,0.55596
4.1202,0.59814
4.1678,0.56835
4.2149,0.5372
4.2615,0.55839
4.3531,0.45301
4.3982,0.49681
4.4429,0.47028
4.4871,0.49418
4.5309,0.44039
4.5742,0.44742
4.6172,0.42049
4.7019,0.4254
4.7437,0.39727
4.7851,0.42747
4.8262,0.37186
4.9073,0.38277
4.9474,0.37744
5.0265,0.35462
5.0657,0.36993
5.1045,0.38557
5.143,0.34835
5.1812,0.35364
5.2192,0.34609
5.2569,0.31956
5.3315,0.36388
5.3684,0.34163
5.405,0.31599
5.4414,0.29337
5.4776,0.30987
5.5135,0.34335
5.5492,0.31352
5.6199,0.31644
5.6549,0.31078
5.6897,0.29715
5.7243,0.30047
5.7586,0.28833
5.7928,0.29033
5.8268,0.28116
5.8942,0.27718
5.9275,0.27906
5.9608,0.28985
5.9938,0.2889
6.0593,0.26158
6.0918,0.28967
6.1562,0.24696
6.1882,0.28452
6.22,0.26107
6.2517,0.25922
6.2832,0.26896
6.3145,0.26645
6.3457,0.26863
6.4076,0.24557
6.4383,0.24438
6.4689,0.25085
6.4994,0.23934
6.5297,0.21553
6.5598,0.24622
6.5899,0.23398
6.6791,0.24923
6.7086,0.21149
6.738,0.22829
6.7672,0.24204
6.7963,0.24835
6.8253,0.23401
6.8829,0.24251
6.9115,0.21658
6.94,0.22373
6.9684,0.19959
7.0248,0.22754
7.0529,0.22539
7.1086,0.20514
7.1363,0.21877
7.1639,0.21244
7.1914,0.21465
7.2188,0.23348
7.2461,0.20256
7.2733,0.22435
7.3274,0.21204
7.3543,0.19294
7.3811,0.21859
7.4078,0.19134
7.4344,0.24439
7.4609,0.22002
7.4873,0.21068
7.566,0.20737
7.592,0.19857
7.618,0.24579
7.6696,0.21183
7.6953,0.23119
7.7719,0.21618
7.7972,0.20335
7.8225,0.20008
7.8978,0.19236
7.9725,0.21125
8.0218,0.19178
8.0464,0.20231
8.0709,0.20866
8.0953,0.19086
8.1439,0.19748
8.1923,0.1768
8.2403,0.17545
8.2642,0.22356
8.3828,0.2006
8.4063,0.1694
8.4532,0.20678
8.4765,0.2232
8.5461,0.18895
8.638,0.16777
8.7062,0.19134
8.7515,0.15754
8.8189,0.1812
8.8412,0.17231
8.9742,0.20247
9.0181,0.12608
9.17,0.18081
9.2557,0.18075
9.4248,0.17008
9.4457,0.17421
9.4457,0.13945
