0.62832,6.2322
0.88858,11.605
1.0883,29.091
1.2566,87.327
1.405,105.72
1.5391,115.97
1.7772,37.683
1.885,18.428
1.9869,19.792
2.0839,12.294
2.1766,7.2471
2.2654,5.9411
2.351,4.8143
2.5133,5.0011
2.5906,3.4299
2.6657,3.1156
2.7388,2.529
2.8099,2.6355
2.8793,2.1134
2.9471,1.7991
3.0781,1.3027
3.1416,1.3385
3.2038,1.2075
3.2648,1.0177
3.3836,0.86653
3.4414,0.86376
3.5543,0.77556
3.6094,0.73245
3.6637,0.72002
3.7172,0.71962
3.7699,0.71132
3.8219,0.73125
3.8732,0.63074
3.9738,0.63922
4.0232,0.56235
4.072,0.53005
4.1202,0.53983
4.1678,0.60018
4.2149,0.51779
4.2615,0.54085
4.3531,0.41579
4.3982,0.46346
4.4429,0.4762
4.4871,0.4549
4.5309,0.42134
4.5742,0.43402
4.6172,0.41387
4.7019,0.38382
4.7437,0.41276
4.7851,0.40061
4.8262,0.33663
4.9073,0.31942
4.9474,0.32622
5.0265,0.37313
5.0657,0.30912
5.1045,0.27915
5.143,0.28985
5.1812,0.31357
5.2192,0.29027
5.2569,0.24834
5.3315,0.28957
5.3684,0.26973
5.405,0.25173
5.4414,0.23867
5.4776,0.2177
5.5135,0.24262
5.5492,0.23306
5.6199,0.25169
5.6549,0.24542
5.6897,0.27575
5.7243,0.23908
5.7586,0.21873
5.7928,0.23278
5.8268,0.2475
5.8942,0.20554
5.9275,0.22806
5.9608,0.21845
5.9938,0.21908
6.0593,0.19891
6.0918,0.23365
6.1562,0.17518
6.1882,0.19535
6.22,0.20457
6.2517,0.19994
6.2832,0.20614
6.3145,0.21181
6.3457,0.20785
6.4076,0.21686
6.4383,0.19457
6.4689,0.19749
6.4994,0.19784
6.5297,0.20754
6.5598,0.18605
6.5899,0.19411
6.6791,0.19224
6.7086,0.18934
6.738,0.19322
6.7672,0.19114
6.7963,0.19108
6.8253,0.19744
6.8829,0.18401
6.9115,0.16472
6.94,0.16331
6.9684,0.13393
7.0248,0.20848
7.0529,0.19581
7.1086,0.1398
7.1363,0.17674
7.1639,0.14787
7.1914,0.17283
7.2188,0.18446
7.2461,0.16042
7.2733,0.17623
7.3274,0.16777
7.3543,0.19083
7.3811,0.17766
7.4078,0.16527
7.4344,0.17164
7.4609,0.17681
7.4873,0.18586
7.566,0.18568
7.592,0.20773
7.618,0.16062
7.6696,0.17568
7.6953,0.16508
7.7719,0.16484
7.7972,0.16178
7.8225,0.17386
7.8978,0.16087
7.9725,0.17108
8.0218,0.11324
8.0464,0.17979
8.0709,0.19819
8.0953,0.14389
8.1439,0.17525
8.1923,0.15859
8.2403,0.17642
8.2642,0.18653
8.3828,0.14757
8.4063,0.14578
8.4532,0.16763
8.4765,0.166
8.5461,0.14703
8.638,0.15773
8.7062,0.14983
8.7515,0.18844
8.8189,0.16379
8.8412,0.15445
8.9742,0.14826
9.0181,0.16196
9.17,0.15623
9.2557,0.17572
9.4248,0.18002
9.4457,0.14174
9.4457,0.16489
