0.62832,2.0481
0.88858,1.8215
1.0883,1.7123
1.2566,1.803
1.405,1.6757
1.5391,1.7036
1.7772,1.2175
1.885,1.3115
1.9869,1.3429
2.0839,1.3217
2.1766,1.2165
2.2654,1.1055
2.351,1.0802
2.5133,0.98802
2.5906,0.98371
2.6657,0.92157
2.7388,0.87894
2.8099,0.94411
2.8793,0.8909
2.9471,0.8577
3.0781,0.79428
3.1416,0.7908
3.2038,0.7466
3.2648,0.80106
3.3836,0.74117
3.4414,0.69634
3.5543,0.67331
3.6094,0.64625
3.6637,0.64148
3.7172,0.65332
3.7699,0.62296
3.8219,0.58268
3.8732,0.58451
3.9738,0.5704
4.0232,0.592
4.072,0.55254
4.1202,0.61122
4.1678,0.52768
4.2149,0.53751
4.2615,0.5343
4.3531,0.45942
4.3982,0.49291
4.4429,0.48757
4.4871,0.46148
4.5309,0.44053
4.5742,0.46942
4.6172,0.44954
4.7019,0.43682
4.7437,0.44365
4.7851,0.43258
4.8262,0.44133
4.9073,0.42427
4.9474,0.40848
5.0265,0.38297
5.0657,0.40089
5.1045,0.41119
5.143,0.37667
5.1812,0.39877
5.2192,0.37784
5.2569,0.36674
5.3315,0.34723
5.3684,0.34377
5.405,0.3786
5.4414,0.34147
5.4776,0.3704
5.5135,0.34949
5.5492,0.36692
5.6199,0.33796
5.6549,0.34376
5.6897,0.34765
5.7243,0.34778
5.7586,0.34411
5.7928,0.30751
5.8268,0.3224
5.8942,0.34294
5.9275,0.31629
5.9608,0.3128
5.9938,0.31495
6.0593,0.308
6.0918,0.31338
6.1562,0.27143
6.1882,0.28664
6.22,0.29032
6.2517,0.25781
6.2832,0.30182
6.3145,0.30073
6.3457,0.28697
6.4076,0.262
6.4383,0.28946
6.4689,0.26966
6.4994,0.27106
6.5297,0.28499
6.5598,0.26575
6.5899,0.28751
6.6791,0.25556
6.7086,0.24245
6.738,0.22346
6.7672,0.23153
6.7963,0.24881
6.8253,0.26954
6.8829,0.25546
6.9115,0.26551
6.94,0.25666
6.9684,0.26
7.0248,0.24089
7.0529,0.22657
7.1086,0.24361
7.1363,0.24559
7.1639,0.22652
7.1914,0.25584
7.2188,0.24681
7.2461,0.26559
7.2733,0.23588
7.3274,0.23032
7.3543,0.2196
7.3811,0.23881
7.4078,0.29558
7.4344,0.25469
7.4609,0.22837
7.4873,0.26199
7.566,0.22354
7.592,0.20028
7.618,0.23148
7.6696,0.22143
7.6953,0.23907
7.7719,0.23171
7.7972,0.22063
7.8225,0.19549
7.8978,0.191
7.9725,0.22642
8.0218,0.21369
8.0464,0.21199
8.0709,0.20503
8.0953,0.26082
8.1439,0.2224
8.1923,0.19994
8.2403,0.2271
8.2642,0.18841
8.3828,0.17414
8.4063,0.19194
8.4532,0.18193
8.4765,0.19335
8.5461,0.18589
8.638,0.18686
8.7062,0.18418
8.7515,0.2187
8.8189,0.19891
8.8412,0.16291
8.9742,0.19188
9.0181,0.17889
9.17,0.18365
9.2557,0.19667
9.4248,0.21039
9.4457,0.14447
9.4457,0.17207
