0.00100000 
0.27790778 
0.55481556 
0.83172333 
1.10863111 
1.38553889 
1.66244667 
1.93935444 
2.21626222 
2.49317000 
2.77007778 
3.04698556 
3.32389333 
3.60080111 
3.87770889 
4.15461667 
4.43152444 
4.70843222 
4.98534000 
5.26224778 
5.53915556 
5.81606333 
6.09297111 
6.36987889 
6.64678667 
6.92369444 
7.20060222 
7.47751000 
7.75441778 
8.03132556 
8.30823333 
8.58514111 
8.86204889 
9.13895667 
9.41586444 
9.69277222 
9.96968000 
10.24658778 
10.52349556 
10.80040333 
11.07731111 
11.35421889 
11.63112667 
11.90803444 
12.18494222 
12.46185000 
