1,1,1,1,1,1,1,1,1,1,1,1,1,1,1,1,1,1,1,1,1,1,1,1,1,1,1,1,1,1,1,1,1,1,1,1,1,1,1,1,1,1,1,1,1,1,1,1,1,1
0.97034,0.97034,0.97034,0.97034,0.97035,0.97035,0.97035,0.97036,0.97036,0.97036,0.97036,0.97037,0.97037,0.97037,0.97036,0.97036,0.97036,0.97036,0.97035,0.97035,0.97035,0.97034,0.97034,0.97034,0.97039,0.97039,0.97034,0.97034,0.97034,0.97035,0.97035,0.97035,0.97036,0.97036,0.97036,0.97036,0.97037,0.97037,0.97037,0.97036,0.97036,0.97036,0.97036,0.97035,0.97035,0.97035,0.97034,0.97034,0.97034,0.97034
0.88243,0.88243,0.88246,0.88251,0.88257,0.88264,0.88273,0.88282,0.88291,0.883,0.88307,0.88311,0.88314,0.88313,0.88309,0.88303,0.88296,0.88287,0.88277,0.88268,0.8826,0.88253,0.88248,0.88245,0.88243,0.88243,0.88245,0.88248,0.88253,0.8826,0.88268,0.88277,0.88287,0.88296,0.88303,0.88309,0.88313,0.88314,0.88311,0.88307,0.883,0.88291,0.88282,0.88273,0.88264,0.88257,0.88251,0.88246,0.88243,0.88243
0.74728,0.74722,0.74702,0.74672,0.74634,0.74591,0.74547,0.74505,0.74467,0.74435,0.74411,0.74395,0.74388,0.74391,0.74402,0.74422,0.7445,0.74485,0.74525,0.74569,0.74613,0.74654,0.74688,0.74713,0.74727,0.74727,0.74713,0.74688,0.74654,0.74613,0.74569,0.74525,0.74485,0.7445,0.74422,0.74402,0.74391,0.74388,0.74395,0.74411,0.74435,0.74467,0.74505,0.74547,0.74591,0.74634,0.74672,0.74702,0.74722,0.74728
0.59728,0.59695,0.59598,0.59441,0.59231,0.58976,0.58685,0.58371,0.58049,0.57743,0.57482,0.57298,0.57214,0.57242,0.57379,0.57605,0.57892,0.58209,0.5853,0.58834,0.59108,0.59342,0.59527,0.59655,0.5972,0.5972,0.59655,0.59527,0.59342,0.59108,0.58834,0.5853,0.58209,0.57892,0.57605,0.57379,0.57242,0.57214,0.57298,0.57482,0.57743,0.58049,0.58371,0.58685,0.58976,0.59231,0.59441,0.59598,0.59695,0.59728
0.45369,0.45306,0.45122,0.44821,0.44414,0.43912,0.43328,0.42691,0.42046,0.41453,0.40971,0.40645,0.40502,0.4055,0.40787,0.41195,0.41739,0.42366,0.43014,0.43629,0.44174,0.44631,0.44985,0.45229,0.45353,0.45353,0.45229,0.44985,0.44631,0.44174,0.43629,0.43014,0.42366,0.41739,0.41195,0.40787,0.4055,0.40502,0.40645,0.40971,0.41453,0.42046,0.42691,0.43328,0.43912,0.44414,0.44821,0.45122,0.45306,0.45369
0.33062,0.32977,0.32725,0.32315,0.3176,0.31074,0.30288,0.29465,0.28686,0.28021,0.27515,0.27188,0.27047,0.27094,0.27329,0.27747,0.28336,0.29065,0.29877,0.30691,0.31432,0.32055,0.32539,0.32871,0.33041,0.33041,0.32871,0.32539,0.32055,0.31432,0.30691,0.29877,0.29065,0.28336,0.27747,0.27329,0.27094,0.27047,0.27188,0.27515,0.28021,0.28686,0.29465,0.30288,0.31074,0.3176,0.32315,0.32725,0.32977,0.33062
0.23578,0.23479,0.23186,0.22714,0.22079,0.21307,0.20464,0.19642,0.18922,0.18345,0.17922,0.17656,0.17542,0.1758,0.1777,0.18114,0.18614,0.19266,0.20044,0.20889,0.21707,0.22416,0.22972,0.23356,0.23553,0.23553,0.23356,0.22972,0.22416,0.21707,0.20889,0.20044,0.19266,0.18614,0.18114,0.1777,0.1758,0.17542,0.17656,0.17922,0.18345,0.18922,0.19642,0.20464,0.21307,0.22079,0.22714,0.23186,0.23479,0.23578
0.1671,0.16604,0.16295,0.158,0.15145,0.14382,0.13607,0.12912,0.12343,0.11909,0.11603,0.11414,0.11335,0.11361,0.11494,0.1174,0.12109,0.1261,0.13245,0.1399,0.14772,0.1549,0.16069,0.16474,0.16683,0.16683,0.16474,0.16069,0.1549,0.14772,0.1399,0.13245,0.1261,0.12109,0.1174,0.11494,0.11361,0.11335,0.11414,0.11603,0.11909,0.12343,0.12912,0.13607,0.14382,0.15145,0.158,0.16295,0.16604,0.1671
0.11873,0.11765,0.11455,0.10966,0.1034,0.096555,0.090182,0.084922,0.080904,0.07802,0.076095,0.074962,0.074499,0.074652,0.075439,0.076949,0.079331,0.082762,0.087396,0.093255,0.099983,0.10667,0.11231,0.11634,0.11846,0.11846,0.11634,0.11231,0.10667,0.099983,0.093255,0.087396,0.082762,0.079331,0.076949,0.075439,0.074652,0.074499,0.074962,0.076095,0.07802,0.080904,0.084922,0.090182,0.096555,0.1034,0.10966,0.11455,0.11765,0.11873
0.085187,0.084136,0.081129,0.076511,0.07085,0.065149,0.060322,0.056673,0.054116,0.052434,0.051403,0.050836,0.050615,0.050687,0.05107,0.05185,0.05318,0.055271,0.058351,0.062594,0.067934,0.073758,0.078994,0.082859,0.084922,0.084922,0.082859,0.078994,0.073758,0.067934,0.062594,0.058351,0.055271,0.05318,0.05185,0.05107,0.050687,0.050615,0.050836,0.051403,0.052434,0.054116,0.056673,0.060322,0.065149,0.07085,0.076511,0.081129,0.084136,0.085187
0.062192,0.061186,0.058348,0.054113,0.049221,0.044739,0.041311,0.038972,0.037505,0.036645,0.03617,0.035929,0.035839,0.035869,0.036027,0.036371,0.037014,0.038146,0.040016,0.042881,0.04687,0.051683,0.05637,0.059973,0.061938,0.061938,0.059973,0.05637,0.051683,0.04687,0.042881,0.040016,0.038146,0.037014,0.036371,0.036027,0.035869,0.035839,0.035929,0.03617,0.036645,0.037505,0.038972,0.041311,0.044739,0.049221,0.054113,0.058348,0.061186,0.062192
0.046473,0.045525,0.042892,0.039095,0.035012,0.031644,0.029339,0.027947,0.027178,0.026772,0.026557,0.026443,0.026398,0.026413,0.02649,0.026648,0.026943,0.027502,0.028546,0.030362,0.033199,0.037017,0.041096,0.044392,0.046232,0.046232,0.044392,0.041096,0.037017,0.033199,0.030362,0.028546,0.027502,0.026943,0.026648,0.02649,0.026413,0.026398,0.026443,0.026557,0.026772,0.027178,0.027947,0.029339,0.031644,0.035012,0.039095,0.042892,0.045525,0.046473
0.035615,0.034729,0.032313,0.02896,0.025646,0.023202,0.021723,0.020937,0.020542,0.020325,0.020185,0.020095,0.020055,0.020068,0.020134,0.020248,0.020419,0.020707,0.021264,0.022355,0.024295,0.027229,0.030703,0.033682,0.035389,0.035389,0.033682,0.030703,0.027229,0.024295,0.022355,0.021264,0.020707,0.020419,0.020248,0.020134,0.020068,0.020055,0.020095,0.020185,0.020325,0.020542,0.020937,0.021723,0.023202,0.025646,0.02896,0.032313,0.034729,0.035615
0.027923,0.0271,0.024896,0.02197,0.019336,0.01761,0.016687,0.01624,0.016,0.015832,0.0157,0.015609,0.015568,0.015582,0.015649,0.015762,0.015911,0.016106,0.016424,0.017068,0.018356,0.020556,0.023466,0.026137,0.027713,0.027713,0.026137,0.023466,0.020556,0.018356,0.017068,0.016424,0.016106,0.015911,0.015762,0.015649,0.015582,0.015568,0.015609,0.0157,0.015832,0.016,0.01624,0.016687,0.01761,0.019336,0.02197,0.024896,0.0271,0.027923
0.022288,0.021524,0.01952,0.01699,0.014932,0.013733,0.013154,0.012867,0.012672,0.01251,0.012385,0.012306,0.012273,0.012284,0.01234,0.012442,0.012588,0.012764,0.01299,0.013389,0.014233,0.015855,0.018258,0.020641,0.022091,0.022091,0.020641,0.018258,0.015855,0.014233,0.013389,0.01299,0.012764,0.012588,0.012442,0.01234,0.012284,0.012273,0.012306,0.012385,0.01251,0.012672,0.012867,0.013154,0.013733,0.014932,0.01699,0.01952,0.021524,0.022288
0.018023,0.017315,0.015495,0.013326,0.011739,0.01091,0.010526,0.010302,0.010121,0.0099748,0.0098754,0.0098206,0.0097999,0.0098066,0.009843,0.009919,0.010043,0.010208,0.010405,0.010684,0.011246,0.012428,0.014388,0.016506,0.017841,0.017841,0.016506,0.014388,0.012428,0.011246,0.010684,0.010405,0.010208,0.010043,0.009919,0.009843,0.0098066,0.0097999,0.0098206,0.0098754,0.0099748,0.010121,0.010302,0.010526,0.01091,0.011739,0.013326,0.015495,0.017315,0.018023
0.014724,0.014067,0.012415,0.01057,0.0093558,0.0087767,0.0084978,0.0083027,0.0081428,0.0080304,0.0079658,0.0079345,0.0079232,0.0079268,0.007947,0.0079929,0.0080801,0.0082177,0.0083956,0.0086181,0.0090078,0.0098666,0.01145,0.013325,0.014554,0.014554,0.013325,0.01145,0.0098666,0.0090078,0.0086181,0.0083956,0.0082177,0.0080801,0.0079929,0.007947,0.0079268,0.0079232,0.0079345,0.0079658,0.0080304,0.0081428,0.0083027,0.0084978,0.0087767,0.0093558,0.01057,0.012415,0.014067,0.014724
0.012144,0.011532,0.010034,0.0084748,0.0075502,0.0071358,0.0069149,0.0067457,0.0066216,0.0065493,0.0065132,0.0064953,0.0064882,0.0064906,0.0065027,0.006528,0.0065796,0.006677,0.0068257,0.0070148,0.0073017,0.0079278,0.0091979,0.010852,0.011985,0.011985,0.010852,0.0091979,0.0079278,0.0073017,0.0070148,0.0068257,0.006677,0.0065796,0.006528,0.0065027,0.0064906,0.0064882,0.0064953,0.0065132,0.0065493,0.0066216,0.0067457,0.0069149,0.0071358,0.0075502,0.0084748,0.010034,0.011532,0.012144
0.010116,0.0095462,0.0081867,0.0068758,0.0061723,0.0058658,0.0056833,0.0055466,0.0054628,0.0054216,0.0054001,0.0053865,0.0053801,0.0053823,0.0053925,0.0054095,0.0054384,0.0054981,0.0056089,0.0057679,0.005991,0.0064523,0.0074664,0.0089219,0.009967,0.009967,0.0089219,0.0074664,0.0064523,0.005991,0.0057679,0.0056089,0.0054981,0.0054384,0.0054095,0.0053925,0.0053823,0.0053801,0.0053865,0.0054001,0.0054216,0.0054628,0.0055466,0.0056833,0.0058658,0.0061723,0.0068758,0.0081867,0.0095462,0.010116
0.0085137,0.0079816,0.0067482,0.0056502,0.0051135,0.0048788,0.0047282,0.004627,0.0045754,0.0045498,0.0045316,0.0045182,0.0045121,0.0045142,0.0045241,0.0045402,0.0045609,0.0045961,0.0046708,0.0047978,0.0049774,0.0053227,0.0061301,0.0074078,0.0083736,0.0083736,0.0074078,0.0061301,0.0053227,0.0049774,0.0047978,0.0046708,0.0045961,0.0045609,0.0045402,0.0045241,0.0045142,0.0045121,0.0045182,0.0045316,0.0045498,0.0045754,0.004627,0.0047282,0.0048788,0.0051135,0.0056502,0.0067482,0.0079816,0.0085137
0.0072343,0.0067369,0.0056177,0.0047008,0.0042892,0.004104,0.003983,0.0039126,0.0038793,0.003857,0.003838,0.0038253,0.0038202,0.0038219,0.0038307,0.0038469,0.0038677,0.0038932,0.0039415,0.0040375,0.004184,0.0044475,0.0050896,0.0062087,0.0071026,0.0071026,0.0062087,0.0050896,0.0044475,0.004184,0.0040375,0.0039415,0.0038932,0.0038677,0.0038469,0.0038307,0.0038219,0.0038202,0.0038253,0.003838,0.003857,0.0038793,0.0039126,0.003983,0.004104,0.0042892,0.0047008,0.0056177,0.0067369,0.0072343
0.0061979,0.0057321,0.0047169,0.0039532,0.0036351,0.0034857,0.0033909,0.0033422,0.0033152,0.0032918,0.0032734,0.0032631,0.0032593,0.0032606,0.0032673,0.0032816,0.0033032,0.0033277,0.0033619,0.0034322,0.0035514,0.0037568,0.0042673,0.0052454,0.0060739,0.0060739,0.0052454,0.0042673,0.0037568,0.0035514,0.0034322,0.0033619,0.0033277,0.0033032,0.0032816,0.0032673,0.0032606,0.0032593,0.0032631,0.0032734,0.0032918,0.0033152,0.0033422,0.0033909,0.0034857,0.0036351,0.0039532,0.0047169,0.0057321,0.0061979
0.0053458,0.0049087,0.0039883,0.0033539,0.0031053,0.0029831,0.00291,0.0028733,0.0028468,0.0028238,0.0028092,0.0028019,0.0027992,0.0028001,0.0028048,0.0028154,0.0028345,0.0028598,0.0028888,0.0029406,0.0030372,0.0032007,0.0036072,0.00446,0.0052287,0.0052287,0.00446,0.0036072,0.0032007,0.0030372,0.0029406,0.0028888,0.0028598,0.0028345,0.0028154,0.0028048,0.0028001,0.0027992,0.0028019,0.0028092,0.0028238,0.0028468,0.0028733,0.00291,0.0029831,0.0031053,0.0033539,0.0039883,0.0049087,0.0053458
0.0046371,0.0042263,0.0033926,0.0028664,0.0026695,0.0025686,0.002512,0.0024809,0.0024549,0.002436,0.002426,0.0024211,0.002419,0.0024197,0.0024232,0.0024301,0.0024442,0.0024674,0.0024951,0.0025353,0.002613,0.0027459,0.0030705,0.0038124,0.0045264,0.0045264,0.0038124,0.0030705,0.0027459,0.002613,0.0025353,0.0024951,0.0024674,0.0024442,0.0024301,0.0024232,0.0024197,0.002419,0.0024211,0.002426,0.002436,0.0024549,0.0024809,0.002512,0.0025686,0.0026695,0.0028664,0.0033926,0.0042263,0.0046371
0.0040439,0.0036572,0.0029026,0.0024665,0.002308,0.0022245,0.0021797,0.0021514,0.0021286,0.0021155,0.0021092,0.0021054,0.0021036,0.0021042,0.002107,0.0021118,0.0021208,0.002139,0.0021649,0.0021983,0.0022608,0.0023706,0.0026312,0.0032753,0.003939,0.003939,0.0032753,0.0026312,0.0023706,0.0022608,0.0021983,0.0021649,0.002139,0.0021208,0.0021118,0.002107,0.0021042,0.0021036,0.0021054,0.0021092,0.0021155,0.0021286,0.0021514,0.0021797,0.0022245,0.002308,0.0024665,0.0029026,0.0036572,0.0040439
0.0035457,0.0031812,0.0024986,0.0021369,0.0020074,0.0019382,0.0019017,0.0018763,0.0018588,0.0018505,0.0018456,0.0018422,0.0018407,0.0018412,0.0018437,0.0018479,0.0018539,0.0018662,0.0018884,0.0019173,0.0019677,0.0020595,0.0022701,0.0028287,0.0034462,0.0034462,0.0028287,0.0022701,0.0020595,0.0019677,0.0019173,0.0018884,0.0018662,0.0018539,0.0018479,0.0018437,0.0018412,0.0018407,0.0018422,0.0018456,0.0018505,0.0018588,0.0018763,0.0019017,0.0019382,0.0020074,0.0021369,0.0024986,0.0031812,0.0035457
0.0031258,0.0027816,0.0021644,0.0018639,0.0017566,0.0016993,0.0016689,0.0016473,0.0016352,0.0016292,0.0016244,0.0016212,0.0016199,0.0016203,0.0016225,0.0016267,0.0016319,0.00164,0.0016572,0.0016823,0.0017233,0.0018006,0.0019723,0.0024563,0.0030312,0.0030312,0.0024563,0.0019723,0.0018006,0.0017233,0.0016823,0.0016572,0.00164,0.0016319,0.0016267,0.0016225,0.0016203,0.0016199,0.0016212,0.0016244,0.0016292,0.0016352,0.0016473,0.0016689,0.0016993,0.0017566,0.0018639,0.0021644,0.0027816,0.0031258
0.0027697,0.0024443,0.0018864,0.0016363,0.0015462,0.0014989,0.0014731,0.0014558,0.0014473,0.0014416,0.0014367,0.0014338,0.0014328,0.0014331,0.001435,0.0014389,0.0014444,0.0014507,0.0014633,0.0014847,0.0015184,0.0015836,0.0017249,0.002144,0.0026797,0.0026797,0.002144,0.0017249,0.0015836,0.0015184,0.0014847,0.0014633,0.0014507,0.0014444,0.0014389,0.001435,0.0014331,0.0014328,0.0014338,0.0014367,0.0014416,0.0014473,0.0014558,0.0014731,0.0014989,0.0015462,0.0016363,0.0018864,0.0024443,0.0027697
0.0024653,0.0021573,0.0016531,0.0014444,0.001368,0.0013289,0.001307,0.0012935,0.0012865,0.0012804,0.0012759,0.0012737,0.0012728,0.0012731,0.0012746,0.0012778,0.0012834,0.0012897,0.001299,0.0013169,0.001345,0.0014,0.0015174,0.0018802,0.0023796,0.0023796,0.0018802,0.0015174,0.0014,0.001345,0.0013169,0.001299,0.0012897,0.0012834,0.0012778,0.0012746,0.0012731,0.0012728,0.0012737,0.0012759,0.0012804,0.0012865,0.0012935,0.001307,0.0013289,0.001368,0.0014444,0.0016531,0.0021573,0.0024653
0.002203,0.001911,0.0014557,0.0012809,0.0012158,0.0011832,0.0011645,0.0011538,0.001147,0.001141,0.0011376,0.0011358,0.0011351,0.0011353,0.0011365,0.001139,0.0011438,0.0011504,0.0011582,0.0011729,0.0011966,0.001243,0.0013415,0.0016554,0.0021212,0.0021212,0.0016554,0.0013415,0.001243,0.0011966,0.0011729,0.0011582,0.0011504,0.0011438,0.001139,0.0011365,0.0011353,0.0011351,0.0011358,0.0011376,0.001141,0.001147,0.0011538,0.0011645,0.0011832,0.0012158,0.0012809,0.0014557,0.001911,0.002203
0.0019755,0.0016985,0.0012875,0.0011404,0.0010846,0.0010573,0.0010413,0.0010324,0.0010255,0.0010206,0.0010181,0.0010167,0.0010161,0.0010163,0.0010173,0.0010191,0.0010227,0.0010289,0.0010362,0.0010484,0.0010686,0.0011079,0.0011913,0.0014629,0.0018973,0.0018973,0.0014629,0.0011913,0.0011079,0.0010686,0.0010484,0.0010362,0.0010289,0.0010227,0.0010191,0.0010173,0.0010163,0.0010161,0.0010167,0.0010181,0.0010206,0.0010255,0.0010324,0.0010413,0.0010573,0.0010846,0.0011404,0.0012875,0.0016985,0.0019755
0.0017775,0.0015143,0.0011435,0.0010192,0.00097119,0.00094801,0.00093437,0.00092645,0.00092013,0.00091659,0.00091471,0.00091348,0.00091297,0.00091313,0.00091401,0.00091556,0.000918,0.00092306,0.00093006,0.00094026,0.00095776,0.00099104,0.0010623,0.0012974,0.0017026,0.0017026,0.0012974,0.0010623,0.00099104,0.00095776,0.00094026,0.00093006,0.00092306,0.000918,0.00091556,0.00091401,0.00091313,0.00091297,0.00091348,0.00091471,0.00091659,0.00092013,0.00092645,0.00093437,0.00094801,0.00097119,0.0010192,0.0011435,0.0015143,0.0017775
0.0016047,0.0013545,0.0010199,0.00091434,0.00087293,0.00085304,0.0008414,0.00083422,0.00082904,0.00082657,0.00082487,0.00082375,0.0008233,0.00082345,0.00082422,0.00082568,0.0008276,0.00083125,0.0008376,0.00084635,0.00086153,0.00088985,0.00095114,0.0011548,0.001533,0.001533,0.0011548,0.00095114,0.00088985,0.00086153,0.00084635,0.0008376,0.00083125,0.0008276,0.00082568,0.00082422,0.00082345,0.0008233,0.00082375,0.00082487,0.00082657,0.00082904,0.00083422,0.0008414,0.00085304,0.00087293,0.00091434,0.0010199,0.0013545,0.0016047
0.0014535,0.0012154,0.00091361,0.00082335,0.00078758,0.00077035,0.00076041,0.00075402,0.00075012,0.00074809,0.00074639,0.00074538,0.00074498,0.00074511,0.0007458,0.00074717,0.00074905,0.00075168,0.00075701,0.00076463,0.00077779,0.00080201,0.00085511,0.0010318,0.0013847,0.0013847,0.0010318,0.00085511,0.00080201,0.00077779,0.00076463,0.00075701,0.00075168,0.00074905,0.00074717,0.0007458,0.00074511,0.00074498,0.00074538,0.00074639,0.00074809,0.00075012,0.00075402,0.00076041,0.00077035,0.00078758,0.00082335,0.00091361,0.0012154,0.0014535
0.0013207,0.001094,0.00082165,0.00074406,0.0007131,0.0006981,0.00068959,0.00068406,0.00068111,0.00067905,0.00067742,0.00067655,0.0006762,0.00067631,0.00067691,0.00067813,0.00068008,0.00068231,0.00068656,0.00069322,0.00070461,0.00072544,0.0007717,0.00092521,0.0012547,0.0012547,0.00092521,0.0007717,0.00072544,0.00070461,0.00069322,0.00068656,0.00068231,0.00068008,0.00067813,0.00067691,0.00067631,0.0006762,0.00067655,0.00067742,0.00067905,0.00068111,0.00068406,0.00068959,0.0006981,0.0007131,0.00074406,0.00082165,0.001094,0.0013207
0.0012035,0.00098733,0.00074164,0.00067454,0.00064771,0.0006346,0.00062726,0.00062259,0.00062007,0.00061791,0.00061652,0.00061578,0.00061548,0.00061558,0.00061609,0.0006171,0.00061895,0.0006212,0.00062461,0.00063043,0.00064028,0.00065831,0.00069876,0.00083236,0.00114,0.00114,0.00083236,0.00069876,0.00065831,0.00064028,0.00063043,0.00062461,0.0006212,0.00061895,0.0006171,0.00061609,0.00061558,0.00061548,0.00061578,0.00061652,0.00061791,0.00062007,0.00062259,0.00062726,0.0006346,0.00064771,0.00067454,0.00074164,0.00098733,0.0012035
0.0010994,0.00089327,0.00067159,0.00061325,0.00058993,0.00057845,0.00057206,0.00056812,0.00056568,0.00056364,0.00056255,0.00056192,0.00056167,0.00056175,0.00056219,0.00056301,0.00056454,0.00056687,0.00056978,0.00057487,0.00058339,0.00059909,0.00063459,0.00075108,0.0010384,0.0010384,0.00075108,0.00063459,0.00059909,0.00058339,0.00057487,0.00056978,0.00056687,0.00056454,0.00056301,0.00056219,0.00056175,0.00056167,0.00056192,0.00056255,0.00056364,0.00056568,0.00056812,0.00057206,0.00057845,0.00058993,0.00061325,0.00067159,0.00089327,0.0010994
0.0010068,0.00081002,0.00060998,0.00055898,0.00053866,0.00052858,0.00052296,0.00051956,0.00051714,0.00051547,0.00051461,0.00051407,0.00051386,0.00051393,0.0005143,0.00051499,0.00051615,0.00051833,0.000521,0.00052546,0.00053287,0.00054663,0.00057786,0.00067966,0.00094802,0.00094802,0.00067966,0.00057786,0.00054663,0.00053287,0.00052546,0.000521,0.00051833,0.00051615,0.00051499,0.0005143,0.00051393,0.00051386,0.00051407,0.00051461,0.00051547,0.00051714,0.00051956,0.00052296,0.00052858,0.00053866,0.00055898,0.00060998,0.00081002,0.0010068
0.00092409,0.00073618,0.00055562,0.00051082,0.00049304,0.00048418,0.0004792,0.0004762,0.00047394,0.0004727,0.00047195,0.00047147,0.00047128,0.00047134,0.00047167,0.0004723,0.00047319,0.00047499,0.00047751,0.00048142,0.00048791,0.00050004,0.00052757,0.00061675,0.00086746,0.00086746,0.00061675,0.00052757,0.00050004,0.00048791,0.00048142,0.00047751,0.00047499,0.00047319,0.0004723,0.00047167,0.00047134,0.00047128,0.00047147,0.00047195,0.0004727,0.00047394,0.0004762,0.0004792,0.00048418,0.00049304,0.00051082,0.00055562,0.00073618,0.00092409
0.00085015,0.00067061,0.00050756,0.00046801,0.0004524,0.0004446,0.00044017,0.00043747,0.00043555,0.0004346,0.00043388,0.00043345,0.00043327,0.00043333,0.00043363,0.00043421,0.00043501,0.00043637,0.0004387,0.00044214,0.00044786,0.00045859,0.00048292,0.00056125,0.00079552,0.00079552,0.00056125,0.00048292,0.00045859,0.00044786,0.00044214,0.0004387,0.00043637,0.00043501,0.00043421,0.00043363,0.00043333,0.00043327,0.00043345,0.00043388,0.0004346,0.00043555,0.00043747,0.00044017,0.0004446,0.0004524,0.00046801,0.00050756,0.00067061,0.00085015
0.00078389,0.00061225,0.00046495,0.0004299,0.00041612,0.00040924,0.00040531,0.00040288,0.00040135,0.00040048,0.00039979,0.0003994,0.00039924,0.00039929,0.00039956,0.00040009,0.0004009,0.00040197,0.000404,0.00040703,0.0004121,0.00042163,0.00044317,0.00051217,0.00073116,0.00073116,0.00051217,0.00044317,0.00042163,0.0004121,0.00040703,0.000404,0.00040197,0.0004009,0.00040009,0.00039956,0.00039929,0.00039924,0.0003994,0.00039979,0.00040048,0.00040135,0.00040288,0.00040531,0.00040924,0.00041612,0.0004299,0.00046495,0.00061225,0.00078389
0.00072434,0.00056017,0.00042702,0.00039583,0.00038363,0.00037755,0.00037407,0.0003719,0.00037067,0.00036977,0.00036914,0.0003688,0.00036866,0.0003687,0.00036894,0.00036941,0.00037021,0.00037117,0.00037289,0.00037557,0.00038008,0.00038855,0.00040766,0.00046863,0.0006734,0.0006734,0.00046863,0.00040766,0.00038855,0.00038008,0.00037557,0.00037289,0.00037117,0.00037021,0.00036941,0.00036894,0.0003687,0.00036866,0.0003688,0.00036914,0.00036977,0.00037067,0.0003719,0.00037407,0.00037755,0.00038363,0.00039583,0.00042702,0.00056017,0.00072434
0.00067062,0.00051354,0.00039311,0.00036527,0.00035442,0.00034903,0.00034594,0.00034404,0.00034294,0.00034204,0.0003415,0.0003412,0.00034108,0.00034112,0.00034133,0.00034173,0.00034246,0.00034343,0.00034489,0.00034727,0.00035129,0.00035883,0.00037582,0.00042985,0.00062137,0.00062137,0.00042985,0.00037582,0.00035883,0.00035129,0.00034727,0.00034489,0.00034343,0.00034246,0.00034173,0.00034133,0.00034112,0.00034108,0.0003412,0.0003415,0.00034204,0.00034294,0.00034404,0.00034594,0.00034903,0.00035442,0.00036527,0.00039311,0.00051354,0.00067062
0.00062202,0.00047167,0.00036267,0.00033775,0.00032807,0.00032326,0.00032053,0.00031884,0.00031778,0.00031696,0.00031653,0.00031626,0.00031616,0.00031619,0.00031637,0.00031672,0.00031731,0.00031829,0.00031958,0.0003217,0.00032529,0.00033203,0.00034716,0.00039518,0.00057437,0.00057437,0.00039518,0.00034716,0.00033203,0.00032529,0.0003217,0.00031958,0.00031829,0.00031731,0.00031672,0.00031637,0.00031619,0.00031616,0.00031626,0.00031653,0.00031696,0.00031778,0.00031884,0.00032053,0.00032326,0.00032807,0.00033775,0.00036267,0.00047167,0.00062202
0.00057794,0.00043398,0.00033526,0.0003129,0.00030423,0.00029993,0.00029749,0.00029599,0.00029496,0.00029429,0.00029391,0.00029368,0.00029359,0.00029362,0.00029378,0.00029408,0.00029456,0.00029546,0.00029664,0.00029854,0.00030176,0.00030779,0.0003213,0.0003641,0.00053181,0.00053181,0.0003641,0.0003213,0.00030779,0.00030176,0.00029854,0.00029664,0.00029546,0.00029456,0.00029408,0.00029378,0.00029362,0.00029359,0.00029368,0.00029391,0.00029429,0.00029496,0.00029599,0.00029749,0.00029993,0.00030423,0.0003129,0.00033526,0.00043398,0.00057794
0.0005379,0.00040002,0.00031053,0.00029042,0.00028264,0.00027878,0.00027659,0.00027524,0.00027428,0.00027375,0.0002734,0.00027319,0.00027311,0.00027314,0.00027328,0.00027356,0.00027397,0.00027472,0.00027582,0.00027754,0.00028043,0.00028583,0.00029792,0.00033618,0.00049322,0.00049322,0.00033618,0.00029792,0.00028583,0.00028043,0.00027754,0.00027582,0.00027472,0.00027397,0.00027356,0.00027328,0.00027314,0.00027311,0.00027319,0.0002734,0.00027375,0.00027428,0.00027524,0.00027659,0.00027878,0.00028264,0.00029042,0.00031053,0.00040002,0.0005379
0.00050147,0.00036938,0.00028819,0.00027006,0.00026305,0.00025957,0.0002576,0.00025638,0.00025555,0.0002551,0.00025477,0.00025458,0.0002545,0.00025452,0.00025466,0.00025492,0.00025531,0.0002559,0.00025692,0.00025847,0.00026106,0.00026591,0.00027677,0.00031107,0.00045817,0.00045817,0.00031107,0.00027677,0.00026591,0.00026106,0.00025847,0.00025692,0.0002559,0.00025531,0.00025492,0.00025466,0.00025452,0.0002545,0.00025458,0.00025477,0.0002551,0.00025555,0.00025638,0.0002576,0.00025957,0.00026305,0.00027006,0.00028819,0.00036938,0.00050147
0.00046828,0.00034168,0.00026795,0.00025157,0.00024525,0.00024211,0.00024033,0.00023922,0.00023853,0.0002381,0.00023779,0.00023761,0.00023754,0.00023757,0.00023769,0.00023792,0.00023831,0.00023881,0.00023972,0.00024111,0.00024345,0.00024782,0.00025758,0.00028843,0.00042627,0.00042627,0.00028843,0.00025758,0.00024782,0.00024345,0.00024111,0.00023972,0.00023881,0.00023831,0.00023792,0.00023769,0.00023757,0.00023754,0.00023761,0.00023779,0.0002381,0.00023853,0.00023922,0.00024033,0.00024211,0.00024525,0.00025157,0.00026795,0.00034168,0.00046828
0.00043795,0.00031659,0.00024956,0.00023475,0.00022902,0.00022619,0.00022458,0.00022358,0.00022299,0.00022255,0.00022228,0.00022212,0.00022206,0.00022208,0.00022219,0.00022239,0.00022276,0.00022324,0.00022403,0.00022529,0.0002274,0.00023134,0.00024015,0.00026796,0.00039719,0.00039719,0.00026796,0.00024015,0.00023134,0.0002274,0.00022529,0.00022403,0.00022324,0.00022276,0.00022239,0.00022219,0.00022208,0.00022206,0.00022212,0.00022228,0.00022255,0.00022299,0.00022358,0.00022458,0.00022619,0.00022902,0.00023475,0.00024956,0.00031659,0.00043795
