0.62832,0.96585
0.88858,0.91278
1.0883,0.88059
1.2566,0.88124
1.405,0.75333
1.5391,0.80381
1.7772,0.75534
1.885,0.67782
1.9869,0.74475
2.0839,0.7032
2.1766,0.71622
2.2654,0.69042
2.351,0.6107
2.5133,0.5929
2.5906,0.60731
2.6657,0.62274
2.7388,0.61357
2.8099,0.55167
2.8793,0.5751
2.9471,0.46275
3.0781,0.52576
3.1416,0.49536
3.2038,0.48089
3.2648,0.50069
3.3836,0.49066
3.4414,0.44781
3.5543,0.47362
3.6094,0.46756
3.6637,0.39437
3.7172,0.43058
3.7699,0.42098
3.8219,0.39972
3.8732,0.39035
3.9738,0.40272
4.0232,0.37526
4.072,0.35119
4.1202,0.33618
4.1678,0.36222
4.2149,0.36115
4.2615,0.36646
4.3531,0.3963
4.3982,0.34666
4.4429,0.35015
4.4871,0.37269
4.5309,0.30895
4.5742,0.32725
4.6172,0.3236
4.7019,0.31694
4.7437,0.3227
4.7851,0.2824
4.8262,0.28187
4.9073,0.31243
4.9474,0.29012
5.0265,0.26173
5.0657,0.27542
5.1045,0.2843
5.143,0.27819
5.1812,0.28956
5.2192,0.27164
5.2569,0.29548
5.3315,0.25881
5.3684,0.27479
5.405,0.2553
5.4414,0.27217
5.4776,0.26401
5.5135,0.27411
5.5492,0.25817
5.6199,0.26773
5.6549,0.24736
5.6897,0.2615
5.7243,0.25111
5.7586,0.22929
5.7928,0.23452
5.8268,0.2207
5.8942,0.21548
5.9275,0.23201
5.9608,0.23109
5.9938,0.22602
6.0593,0.20411
6.0918,0.23648
6.1562,0.17574
6.1882,0.218
6.22,0.20897
6.2517,0.2127
6.2832,0.2268
6.3145,0.22098
6.3457,0.18172
6.4076,0.21709
6.4383,0.21338
6.4689,0.19883
6.4994,0.20049
6.5297,0.22148
6.5598,0.20359
6.5899,0.19888
6.6791,0.19479
6.7086,0.1958
6.738,0.18009
6.7672,0.20258
6.7963,0.19331
6.8253,0.18508
6.8829,0.19742
6.9115,0.19106
6.94,0.19048
6.9684,0.14976
7.0248,0.17272
7.0529,0.18603
7.1086,0.17515
7.1363,0.16911
7.1639,0.20412
7.1914,0.18224
7.2188,0.1743
7.2461,0.17625
7.2733,0.17342
7.3274,0.18379
7.3543,0.18756
7.3811,0.16739
7.4078,0.21049
7.4344,0.14872
7.4609,0.17147
7.4873,0.20385
7.566,0.1532
7.592,0.18688
7.618,0.14319
7.6696,0.17004
7.6953,0.1548
7.7719,0.18275
7.7972,0.14655
7.8225,0.17222
7.8978,0.16378
7.9725,0.15987
8.0218,0.13896
8.0464,0.15897
8.0709,0.13837
8.0953,0.16938
8.1439,0.15578
8.1923,0.15232
8.2403,0.15772
8.2642,0.17623
8.3828,0.16914
8.4063,0.13775
8.4532,0.13559
8.4765,0.1672
8.5461,0.15724
8.638,0.12769
8.7062,0.14692
8.7515,0.12165
8.8189,0.1511
8.8412,0.1673
8.9742,0.14731
9.0181,0.16369
9.17,0.14845
9.2557,0.13664
9.4248,0.12244
9.4457,0.1306
9.4457,0.11247
