0.62832,4.8331
0.88858,11.792
1.0883,29.819
1.2566,80.954
1.405,90.789
1.5391,61.142
1.7772,23.578
1.885,14.615
1.9869,11.646
2.0839,11.492
2.1766,6.9388
2.2654,5.4625
2.351,4.6239
2.5133,4.2633
2.5906,3.0442
2.6657,2.7868
2.7388,2.0405
2.8099,1.8165
2.8793,1.4297
2.9471,1.282
3.0781,0.96332
3.1416,1.0581
3.2038,0.95738
3.2648,0.86404
3.3836,0.77645
3.4414,0.73705
3.5543,0.58747
3.6094,0.59584
3.6637,0.61295
3.7172,0.57436
3.7699,0.61825
3.8219,0.61662
3.8732,0.51891
3.9738,0.5937
4.0232,0.46726
4.072,0.45036
4.1202,0.36329
4.1678,0.49482
4.2149,0.41593
4.2615,0.4085
4.3531,0.37338
4.3982,0.39741
4.4429,0.3641
4.4871,0.41508
4.5309,0.32025
4.5742,0.34448
4.6172,0.32068
4.7019,0.2881
4.7437,0.26375
4.7851,0.30849
4.8262,0.27627
4.9073,0.24305
4.9474,0.24355
5.0265,0.30521
5.0657,0.24839
5.1045,0.24367
5.143,0.22194
5.1812,0.25345
5.2192,0.26623
5.2569,0.18039
5.3315,0.22372
5.3684,0.21368
5.405,0.20291
5.4414,0.19514
5.4776,0.19938
5.5135,0.1918
5.5492,0.168
5.6199,0.18459
5.6549,0.1946
5.6897,0.21932
5.7243,0.1666
5.7586,0.17183
5.7928,0.17974
5.8268,0.20098
5.8942,0.15155
5.9275,0.17006
5.9608,0.17329
5.9938,0.17077
6.0593,0.15507
6.0918,0.16687
6.1562,0.14194
6.1882,0.16544
6.22,0.16269
6.2517,0.1519
6.2832,0.17142
6.3145,0.16838
6.3457,0.15205
6.4076,0.18435
6.4383,0.15653
6.4689,0.15233
6.4994,0.15992
6.5297,0.15973
6.5598,0.15108
6.5899,0.15416
6.6791,0.15573
6.7086,0.11491
6.738,0.15426
6.7672,0.15045
6.7963,0.15526
6.8253,0.16501
6.8829,0.1434
6.9115,0.14195
6.94,0.12462
6.9684,0.14864
7.0248,0.14207
7.0529,0.14374
7.1086,0.12867
7.1363,0.12355
7.1639,0.14702
7.1914,0.12139
7.2188,0.1324
7.2461,0.12237
7.2733,0.13302
7.3274,0.12495
7.3543,0.10417
7.3811,0.11097
7.4078,0.12468
7.4344,0.14304
7.4609,0.13944
7.4873,0.1188
7.566,0.12905
7.592,0.13158
7.618,0.11131
7.6696,0.13185
7.6953,0.14773
7.7719,0.13801
7.7972,0.12322
7.8225,0.10961
7.8978,0.13648
7.9725,0.11093
8.0218,0.12398
8.0464,0.14345
8.0709,0.13016
8.0953,0.10998
8.1439,0.12812
8.1923,0.12126
8.2403,0.1419
8.2642,0.1303
8.3828,0.107
8.4063,0.1265
8.4532,0.13411
8.4765,0.13162
8.5461,0.12993
8.638,0.12257
8.7062,0.11977
8.7515,0.11645
8.8189,0.14891
8.8412,0.12759
8.9742,0.12226
9.0181,0.14983
9.17,0.11451
9.2557,0.11025
9.4248,0.098526
9.4457,0.12303
9.4457,0.11231
