0.62832,16.242
0.88858,11.726
1.0883,7.9965
1.2566,6.2985
1.405,4.6809
1.5391,3.9341
1.7772,2.6173
1.885,2.3732
1.9869,1.869
2.0839,1.91
2.1766,1.6457
2.2654,1.4541
2.351,1.275
2.5133,1.2092
2.5906,0.96466
2.6657,0.91799
2.7388,0.86908
2.8099,0.84255
2.8793,0.87028
2.9471,0.74432
3.0781,0.7656
3.1416,0.70942
3.2038,0.70786
3.2648,0.62686
3.3836,0.62277
3.4414,0.62401
3.5543,0.56327
3.6094,0.60443
3.6637,0.57195
3.7172,0.52245
3.7699,0.53374
3.8219,0.5059
3.8732,0.48208
3.9738,0.49197
4.0232,0.46548
4.072,0.43259
4.1202,0.39497
4.1678,0.43121
4.2149,0.4244
4.2615,0.39599
4.3531,0.40109
4.3982,0.37568
4.4429,0.37735
4.4871,0.37549
4.5309,0.32557
4.5742,0.35998
4.6172,0.358
4.7019,0.36237
4.7437,0.37879
4.7851,0.31727
4.8262,0.33693
4.9073,0.28986
4.9474,0.32194
5.0265,0.31158
5.0657,0.30056
5.1045,0.29691
5.143,0.30064
5.1812,0.28944
5.2192,0.27623
5.2569,0.27692
5.3315,0.29403
5.3684,0.27654
5.405,0.26685
5.4414,0.25421
5.4776,0.25891
5.5135,0.26681
5.5492,0.26893
5.6199,0.24777
5.6549,0.23794
5.6897,0.24721
5.7243,0.24421
5.7586,0.23572
5.7928,0.22773
5.8268,0.25508
5.8942,0.22133
5.9275,0.22215
5.9608,0.23946
5.9938,0.25322
6.0593,0.20438
6.0918,0.21479
6.1562,0.18404
6.1882,0.21092
6.22,0.2203
6.2517,0.21975
6.2832,0.20954
6.3145,0.20343
6.3457,0.2076
6.4076,0.19719
6.4383,0.19598
6.4689,0.19113
6.4994,0.19009
6.5297,0.18942
6.5598,0.1941
6.5899,0.18437
6.6791,0.18736
6.7086,0.17427
6.738,0.21372
6.7672,0.18578
6.7963,0.20021
6.8253,0.19986
6.8829,0.16549
6.9115,0.17062
6.94,0.17644
6.9684,0.17526
7.0248,0.18789
7.0529,0.18709
7.1086,0.17051
7.1363,0.17248
7.1639,0.19124
7.1914,0.16028
7.2188,0.18193
7.2461,0.19512
7.2733,0.17129
7.3274,0.18771
7.3543,0.17632
7.3811,0.1678
7.4078,0.14798
7.4344,0.16444
7.4609,0.15901
7.4873,0.16578
7.566,0.16466
7.592,0.17093
7.618,0.12847
7.6696,0.15804
7.6953,0.19299
7.7719,0.16078
7.7972,0.16728
7.8225,0.16425
7.8978,0.13586
7.9725,0.1675
8.0218,0.16428
8.0464,0.13517
8.0709,0.16178
8.0953,0.15122
8.1439,0.15825
8.1923,0.15268
8.2403,0.13587
8.2642,0.12967
8.3828,0.11926
8.4063,0.14664
8.4532,0.16003
8.4765,0.14041
8.5461,0.14268
8.638,0.13574
8.7062,0.14616
8.7515,0.13113
8.8189,0.17758
8.8412,0.13958
8.9742,0.12967
9.0181,0.11499
9.17,0.14535
9.2557,0.10423
9.4248,0.11803
9.4457,0.12689
9.4457,0.12914
