0.62832,6.2167
0.88858,10.495
1.0883,22.579
1.2566,57.748
1.405,56.8
1.5391,44.2
1.7772,17.834
1.885,11.63
1.9869,8.3009
2.0839,6.6789
2.1766,4.8474
2.2654,4.589
2.351,3.8623
2.5133,2.7768
2.5906,2.4072
2.6657,1.9972
2.7388,2.1423
2.8099,1.5122
2.8793,1.488
2.9471,1.268
3.0781,1.0803
3.1416,0.92211
3.2038,0.8619
3.2648,0.87459
3.3836,0.70442
3.4414,0.68797
3.5543,0.56889
3.6094,0.56853
3.6637,0.55371
3.7172,0.54731
3.7699,0.51149
3.8219,0.52495
3.8732,0.47783
3.9738,0.45188
4.0232,0.40237
4.072,0.45316
4.1202,0.37353
4.1678,0.36406
4.2149,0.3869
4.2615,0.33384
4.3531,0.37765
4.3982,0.35804
4.4429,0.32405
4.4871,0.31238
4.5309,0.28755
4.5742,0.31302
4.6172,0.29865
4.7019,0.26914
4.7437,0.27874
4.7851,0.26406
4.8262,0.29082
4.9073,0.25946
4.9474,0.23912
5.0265,0.26323
5.0657,0.23167
5.1045,0.25006
5.143,0.21163
5.1812,0.22858
5.2192,0.21083
5.2569,0.21384
5.3315,0.20821
5.3684,0.19665
5.405,0.20667
5.4414,0.2003
5.4776,0.19366
5.5135,0.21603
5.5492,0.21218
5.6199,0.20068
5.6549,0.19239
5.6897,0.22028
5.7243,0.19116
5.7586,0.19702
5.7928,0.18404
5.8268,0.18423
5.8942,0.17021
5.9275,0.19302
5.9608,0.17909
5.9938,0.19945
6.0593,0.18442
6.0918,0.17101
6.1562,0.18186
6.1882,0.17596
6.22,0.16161
6.2517,0.16869
6.2832,0.17438
6.3145,0.17485
6.3457,0.16467
6.4076,0.17436
6.4383,0.16937
6.4689,0.17342
6.4994,0.1588
6.5297,0.14092
6.5598,0.15894
6.5899,0.15944
6.6791,0.16648
6.7086,0.15725
6.738,0.15642
6.7672,0.16209
6.7963,0.14626
6.8253,0.14897
6.8829,0.15839
6.9115,0.13413
6.94,0.14441
6.9684,0.15477
7.0248,0.14733
7.0529,0.16008
7.1086,0.13677
7.1363,0.15445
7.1639,0.14587
7.1914,0.15609
7.2188,0.15451
7.2461,0.13809
7.2733,0.12963
7.3274,0.14767
7.3543,0.15177
7.3811,0.12086
7.4078,0.12783
7.4344,0.12507
7.4609,0.14672
7.4873,0.12325
7.566,0.14247
7.592,0.12051
7.618,0.14799
7.6696,0.14544
7.6953,0.12392
7.7719,0.15372
7.7972,0.12256
7.8225,0.13946
7.8978,0.12867
7.9725,0.14659
8.0218,0.13946
8.0464,0.15669
8.0709,0.1572
8.0953,0.13251
8.1439,0.13443
8.1923,0.13006
8.2403,0.13347
8.2642,0.12052
8.3828,0.12792
8.4063,0.1265
8.4532,0.15265
8.4765,0.12301
8.5461,0.11443
8.638,0.12786
8.7062,0.13617
8.7515,0.1397
8.8189,0.12963
8.8412,0.11026
8.9742,0.113
9.0181,0.10223
9.17,0.1194
9.2557,0.10691
9.4248,0.14048
9.4457,0.14323
9.4457,0.1308
