0.62832,6.2804
0.88858,11.575
1.0883,20.473
1.2566,54.969
1.405,66.934
1.5391,46.081
1.7772,20.388
1.885,12.782
1.9869,10.039
2.0839,8.2178
2.1766,5.3514
2.2654,4.9942
2.351,4.2049
2.5133,3.1586
2.5906,2.6468
2.6657,2.3461
2.7388,1.9155
2.8099,1.7476
2.8793,1.494
2.9471,1.3445
3.0781,1.0205
3.1416,0.99872
3.2038,0.87431
3.2648,0.82888
3.3836,0.71485
3.4414,0.70787
3.5543,0.64341
3.6094,0.56207
3.6637,0.516
3.7172,0.52769
3.7699,0.51294
3.8219,0.50852
3.8732,0.46438
3.9738,0.43386
4.0232,0.42244
4.072,0.3817
4.1202,0.34127
4.1678,0.38898
4.2149,0.3714
4.2615,0.35727
4.3531,0.33431
4.3982,0.33567
4.4429,0.33135
4.4871,0.31995
4.5309,0.32038
4.5742,0.29203
4.6172,0.2911
4.7019,0.28156
4.7437,0.27185
4.7851,0.27935
4.8262,0.25552
4.9073,0.24716
4.9474,0.2286
5.0265,0.2566
5.0657,0.22179
5.1045,0.23639
5.143,0.23171
5.1812,0.22468
5.2192,0.22043
5.2569,0.18658
5.3315,0.19801
5.3684,0.20788
5.405,0.20451
5.4414,0.18614
5.4776,0.19503
5.5135,0.20763
5.5492,0.20827
5.6199,0.19809
5.6549,0.18964
5.6897,0.19766
5.7243,0.19614
5.7586,0.17185
5.7928,0.18277
5.8268,0.19747
5.8942,0.18678
5.9275,0.18145
5.9608,0.16885
5.9938,0.19833
6.0593,0.1615
6.0918,0.15202
6.1562,0.18089
6.1882,0.1679
6.22,0.16256
6.2517,0.16594
6.2832,0.16443
6.3145,0.1702
6.3457,0.15922
6.4076,0.17333
6.4383,0.1638
6.4689,0.16724
6.4994,0.15054
6.5297,0.16259
6.5598,0.14811
6.5899,0.16125
6.6791,0.17112
6.7086,0.15635
6.738,0.16081
6.7672,0.15478
6.7963,0.14577
6.8253,0.15471
6.8829,0.14531
6.9115,0.136
6.94,0.13936
6.9684,0.13943
7.0248,0.15198
7.0529,0.14963
7.1086,0.13985
7.1363,0.13267
7.1639,0.13694
7.1914,0.15745
7.2188,0.15775
7.2461,0.15181
7.2733,0.15205
7.3274,0.13545
7.3543,0.13659
7.3811,0.16031
7.4078,0.17206
7.4344,0.16688
7.4609,0.14668
7.4873,0.1176
7.566,0.1378
7.592,0.12603
7.618,0.13283
7.6696,0.1362
7.6953,0.14032
7.7719,0.13358
7.7972,0.13108
7.8225,0.12426
7.8978,0.13529
7.9725,0.12897
8.0218,0.15403
8.0464,0.13192
8.0709,0.11321
8.0953,0.11317
8.1439,0.15477
8.1923,0.13471
8.2403,0.1193
8.2642,0.11427
8.3828,0.13218
8.4063,0.1231
8.4532,0.13394
8.4765,0.12579
8.5461,0.11849
8.638,0.12695
8.7062,0.14008
8.7515,0.13961
8.8189,0.12545
8.8412,0.13598
8.9742,0.14021
9.0181,0.13918
9.17,0.10918
9.2557,0.14227
9.4248,0.13643
9.4457,0.091779
9.4457,0.13008
