0.62832,11.712
0.88858,18.042
1.0883,37.886
1.2566,35.825
1.405,29.698
1.5391,20.956
1.7772,10.272
1.885,7.2524
1.9869,5.8746
2.0839,5.0832
2.1766,4.083
2.2654,3.4829
2.351,2.6433
2.5133,2.006
2.5906,1.8265
2.6657,1.6936
2.7388,1.3942
2.8099,1.2043
2.8793,1.2085
2.9471,0.94159
3.0781,1.0115
3.1416,0.88904
3.2038,0.8132
3.2648,0.79277
3.3836,0.64195
3.4414,0.63765
3.5543,0.53536
3.6094,0.57012
3.6637,0.55271
3.7172,0.54399
3.7699,0.54151
3.8219,0.49223
3.8732,0.46595
3.9738,0.44272
4.0232,0.42507
4.072,0.41255
4.1202,0.40213
4.1678,0.42928
4.2149,0.38332
4.2615,0.41331
4.3531,0.31968
4.3982,0.3692
4.4429,0.3539
4.4871,0.35451
4.5309,0.33822
4.5742,0.33075
4.6172,0.31053
4.7019,0.29968
4.7437,0.27503
4.7851,0.29704
4.8262,0.29311
4.9073,0.28941
4.9474,0.26848
5.0265,0.26988
5.0657,0.264
5.1045,0.2623
5.143,0.26976
5.1812,0.25727
5.2192,0.24718
5.2569,0.25267
5.3315,0.24127
5.3684,0.23689
5.405,0.22886
5.4414,0.27421
5.4776,0.19919
5.5135,0.22519
5.5492,0.21553
5.6199,0.21537
5.6549,0.22276
5.6897,0.23284
5.7243,0.23909
5.7586,0.21336
5.7928,0.22396
5.8268,0.22986
5.8942,0.21649
5.9275,0.20211
5.9608,0.18835
5.9938,0.21663
6.0593,0.21846
6.0918,0.18897
6.1562,0.19715
6.1882,0.20088
6.22,0.19087
6.2517,0.19944
6.2832,0.19168
6.3145,0.19812
6.3457,0.18167
6.4076,0.18384
6.4383,0.1822
6.4689,0.19233
6.4994,0.18278
6.5297,0.15544
6.5598,0.17167
6.5899,0.18105
6.6791,0.183
6.7086,0.17482
6.738,0.18006
6.7672,0.17381
6.7963,0.16802
6.8253,0.1618
6.8829,0.16401
6.9115,0.18409
6.94,0.15384
6.9684,0.17442
7.0248,0.16074
7.0529,0.16892
7.1086,0.15709
7.1363,0.16749
7.1639,0.16877
7.1914,0.15316
7.2188,0.15783
7.2461,0.17451
7.2733,0.15514
7.3274,0.16868
7.3543,0.14799
7.3811,0.14513
7.4078,0.1408
7.4344,0.14753
7.4609,0.15205
7.4873,0.15996
7.566,0.14643
7.592,0.15032
7.618,0.18437
7.6696,0.14959
7.6953,0.13453
7.7719,0.1562
7.7972,0.15808
7.8225,0.1375
7.8978,0.15291
7.9725,0.13409
8.0218,0.12006
8.0464,0.15783
8.0709,0.14516
8.0953,0.13211
8.1439,0.1514
8.1923,0.14708
8.2403,0.13321
8.2642,0.14254
8.3828,0.14322
8.4063,0.13793
8.4532,0.12521
8.4765,0.13651
8.5461,0.11553
8.638,0.13759
8.7062,0.15079
8.7515,0.14394
8.8189,0.11235
8.8412,0.13105
8.9742,0.10752
9.0181,0.11627
9.17,0.11951
9.2557,0.1287
9.4248,0.13129
9.4457,0.12263
9.4457,0.13436
