0.62832,18.749
0.88858,16.798
1.0883,12.651
1.2566,9.6387
1.405,8.2361
1.5391,5.5132
1.7772,3.4765
1.885,3.118
1.9869,2.6035
2.0839,2.3109
2.1766,2.2008
2.2654,1.6452
2.351,1.6343
2.5133,1.2127
2.5906,1.2159
2.6657,1.1812
2.7388,1.0462
2.8099,0.93217
2.8793,1.0222
2.9471,0.89284
3.0781,0.81303
3.1416,0.71368
3.2038,0.72257
3.2648,0.64648
3.3836,0.61263
3.4414,0.60078
3.5543,0.53769
3.6094,0.54276
3.6637,0.56468
3.7172,0.5265
3.7699,0.52717
3.8219,0.52564
3.8732,0.48809
3.9738,0.49401
4.0232,0.44724
4.072,0.44186
4.1202,0.43632
4.1678,0.40025
4.2149,0.41579
4.2615,0.42601
4.3531,0.38383
4.3982,0.4007
4.4429,0.36633
4.4871,0.38202
4.5309,0.35471
4.5742,0.35015
4.6172,0.35049
4.7019,0.31937
4.7437,0.31883
4.7851,0.31746
4.8262,0.32972
4.9073,0.30674
4.9474,0.30232
5.0265,0.32118
5.0657,0.2976
5.1045,0.29976
5.143,0.26113
5.1812,0.29534
5.2192,0.2737
5.2569,0.27061
5.3315,0.27822
5.3684,0.2541
5.405,0.26374
5.4414,0.26497
5.4776,0.24967
5.5135,0.25305
5.5492,0.26485
5.6199,0.25602
5.6549,0.22846
5.6897,0.25205
5.7243,0.23133
5.7586,0.24341
5.7928,0.23002
5.8268,0.21358
5.8942,0.23493
5.9275,0.22424
5.9608,0.21194
5.9938,0.22466
6.0593,0.18306
6.0918,0.20902
6.1562,0.23364
6.1882,0.21065
6.22,0.18977
6.2517,0.20871
6.2832,0.19911
6.3145,0.21655
6.3457,0.21449
6.4076,0.19571
6.4383,0.21089
6.4689,0.2014
6.4994,0.1941
6.5297,0.19219
6.5598,0.19208
6.5899,0.19318
6.6791,0.19367
6.7086,0.18496
6.738,0.19219
6.7672,0.17345
6.7963,0.19389
6.8253,0.16654
6.8829,0.18923
6.9115,0.18652
6.94,0.17453
6.9684,0.17467
7.0248,0.18172
7.0529,0.1702
7.1086,0.16579
7.1363,0.18792
7.1639,0.161
7.1914,0.1726
7.2188,0.17588
7.2461,0.19879
7.2733,0.17785
7.3274,0.16849
7.3543,0.1604
7.3811,0.16547
7.4078,0.15655
7.4344,0.14598
7.4609,0.17557
7.4873,0.18302
7.566,0.15828
7.592,0.15602
7.618,0.14665
7.6696,0.15528
7.6953,0.16793
7.7719,0.14014
7.7972,0.14882
7.8225,0.15864
7.8978,0.16997
7.9725,0.16559
8.0218,0.14031
8.0464,0.12895
8.0709,0.12693
8.0953,0.16093
8.1439,0.15954
8.1923,0.14408
8.2403,0.13405
8.2642,0.1294
8.3828,0.15287
8.4063,0.1468
8.4532,0.16014
8.4765,0.14526
8.5461,0.12173
8.638,0.14374
8.7062,0.14463
8.7515,0.13491
8.8189,0.13491
8.8412,0.1298
8.9742,0.12381
9.0181,0.13137
9.17,0.12846
9.2557,0.12912
9.4248,0.13211
9.4457,0.14584
9.4457,0.12405
