0.62832,4.9943
0.88858,4.1053
1.0883,3.5054
1.2566,2.7229
1.405,2.4454
1.5391,2.1527
1.7772,1.6658
1.885,1.6172
1.9869,1.4603
2.0839,1.5125
2.1766,1.0433
2.2654,1.3794
2.351,1.1392
2.5133,1.0436
2.5906,1.0447
2.6657,0.96147
2.7388,0.91179
2.8099,0.86065
2.8793,0.76282
2.9471,0.85636
3.0781,0.67648
3.1416,0.68758
3.2038,0.67014
3.2648,0.67043
3.3836,0.59582
3.4414,0.59659
3.5543,0.56504
3.6094,0.58196
3.6637,0.53336
3.7172,0.51781
3.7699,0.5167
3.8219,0.47168
3.8732,0.46879
3.9738,0.44998
4.0232,0.44357
4.072,0.50109
4.1202,0.44364
4.1678,0.45532
4.2149,0.40292
4.2615,0.39316
4.3531,0.46027
4.3982,0.39301
4.4429,0.38837
4.4871,0.39324
4.5309,0.35668
4.5742,0.38142
4.6172,0.35823
4.7019,0.3403
4.7437,0.35499
4.7851,0.31237
4.8262,0.33864
4.9073,0.32903
4.9474,0.30347
5.0265,0.32108
5.0657,0.29992
5.1045,0.29457
5.143,0.27939
5.1812,0.30762
5.2192,0.29321
5.2569,0.26974
5.3315,0.29388
5.3684,0.2867
5.405,0.25749
5.4414,0.24983
5.4776,0.25663
5.5135,0.26321
5.5492,0.26885
5.6199,0.25754
5.6549,0.26125
5.6897,0.25503
5.7243,0.23162
5.7586,0.23949
5.7928,0.2416
5.8268,0.22363
5.8942,0.2146
5.9275,0.23339
5.9608,0.23794
5.9938,0.24366
6.0593,0.17172
6.0918,0.21399
6.1562,0.2168
6.1882,0.22611
6.22,0.23597
6.2517,0.21917
6.2832,0.21345
6.3145,0.19847
6.3457,0.20513
6.4076,0.19716
6.4383,0.21247
6.4689,0.1996
6.4994,0.2051
6.5297,0.22296
6.5598,0.19953
6.5899,0.19472
6.6791,0.20008
6.7086,0.19425
6.738,0.19748
6.7672,0.20247
6.7963,0.17828
6.8253,0.19624
6.8829,0.16619
6.9115,0.2031
6.94,0.16629
6.9684,0.17665
7.0248,0.188
7.0529,0.17407
7.1086,0.17426
7.1363,0.17621
7.1639,0.18023
7.1914,0.17488
7.2188,0.18309
7.2461,0.19585
7.2733,0.17152
7.3274,0.18132
7.3543,0.17993
7.3811,0.17152
7.4078,0.17238
7.4344,0.15943
7.4609,0.17046
7.4873,0.17201
7.566,0.16529
7.592,0.1648
7.618,0.14706
7.6696,0.16454
7.6953,0.15455
7.7719,0.14513
7.7972,0.18208
7.8225,0.13804
7.8978,0.16103
7.9725,0.17587
8.0218,0.15845
8.0464,0.12856
8.0709,0.16209
8.0953,0.15056
8.1439,0.1496
8.1923,0.134
8.2403,0.14834
8.2642,0.15711
8.3828,0.10615
8.4063,0.16532
8.4532,0.13521
8.4765,0.12081
8.5461,0.1355
8.638,0.14594
8.7062,0.11251
8.7515,0.1247
8.8189,0.14152
8.8412,0.1395
8.9742,0.13676
9.0181,0.14377
9.17,0.12378
9.2557,0.14619
9.4248,0.16258
9.4457,0.16124
9.4457,0.13238
