0.62832,11.583
0.88858,21.289
1.0883,35.033
1.2566,26.258
1.405,18.418
1.5391,14.133
1.7772,7.7765
1.885,5.6789
1.9869,4.5521
2.0839,4.1162
2.1766,3.7263
2.2654,2.4839
2.351,2.2417
2.5133,1.6862
2.5906,1.6328
2.6657,1.4664
2.7388,1.2133
2.8099,1.2271
2.8793,1.1415
2.9471,0.95972
3.0781,0.98711
3.1416,0.79214
3.2038,0.81918
3.2648,0.73978
3.3836,0.69316
3.4414,0.66905
3.5543,0.54729
3.6094,0.5613
3.6637,0.54383
3.7172,0.53097
3.7699,0.48639
3.8219,0.49456
3.8732,0.4966
3.9738,0.45186
4.0232,0.43993
4.072,0.40215
4.1202,0.42718
4.1678,0.38818
4.2149,0.38837
4.2615,0.37237
4.3531,0.3994
4.3982,0.35928
4.4429,0.35793
4.4871,0.35944
4.5309,0.33675
4.5742,0.31935
4.6172,0.30666
4.7019,0.29514
4.7437,0.29028
4.7851,0.30489
4.8262,0.28938
4.9073,0.29544
4.9474,0.28814
5.0265,0.2998
5.0657,0.27077
5.1045,0.26598
5.143,0.23521
5.1812,0.25457
5.2192,0.26658
5.2569,0.27185
5.3315,0.23183
5.3684,0.24184
5.405,0.24311
5.4414,0.26245
5.4776,0.23796
5.5135,0.24202
5.5492,0.24177
5.6199,0.22766
5.6549,0.23122
5.6897,0.23378
5.7243,0.22334
5.7586,0.21958
5.7928,0.23057
5.8268,0.21796
5.8942,0.21968
5.9275,0.20355
5.9608,0.21892
5.9938,0.21559
6.0593,0.21032
6.0918,0.21121
6.1562,0.19769
6.1882,0.19571
6.22,0.1865
6.2517,0.17645
6.2832,0.18584
6.3145,0.19346
6.3457,0.18918
6.4076,0.19156
6.4383,0.19131
6.4689,0.18694
6.4994,0.19498
6.5297,0.17297
6.5598,0.18664
6.5899,0.1767
6.6791,0.17535
6.7086,0.18288
6.738,0.18842
6.7672,0.16918
6.7963,0.17976
6.8253,0.189
6.8829,0.19078
6.9115,0.15541
6.94,0.16899
6.9684,0.14298
7.0248,0.17664
7.0529,0.17487
7.1086,0.19231
7.1363,0.17113
7.1639,0.17855
7.1914,0.17803
7.2188,0.15904
7.2461,0.16365
7.2733,0.15538
7.3274,0.15426
7.3543,0.19001
7.3811,0.16651
7.4078,0.1578
7.4344,0.16145
7.4609,0.17681
7.4873,0.15141
7.566,0.14036
7.592,0.17854
7.618,0.14928
7.6696,0.15472
7.6953,0.14955
7.7719,0.13564
7.7972,0.15043
7.8225,0.16118
7.8978,0.14273
7.9725,0.1464
8.0218,0.12728
8.0464,0.13713
8.0709,0.14122
8.0953,0.13904
8.1439,0.14801
8.1923,0.13702
8.2403,0.13342
8.2642,0.11628
8.3828,0.12342
8.4063,0.12922
8.4532,0.14843
8.4765,0.14023
8.5461,0.14163
8.638,0.15294
8.7062,0.14496
8.7515,0.12583
8.8189,0.16601
8.8412,0.14579
8.9742,0.17049
9.0181,0.11457
9.17,0.1134
9.2557,0.12932
9.4248,0.14863
9.4457,0.11607
9.4457,0.13519
