0.62832,1.4381
0.88858,1.3612
1.0883,1.1909
1.2566,1.2525
1.405,1.2805
1.5391,1.1342
1.7772,1.0915
1.885,1.0322
1.9869,1.0206
2.0839,0.88545
2.1766,1.0999
2.2654,0.89376
2.351,0.81097
2.5133,0.68061
2.5906,0.73105
2.6657,0.73677
2.7388,0.75656
2.8099,0.69654
2.8793,0.69749
2.9471,0.66923
3.0781,0.69408
3.1416,0.56325
3.2038,0.58846
3.2648,0.56798
3.3836,0.56148
3.4414,0.55076
3.5543,0.54995
3.6094,0.51949
3.6637,0.53056
3.7172,0.50524
3.7699,0.42294
3.8219,0.42084
3.8732,0.45477
3.9738,0.42378
4.0232,0.41768
4.072,0.42495
4.1202,0.41714
4.1678,0.3629
4.2149,0.38739
4.2615,0.38948
4.3531,0.37961
4.3982,0.34087
4.4429,0.35816
4.4871,0.35937
4.5309,0.35113
4.5742,0.3532
4.6172,0.32195
4.7019,0.32384
4.7437,0.33
4.7851,0.3194
4.8262,0.32619
4.9073,0.28315
4.9474,0.31134
5.0265,0.29375
5.0657,0.29542
5.1045,0.28279
5.143,0.28815
5.1812,0.2613
5.2192,0.2777
5.2569,0.26304
5.3315,0.27737
5.3684,0.26138
5.405,0.27031
5.4414,0.29557
5.4776,0.24933
5.5135,0.25572
5.5492,0.28352
5.6199,0.27736
5.6549,0.24745
5.6897,0.22648
5.7243,0.25138
5.7586,0.24864
5.7928,0.24237
5.8268,0.24412
5.8942,0.24789
5.9275,0.2257
5.9608,0.24556
5.9938,0.19989
6.0593,0.23871
6.0918,0.22885
6.1562,0.19193
6.1882,0.22146
6.22,0.19515
6.2517,0.21242
6.2832,0.21384
6.3145,0.20709
6.3457,0.2206
6.4076,0.208
6.4383,0.21096
6.4689,0.20271
6.4994,0.21106
6.5297,0.2212
6.5598,0.19342
6.5899,0.19221
6.6791,0.20407
6.7086,0.1899
6.738,0.20482
6.7672,0.18911
6.7963,0.18163
6.8253,0.21278
6.8829,0.18873
6.9115,0.17041
6.94,0.20909
6.9684,0.18846
7.0248,0.1816
7.0529,0.17678
7.1086,0.20464
7.1363,0.1977
7.1639,0.17802
7.1914,0.1799
7.2188,0.16856
7.2461,0.17211
7.2733,0.15497
7.3274,0.17737
7.3543,0.18883
7.3811,0.15277
7.4078,0.20337
7.4344,0.14581
7.4609,0.18271
7.4873,0.13671
7.566,0.15941
7.592,0.17791
7.618,0.15558
7.6696,0.1789
7.6953,0.1737
7.7719,0.17089
7.7972,0.17161
7.8225,0.1446
7.8978,0.15215
7.9725,0.14901
8.0218,0.1655
8.0464,0.15108
8.0709,0.15329
8.0953,0.1508
8.1439,0.17434
8.1923,0.14513
8.2403,0.14805
8.2642,0.15347
8.3828,0.15719
8.4063,0.15714
8.4532,0.16812
8.4765,0.1412
8.5461,0.15125
8.638,0.1489
8.7062,0.16344
8.7515,0.13565
8.8189,0.14429
8.8412,0.14086
8.9742,0.13537
9.0181,0.13329
9.17,0.11368
9.2557,0.14503
9.4248,0.14026
9.4457,0.1586
9.4457,0.15762
