0.62832,10.568
0.88858,17.538
1.0883,32.414
1.2566,42.34
1.405,33.892
1.5391,25.794
1.7772,10.672
1.885,7.9353
1.9869,5.8107
2.0839,4.518
2.1766,4.1133
2.2654,3.5883
2.351,2.9575
2.5133,2.2905
2.5906,1.962
2.6657,1.7142
2.7388,1.6023
2.8099,1.304
2.8793,1.2469
2.9471,1.0546
3.0781,0.96505
3.1416,0.84002
3.2038,0.80083
3.2648,0.73571
3.3836,0.66693
3.4414,0.59756
3.5543,0.59004
3.6094,0.55658
3.6637,0.50384
3.7172,0.52896
3.7699,0.52458
3.8219,0.50047
3.8732,0.46211
3.9738,0.48864
4.0232,0.4153
4.072,0.43094
4.1202,0.42801
4.1678,0.42194
4.2149,0.36065
4.2615,0.35339
4.3531,0.30812
4.3982,0.3486
4.4429,0.33236
4.4871,0.32654
4.5309,0.30547
4.5742,0.3295
4.6172,0.31051
4.7019,0.28741
4.7437,0.30331
4.7851,0.28596
4.8262,0.28843
4.9073,0.27776
4.9474,0.25383
5.0265,0.26527
5.0657,0.25579
5.1045,0.24473
5.143,0.25398
5.1812,0.23957
5.2192,0.23911
5.2569,0.24683
5.3315,0.23282
5.3684,0.2207
5.405,0.23251
5.4414,0.24552
5.4776,0.21983
5.5135,0.22483
5.5492,0.22562
5.6199,0.19874
5.6549,0.20198
5.6897,0.22222
5.7243,0.20505
5.7586,0.20491
5.7928,0.20001
5.8268,0.20953
5.8942,0.19245
5.9275,0.20183
5.9608,0.20258
5.9938,0.22537
6.0593,0.19793
6.0918,0.19459
6.1562,0.17006
6.1882,0.19834
6.22,0.19472
6.2517,0.17119
6.2832,0.19009
6.3145,0.17488
6.3457,0.17307
6.4076,0.19494
6.4383,0.17846
6.4689,0.18808
6.4994,0.16725
6.5297,0.18944
6.5598,0.18663
6.5899,0.16606
6.6791,0.18925
6.7086,0.1716
6.738,0.17449
6.7672,0.16977
6.7963,0.17277
6.8253,0.15775
6.8829,0.17651
6.9115,0.18365
6.94,0.16196
6.9684,0.15313
7.0248,0.16099
7.0529,0.16338
7.1086,0.13934
7.1363,0.15974
7.1639,0.16099
7.1914,0.1582
7.2188,0.14815
7.2461,0.16583
7.2733,0.14606
7.3274,0.15238
7.3543,0.1498
7.3811,0.15484
7.4078,0.15158
7.4344,0.14102
7.4609,0.15703
7.4873,0.14307
7.566,0.15232
7.592,0.15264
7.618,0.12016
7.6696,0.14849
7.6953,0.14806
7.7719,0.15111
7.7972,0.14207
7.8225,0.14681
7.8978,0.14271
7.9725,0.13907
8.0218,0.13543
8.0464,0.1416
8.0709,0.15006
8.0953,0.14235
8.1439,0.13466
8.1923,0.13395
8.2403,0.14195
8.2642,0.1319
8.3828,0.13158
8.4063,0.12992
8.4532,0.12711
8.4765,0.13625
8.5461,0.14486
8.638,0.13517
8.7062,0.13512
8.7515,0.12113
8.8189,0.12663
8.8412,0.13572
8.9742,0.13267
9.0181,0.12727
9.17,0.14228
9.2557,0.10309
9.4248,0.11472
9.4457,0.1514
9.4457,0.10862
