0.62832,6.9252
0.88858,13.1
1.0883,19.272
1.2566,55.586
1.405,52.025
1.5391,35.741
1.7772,15.258
1.885,9.5983
1.9869,7.6126
2.0839,5.7732
2.1766,6.1482
2.2654,3.9511
2.351,3.4982
2.5133,2.5495
2.5906,2.1333
2.6657,1.8
2.7388,1.6871
2.8099,1.4194
2.8793,1.3683
2.9471,1.0878
3.0781,0.97369
3.1416,0.90554
3.2038,0.84116
3.2648,0.78981
3.3836,0.68012
3.4414,0.63119
3.5543,0.65369
3.6094,0.55473
3.6637,0.52769
3.7172,0.50302
3.7699,0.51047
3.8219,0.54679
3.8732,0.4676
3.9738,0.45002
4.0232,0.4336
4.072,0.39558
4.1202,0.41638
4.1678,0.35964
4.2149,0.36745
4.2615,0.37674
4.3531,0.37719
4.3982,0.35011
4.4429,0.31768
4.4871,0.29917
4.5309,0.32733
4.5742,0.31662
4.6172,0.28367
4.7019,0.28733
4.7437,0.27328
4.7851,0.26378
4.8262,0.27042
4.9073,0.26238
4.9474,0.25505
5.0265,0.24766
5.0657,0.25652
5.1045,0.23435
5.143,0.2395
5.1812,0.23771
5.2192,0.23759
5.2569,0.21561
5.3315,0.22642
5.3684,0.22127
5.405,0.20374
5.4414,0.22492
5.4776,0.2049
5.5135,0.19731
5.5492,0.20472
5.6199,0.20785
5.6549,0.20501
5.6897,0.21389
5.7243,0.1955
5.7586,0.19658
5.7928,0.19129
5.8268,0.20974
5.8942,0.17772
5.9275,0.18022
5.9608,0.19452
5.9938,0.20803
6.0593,0.17678
6.0918,0.1776
6.1562,0.15693
6.1882,0.17313
6.22,0.17571
6.2517,0.17263
6.2832,0.18509
6.3145,0.17781
6.3457,0.17313
6.4076,0.18304
6.4383,0.18505
6.4689,0.17579
6.4994,0.1737
6.5297,0.1487
6.5598,0.16334
6.5899,0.1619
6.6791,0.17136
6.7086,0.15715
6.738,0.17793
6.7672,0.1667
6.7963,0.17494
6.8253,0.16869
6.8829,0.18595
6.9115,0.13686
6.94,0.17162
6.9684,0.12531
7.0248,0.16759
7.0529,0.14408
7.1086,0.14795
7.1363,0.16547
7.1639,0.15539
7.1914,0.16616
7.2188,0.16176
7.2461,0.14846
7.2733,0.143
7.3274,0.14463
7.3543,0.14001
7.3811,0.13883
7.4078,0.13996
7.4344,0.16174
7.4609,0.13481
7.4873,0.1285
7.566,0.14876
7.592,0.11744
7.618,0.12492
7.6696,0.14051
7.6953,0.16093
7.7719,0.14561
7.7972,0.14079
7.8225,0.1531
7.8978,0.1339
7.9725,0.13558
8.0218,0.11729
8.0464,0.1223
8.0709,0.14032
8.0953,0.13018
8.1439,0.13488
8.1923,0.12943
8.2403,0.11334
8.2642,0.13099
8.3828,0.14989
8.4063,0.12518
8.4532,0.10553
8.4765,0.16005
8.5461,0.11412
8.638,0.12517
8.7062,0.11857
8.7515,0.13307
8.8189,0.12519
8.8412,0.11037
8.9742,0.14011
9.0181,0.15541
9.17,0.12842
9.2557,0.10984
9.4248,0.14449
9.4457,0.11412
9.4457,0.098072
