0.62832,9.1983
0.88858,15.219
1.0883,31.826
1.2566,46.179
1.405,36.431
1.5391,31.582
1.7772,12.147
1.885,8.1267
1.9869,6.8276
2.0839,5.0473
2.1766,3.7611
2.2654,3.9484
2.351,3.1142
2.5133,2.2031
2.5906,2.083
2.6657,1.764
2.7388,1.7526
2.8099,1.3256
2.8793,1.3044
2.9471,1.1421
3.0781,0.89383
3.1416,0.86264
3.2038,0.83884
3.2648,0.737
3.3836,0.69834
3.4414,0.64173
3.5543,0.58545
3.6094,0.58563
3.6637,0.5488
3.7172,0.52512
3.7699,0.52684
3.8219,0.48722
3.8732,0.45204
3.9738,0.44976
4.0232,0.42578
4.072,0.38513
4.1202,0.45209
4.1678,0.41655
4.2149,0.39665
4.2615,0.37063
4.3531,0.35885
4.3982,0.33661
4.4429,0.34653
4.4871,0.334
4.5309,0.328
4.5742,0.33183
4.6172,0.28653
4.7019,0.32186
4.7437,0.29082
4.7851,0.29273
4.8262,0.28702
4.9073,0.2628
4.9474,0.2581
5.0265,0.22733
5.0657,0.26254
5.1045,0.27023
5.143,0.25735
5.1812,0.25051
5.2192,0.25174
5.2569,0.22377
5.3315,0.23935
5.3684,0.22969
5.405,0.21928
5.4414,0.21912
5.4776,0.23489
5.5135,0.24217
5.5492,0.21226
5.6199,0.21291
5.6549,0.20397
5.6897,0.19672
5.7243,0.19173
5.7586,0.19418
5.7928,0.2218
5.8268,0.21699
5.8942,0.2073
5.9275,0.1893
5.9608,0.18512
5.9938,0.20568
6.0593,0.18211
6.0918,0.18907
6.1562,0.19714
6.1882,0.18713
6.22,0.19251
6.2517,0.1883
6.2832,0.19698
6.3145,0.16831
6.3457,0.17542
6.4076,0.16094
6.4383,0.18559
6.4689,0.17792
6.4994,0.1719
6.5297,0.17593
6.5598,0.16935
6.5899,0.1736
6.6791,0.17345
6.7086,0.1664
6.738,0.17513
6.7672,0.16828
6.7963,0.1646
6.8253,0.15615
6.8829,0.18094
6.9115,0.16804
6.94,0.15554
6.9684,0.12568
7.0248,0.15365
7.0529,0.14439
7.1086,0.15607
7.1363,0.14896
7.1639,0.18397
7.1914,0.16148
7.2188,0.1668
7.2461,0.1411
7.2733,0.15112
7.3274,0.15733
7.3543,0.13697
7.3811,0.15789
7.4078,0.15171
7.4344,0.13249
7.4609,0.15566
7.4873,0.16462
7.566,0.14633
7.592,0.14053
7.618,0.12522
7.6696,0.14885
7.6953,0.16282
7.7719,0.14944
7.7972,0.14348
7.8225,0.14541
7.8978,0.1569
7.9725,0.14613
8.0218,0.13655
8.0464,0.133
8.0709,0.14543
8.0953,0.14859
8.1439,0.13971
8.1923,0.14157
8.2403,0.13557
8.2642,0.13236
8.3828,0.13828
8.4063,0.13236
8.4532,0.10092
8.4765,0.14309
8.5461,0.1555
8.638,0.13204
8.7062,0.11543
8.7515,0.12501
8.8189,0.14236
8.8412,0.12718
8.9742,0.13931
9.0181,0.11392
9.17,0.14937
9.2557,0.15379
9.4248,0.13417
9.4457,0.13618
9.4457,0.10764
