0.62832,4.5559
0.88858,12.879
1.0883,33.896
1.2566,80.071
1.405,101.6
1.5391,52.367
1.7772,27.291
1.885,14.688
1.9869,11.837
2.0839,8.6736
2.1766,5.2827
2.2654,5.1832
2.351,4.8547
2.5133,5.0001
2.5906,3.4937
2.6657,2.6153
2.7388,1.8793
2.8099,2.0027
2.8793,1.4798
2.9471,1.2819
3.0781,1.0433
3.1416,0.94405
3.2038,0.92978
3.2648,0.86345
3.3836,0.67761
3.4414,0.69127
3.5543,0.51991
3.6094,0.61064
3.6637,0.56454
3.7172,0.64296
3.7699,0.61921
3.8219,0.66056
3.8732,0.58065
3.9738,0.61257
4.0232,0.48677
4.072,0.43545
4.1202,0.41837
4.1678,0.4258
4.2149,0.42674
4.2615,0.42321
4.3531,0.27744
4.3982,0.42891
4.4429,0.4056
4.4871,0.4433
4.5309,0.33286
4.5742,0.3577
4.6172,0.34412
4.7019,0.27915
4.7437,0.29556
4.7851,0.32372
4.8262,0.28771
4.9073,0.2534
4.9474,0.24678
5.0265,0.3682
5.0657,0.27549
5.1045,0.23605
5.143,0.20457
5.1812,0.26017
5.2192,0.25455
5.2569,0.1888
5.3315,0.21638
5.3684,0.20573
5.405,0.1994
5.4414,0.15838
5.4776,0.15862
5.5135,0.17524
5.5492,0.18249
5.6199,0.19819
5.6549,0.18662
5.6897,0.20989
5.7243,0.20317
5.7586,0.17712
5.7928,0.19448
5.8268,0.21318
5.8942,0.1358
5.9275,0.16132
5.9608,0.17704
5.9938,0.21164
6.0593,0.15776
6.0918,0.1698
6.1562,0.15733
6.1882,0.15318
6.22,0.14446
6.2517,0.15513
6.2832,0.16495
6.3145,0.16947
6.3457,0.13772
6.4076,0.1703
6.4383,0.17218
6.4689,0.14482
6.4994,0.14177
6.5297,0.17139
6.5598,0.13851
6.5899,0.14086
6.6791,0.1599
6.7086,0.12675
6.738,0.14054
6.7672,0.1526
6.7963,0.14299
6.8253,0.14125
6.8829,0.16171
6.9115,0.11869
6.94,0.14021
6.9684,0.10717
7.0248,0.14027
7.0529,0.13646
7.1086,0.13138
7.1363,0.11989
7.1639,0.14513
7.1914,0.12487
7.2188,0.12872
7.2461,0.10621
7.2733,0.12691
7.3274,0.1281
7.3543,0.14983
7.3811,0.12143
7.4078,0.12341
7.4344,0.14821
7.4609,0.14304
7.4873,0.1315
7.566,0.12621
7.592,0.1216
7.618,0.096072
7.6696,0.11046
7.6953,0.11905
7.7719,0.12982
7.7972,0.12723
7.8225,0.12197
7.8978,0.13063
7.9725,0.12639
8.0218,0.11755
8.0464,0.1197
8.0709,0.13448
8.0953,0.11608
8.1439,0.12276
8.1923,0.12475
8.2403,0.10724
8.2642,0.12842
8.3828,0.11579
8.4063,0.10936
8.4532,0.1308
8.4765,0.127
8.5461,0.10818
8.638,0.11135
8.7062,0.14037
8.7515,0.12436
8.8189,0.13232
8.8412,0.11947
8.9742,0.11573
9.0181,0.13168
9.17,0.13588
9.2557,0.08595
9.4248,0.13964
9.4457,0.11454
9.4457,0.11314
