0.62832,5.5423
0.88858,10.527
1.0883,26.171
1.2566,63.524
1.405,64.163
1.5391,48.34
1.7772,18.097
1.885,12.904
1.9869,8.853
2.0839,8.0824
2.1766,5.1271
2.2654,5.1374
2.351,3.8833
2.5133,3.0372
2.5906,2.5448
2.6657,2.2388
2.7388,1.9607
2.8099,1.7759
2.8793,1.5968
2.9471,1.2836
3.0781,1.0469
3.1416,0.98501
3.2038,0.91653
3.2648,0.82109
3.3836,0.71932
3.4414,0.67864
3.5543,0.58512
3.6094,0.58879
3.6637,0.54024
3.7172,0.52358
3.7699,0.51863
3.8219,0.48556
3.8732,0.46406
3.9738,0.45011
4.0232,0.44306
4.072,0.3901
4.1202,0.38369
4.1678,0.37253
4.2149,0.39134
4.2615,0.34489
4.3531,0.33911
4.3982,0.33175
4.4429,0.3306
4.4871,0.30152
4.5309,0.33464
4.5742,0.28186
4.6172,0.3019
4.7019,0.29036
4.7437,0.2793
4.7851,0.26908
4.8262,0.24463
4.9073,0.24801
4.9474,0.22515
5.0265,0.28288
5.0657,0.23586
5.1045,0.24172
5.143,0.2328
5.1812,0.24294
5.2192,0.22648
5.2569,0.19742
5.3315,0.21042
5.3684,0.21891
5.405,0.20426
5.4414,0.21079
5.4776,0.18403
5.5135,0.17777
5.5492,0.18754
5.6199,0.19153
5.6549,0.18301
5.6897,0.19968
5.7243,0.18767
5.7586,0.1782
5.7928,0.18332
5.8268,0.1818
5.8942,0.1642
5.9275,0.18097
5.9608,0.1806
5.9938,0.19628
6.0593,0.18567
6.0918,0.177
6.1562,0.18441
6.1882,0.15943
6.22,0.15324
6.2517,0.1677
6.2832,0.16755
6.3145,0.17108
6.3457,0.1707
6.4076,0.16158
6.4383,0.16415
6.4689,0.17365
6.4994,0.15523
6.5297,0.17352
6.5598,0.16137
6.5899,0.15504
6.6791,0.13674
6.7086,0.14332
6.738,0.14987
6.7672,0.15803
6.7963,0.14419
6.8253,0.14293
6.8829,0.16374
6.9115,0.15989
6.94,0.14054
6.9684,0.12713
7.0248,0.15035
7.0529,0.14929
7.1086,0.15821
7.1363,0.14079
7.1639,0.12204
7.1914,0.15209
7.2188,0.14958
7.2461,0.16451
7.2733,0.1587
7.3274,0.13584
7.3543,0.12684
7.3811,0.1399
7.4078,0.15538
7.4344,0.13871
7.4609,0.1413
7.4873,0.1265
7.566,0.15387
7.592,0.13973
7.618,0.15394
7.6696,0.14146
7.6953,0.13409
7.7719,0.1209
7.7972,0.12845
7.8225,0.12708
7.8978,0.13008
7.9725,0.12554
8.0218,0.15126
8.0464,0.13249
8.0709,0.147
8.0953,0.11635
8.1439,0.13502
8.1923,0.12271
8.2403,0.14537
8.2642,0.15721
8.3828,0.14385
8.4063,0.14018
8.4532,0.14776
8.4765,0.14232
8.5461,0.14369
8.638,0.12955
8.7062,0.11849
8.7515,0.12599
8.8189,0.10817
8.8412,0.11998
8.9742,0.12628
9.0181,0.13401
9.17,0.12348
9.2557,0.15565
9.4248,0.10761
9.4457,0.113
9.4457,0.11473
