0.62832,5.3381
0.88858,12.658
1.0883,33.412
1.2566,107.8
1.405,108.48
1.5391,65.015
1.7772,28.455
1.885,16.161
1.9869,10.616
2.0839,9.7058
2.1766,4.7481
2.2654,5.9891
2.351,4.8309
2.5133,5.4855
2.5906,3.6889
2.6657,3.0039
2.7388,1.8211
2.8099,2.0097
2.8793,1.653
2.9471,1.1781
3.0781,1.0089
3.1416,0.99661
3.2038,0.93817
3.2648,0.85065
3.3836,0.74029
3.4414,0.71942
3.5543,0.65196
3.6094,0.56931
3.6637,0.61055
3.7172,0.60054
3.7699,0.7831
3.8219,0.78654
3.8732,0.56031
3.9738,0.74923
4.0232,0.55851
4.072,0.42871
4.1202,0.43595
4.1678,0.59844
4.2149,0.45421
4.2615,0.55481
4.3531,0.3504
4.3982,0.55818
4.4429,0.45239
4.4871,0.49859
4.5309,0.36651
4.5742,0.43952
4.6172,0.41478
4.7019,0.32858
4.7437,0.33731
4.7851,0.39874
4.8262,0.32771
4.9073,0.25265
4.9474,0.28395
5.0265,0.44027
5.0657,0.32241
5.1045,0.27014
5.143,0.23104
5.1812,0.29133
5.2192,0.27752
5.2569,0.1762
5.3315,0.24315
5.3684,0.2458
5.405,0.22922
5.4414,0.18834
5.4776,0.17894
5.5135,0.21875
5.5492,0.18036
5.6199,0.2232
5.6549,0.21136
5.6897,0.30674
5.7243,0.22972
5.7586,0.19948
5.7928,0.20386
5.8268,0.22775
5.8942,0.13702
5.9275,0.16996
5.9608,0.19289
5.9938,0.23519
6.0593,0.16043
6.0918,0.1835
6.1562,0.16331
6.1882,0.16263
6.22,0.15288
6.2517,0.15252
6.2832,0.19182
6.3145,0.18151
6.3457,0.16407
6.4076,0.18248
6.4383,0.17499
6.4689,0.1513
6.4994,0.15373
6.5297,0.15509
6.5598,0.15069
6.5899,0.14888
6.6791,0.16553
6.7086,0.12734
6.738,0.15809
6.7672,0.14963
6.7963,0.16216
6.8253,0.14455
6.8829,0.1525
6.9115,0.13604
6.94,0.12916
6.9684,0.099146
7.0248,0.14321
7.0529,0.14131
7.1086,0.13136
7.1363,0.13273
7.1639,0.11748
7.1914,0.12164
7.2188,0.12957
7.2461,0.1348
7.2733,0.1399
7.3274,0.13696
7.3543,0.13001
7.3811,0.10165
7.4078,0.12625
7.4344,0.12418
7.4609,0.13832
7.4873,0.15969
7.566,0.1404
7.592,0.11865
7.618,0.10125
7.6696,0.13147
7.6953,0.12195
7.7719,0.12134
7.7972,0.1291
7.8225,0.12014
7.8978,0.12079
7.9725,0.1292
8.0218,0.10712
8.0464,0.13132
8.0709,0.12579
8.0953,0.11238
8.1439,0.11667
8.1923,0.12037
8.2403,0.091361
8.2642,0.11546
8.3828,0.11625
8.4063,0.11533
8.4532,0.1077
8.4765,0.13842
8.5461,0.10697
8.638,0.12459
8.7062,0.092751
8.7515,0.092852
8.8189,0.10571
8.8412,0.10561
8.9742,0.11984
9.0181,0.1099
9.17,0.11787
9.2557,0.11559
9.4248,0.13301
9.4457,0.10953
9.4457,0.09472
