0.62832,13.859
0.88858,21.591
1.0883,28.637
1.2566,26.979
1.405,15.472
1.5391,13.952
1.7772,7.0069
1.885,5.1502
1.9869,4.3304
2.0839,3.631
2.1766,3.0549
2.2654,2.5781
2.351,2.2593
2.5133,1.5259
2.5906,1.5121
2.6657,1.3499
2.7388,1.2555
2.8099,1.1243
2.8793,1.0282
2.9471,1.0765
3.0781,0.89898
3.1416,0.86661
3.2038,0.80127
3.2648,0.78025
3.3836,0.65449
3.4414,0.61598
3.5543,0.5646
3.6094,0.56947
3.6637,0.57369
3.7172,0.53124
3.7699,0.53228
3.8219,0.53996
3.8732,0.49231
3.9738,0.46253
4.0232,0.43171
4.072,0.45518
4.1202,0.37343
4.1678,0.43766
4.2149,0.39828
4.2615,0.37708
4.3531,0.42424
4.3982,0.39475
4.4429,0.36043
4.4871,0.33665
4.5309,0.37589
4.5742,0.32924
4.6172,0.34098
4.7019,0.34098
4.7437,0.35102
4.7851,0.32721
4.8262,0.29897
4.9073,0.3074
4.9474,0.28752
5.0265,0.28664
5.0657,0.27551
5.1045,0.26396
5.143,0.27812
5.1812,0.25836
5.2192,0.25685
5.2569,0.2851
5.3315,0.24612
5.3684,0.23187
5.405,0.24029
5.4414,0.25797
5.4776,0.2308
5.5135,0.24921
5.5492,0.23336
5.6199,0.25298
5.6549,0.214
5.6897,0.22605
5.7243,0.23606
5.7586,0.22346
5.7928,0.22001
5.8268,0.21517
5.8942,0.20665
5.9275,0.21391
5.9608,0.21859
5.9938,0.25075
6.0593,0.20179
6.0918,0.19995
6.1562,0.18307
6.1882,0.20289
6.22,0.2028
6.2517,0.18967
6.2832,0.2033
6.3145,0.19293
6.3457,0.18904
6.4076,0.20355
6.4383,0.19416
6.4689,0.19037
6.4994,0.18918
6.5297,0.20673
6.5598,0.20024
6.5899,0.18588
6.6791,0.17828
6.7086,0.17582
6.738,0.18594
6.7672,0.17868
6.7963,0.17999
6.8253,0.18325
6.8829,0.16051
6.9115,0.17682
6.94,0.16076
6.9684,0.16128
7.0248,0.16811
7.0529,0.16518
7.1086,0.18258
7.1363,0.16921
7.1639,0.13454
7.1914,0.1677
7.2188,0.155
7.2461,0.16369
7.2733,0.15765
7.3274,0.16376
7.3543,0.15998
7.3811,0.17607
7.4078,0.18941
7.4344,0.14399
7.4609,0.1483
7.4873,0.16384
7.566,0.16647
7.592,0.17338
7.618,0.15115
7.6696,0.14855
7.6953,0.16161
7.7719,0.1614
7.7972,0.15257
7.8225,0.14538
7.8978,0.14902
7.9725,0.15116
8.0218,0.1788
8.0464,0.17337
8.0709,0.1564
8.0953,0.1608
8.1439,0.15176
8.1923,0.13469
8.2403,0.13732
8.2642,0.12263
8.3828,0.14137
8.4063,0.15308
8.4532,0.14219
8.4765,0.13653
8.5461,0.14885
8.638,0.14214
8.7062,0.1028
8.7515,0.1402
8.8189,0.13452
8.8412,0.13378
8.9742,0.16798
9.0181,0.12926
9.17,0.13038
9.2557,0.1421
9.4248,0.13234
9.4457,0.12637
9.4457,0.11939
