0.62832,3.7196
0.88858,2.9387
1.0883,2.3771
1.2566,2.011
1.405,2.0567
1.5391,1.7217
1.7772,1.5995
1.885,1.4848
1.9869,1.3693
2.0839,1.2749
2.1766,1.3742
2.2654,1.1353
2.351,1.114
2.5133,1.064
2.5906,0.90823
2.6657,0.85802
2.7388,0.96636
2.8099,0.80727
2.8793,0.75261
2.9471,0.83102
3.0781,0.7401
3.1416,0.66316
3.2038,0.65709
3.2648,0.67622
3.3836,0.61536
3.4414,0.6241
3.5543,0.58314
3.6094,0.51841
3.6637,0.51046
3.7172,0.5052
3.7699,0.49752
3.8219,0.49009
3.8732,0.49309
3.9738,0.44823
4.0232,0.45358
4.072,0.45711
4.1202,0.35548
4.1678,0.38105
4.2149,0.41545
4.2615,0.39594
4.3531,0.37319
4.3982,0.38624
4.4429,0.39027
4.4871,0.38111
4.5309,0.34122
4.5742,0.33788
4.6172,0.33685
4.7019,0.32729
4.7437,0.31951
4.7851,0.34437
4.8262,0.34421
4.9073,0.31279
4.9474,0.30833
5.0265,0.30324
5.0657,0.29728
5.1045,0.29322
5.143,0.28948
5.1812,0.27854
5.2192,0.30152
5.2569,0.31311
5.3315,0.28246
5.3684,0.26483
5.405,0.25617
5.4414,0.26709
5.4776,0.26094
5.5135,0.27147
5.5492,0.26462
5.6199,0.25735
5.6549,0.27967
5.6897,0.2635
5.7243,0.25483
5.7586,0.24592
5.7928,0.23583
5.8268,0.23969
5.8942,0.20654
5.9275,0.25041
5.9608,0.24072
5.9938,0.20571
6.0593,0.21614
6.0918,0.2388
6.1562,0.20216
6.1882,0.23166
6.22,0.22305
6.2517,0.22353
6.2832,0.20925
6.3145,0.21469
6.3457,0.21657
6.4076,0.21064
6.4383,0.20897
6.4689,0.20543
6.4994,0.20996
6.5297,0.19894
6.5598,0.20609
6.5899,0.19831
6.6791,0.18733
6.7086,0.17869
6.738,0.2167
6.7672,0.19894
6.7963,0.19312
6.8253,0.18588
6.8829,0.18842
6.9115,0.21284
6.94,0.18493
6.9684,0.18009
7.0248,0.16945
7.0529,0.16969
7.1086,0.20095
7.1363,0.18802
7.1639,0.14607
7.1914,0.16436
7.2188,0.18789
7.2461,0.17075
7.2733,0.18257
7.3274,0.16412
7.3543,0.17922
7.3811,0.17491
7.4078,0.15823
7.4344,0.18913
7.4609,0.18574
7.4873,0.14667
7.566,0.15937
7.592,0.1507
7.618,0.16665
7.6696,0.16996
7.6953,0.14904
7.7719,0.16294
7.7972,0.16734
7.8225,0.13557
7.8978,0.13291
7.9725,0.15864
8.0218,0.12382
8.0464,0.16176
8.0709,0.14012
8.0953,0.17562
8.1439,0.14844
8.1923,0.14587
8.2403,0.14175
8.2642,0.16388
8.3828,0.17654
8.4063,0.14545
8.4532,0.16162
8.4765,0.15174
8.5461,0.14353
8.638,0.14441
8.7062,0.15957
8.7515,0.14225
8.8189,0.12728
8.8412,0.13189
8.9742,0.13216
9.0181,0.13171
9.17,0.13865
9.2557,0.1431
9.4248,0.1172
9.4457,0.12271
9.4457,0.13131
