0.62832,6.5329
0.88858,10.202
1.0883,21.443
1.2566,69.415
1.405,59.424
1.5391,40.934
1.7772,18.085
1.885,12.412
1.9869,8.3527
2.0839,7.5276
2.1766,5.9641
2.2654,4.5266
2.351,3.8506
2.5133,2.757
2.5906,2.4184
2.6657,2.0979
2.7388,1.9134
2.8099,1.6035
2.8793,1.4246
2.9471,1.3983
3.0781,1.0787
3.1416,0.89606
3.2038,0.87204
3.2648,0.80411
3.3836,0.73115
3.4414,0.71715
3.5543,0.5608
3.6094,0.5564
3.6637,0.5217
3.7172,0.48909
3.7699,0.49502
3.8219,0.5046
3.8732,0.46085
3.9738,0.47006
4.0232,0.42711
4.072,0.41681
4.1202,0.40161
4.1678,0.42235
4.2149,0.36561
4.2615,0.37499
4.3531,0.35648
4.3982,0.35399
4.4429,0.3278
4.4871,0.31224
4.5309,0.28605
4.5742,0.30648
4.6172,0.28363
4.7019,0.28421
4.7437,0.26186
4.7851,0.26334
4.8262,0.26541
4.9073,0.25839
4.9474,0.24695
5.0265,0.27655
5.0657,0.23443
5.1045,0.24741
5.143,0.21819
5.1812,0.24057
5.2192,0.22887
5.2569,0.22765
5.3315,0.21332
5.3684,0.21791
5.405,0.21621
5.4414,0.21268
5.4776,0.19016
5.5135,0.19205
5.5492,0.18693
5.6199,0.201
5.6549,0.1919
5.6897,0.21304
5.7243,0.18835
5.7586,0.18881
5.7928,0.18645
5.8268,0.18794
5.8942,0.18332
5.9275,0.17039
5.9608,0.19446
5.9938,0.18175
6.0593,0.16019
6.0918,0.18577
6.1562,0.16428
6.1882,0.16925
6.22,0.16187
6.2517,0.19131
6.2832,0.17626
6.3145,0.17257
6.3457,0.18538
6.4076,0.16841
6.4383,0.1614
6.4689,0.16489
6.4994,0.1602
6.5297,0.16642
6.5598,0.16473
6.5899,0.15886
6.6791,0.17074
6.7086,0.16265
6.738,0.15667
6.7672,0.16157
6.7963,0.16204
6.8253,0.14233
6.8829,0.17847
6.9115,0.1627
6.94,0.17393
6.9684,0.12172
7.0248,0.15038
7.0529,0.15127
7.1086,0.12831
7.1363,0.15276
7.1639,0.17228
7.1914,0.13876
7.2188,0.13634
7.2461,0.14809
7.2733,0.14391
7.3274,0.14765
7.3543,0.13502
7.3811,0.14139
7.4078,0.12784
7.4344,0.13936
7.4609,0.14095
7.4873,0.11662
7.566,0.14506
7.592,0.13574
7.618,0.11297
7.6696,0.13952
7.6953,0.13742
7.7719,0.12425
7.7972,0.13989
7.8225,0.13475
7.8978,0.156
7.9725,0.13091
8.0218,0.15538
8.0464,0.126
8.0709,0.13517
8.0953,0.10536
8.1439,0.13429
8.1923,0.13395
8.2403,0.13632
8.2642,0.14999
8.3828,0.18322
8.4063,0.13468
8.4532,0.12865
8.4765,0.14848
8.5461,0.12997
8.638,0.13016
8.7062,0.12357
8.7515,0.10987
8.8189,0.11944
8.8412,0.11212
8.9742,0.10893
9.0181,0.12011
9.17,0.12604
9.2557,0.094645
9.4248,0.12867
9.4457,0.13056
9.4457,0.13296
