0.62832,0.74334
0.88858,0.70826
1.0883,0.75725
1.2566,0.72834
1.405,0.73706
1.5391,0.68773
1.7772,0.6347
1.885,0.62585
1.9869,0.62495
2.0839,0.58229
2.1766,0.73411
2.2654,0.55208
2.351,0.58288
2.5133,0.56789
2.5906,0.56093
2.6657,0.53957
2.7388,0.57192
2.8099,0.52462
2.8793,0.52815
2.9471,0.48841
3.0781,0.48258
3.1416,0.46325
3.2038,0.50324
3.2648,0.41629
3.3836,0.45612
3.4414,0.45097
3.5543,0.44951
3.6094,0.42213
3.6637,0.3879
3.7172,0.43033
3.7699,0.37982
3.8219,0.40132
3.8732,0.40569
3.9738,0.386
4.0232,0.37923
4.072,0.34632
4.1202,0.35556
4.1678,0.34177
4.2149,0.35556
4.2615,0.3839
4.3531,0.33192
4.3982,0.35286
4.4429,0.35283
4.4871,0.33157
4.5309,0.32036
4.5742,0.31262
4.6172,0.31476
4.7019,0.31421
4.7437,0.31464
4.7851,0.32516
4.8262,0.28125
4.9073,0.28876
4.9474,0.27471
5.0265,0.26805
5.0657,0.27286
5.1045,0.27525
5.143,0.3093
5.1812,0.27807
5.2192,0.2568
5.2569,0.26458
5.3315,0.26283
5.3684,0.26431
5.405,0.25275
5.4414,0.26942
5.4776,0.26444
5.5135,0.23755
5.5492,0.24758
5.6199,0.23881
5.6549,0.23063
5.6897,0.22689
5.7243,0.22991
5.7586,0.22642
5.7928,0.21282
5.8268,0.23526
5.8942,0.24363
5.9275,0.22533
5.9608,0.22522
5.9938,0.22032
6.0593,0.22179
6.0918,0.21406
6.1562,0.2061
6.1882,0.22564
6.22,0.2229
6.2517,0.21713
6.2832,0.21365
6.3145,0.21409
6.3457,0.18941
6.4076,0.20628
6.4383,0.21124
6.4689,0.20861
6.4994,0.19414
6.5297,0.16647
6.5598,0.192
6.5899,0.18744
6.6791,0.20567
6.7086,0.1814
6.738,0.18954
6.7672,0.20758
6.7963,0.18256
6.8253,0.17758
6.8829,0.19759
6.9115,0.15568
6.94,0.1691
6.9684,0.18377
7.0248,0.18623
7.0529,0.17374
7.1086,0.1837
7.1363,0.17442
7.1639,0.17738
7.1914,0.1701
7.2188,0.17987
7.2461,0.18146
7.2733,0.1554
7.3274,0.16949
7.3543,0.17924
7.3811,0.17243
7.4078,0.17793
7.4344,0.15198
7.4609,0.16849
7.4873,0.15898
7.566,0.171
7.592,0.15334
7.618,0.20427
7.6696,0.16064
7.6953,0.16886
7.7719,0.16457
7.7972,0.17604
7.8225,0.16505
7.8978,0.14032
7.9725,0.15942
8.0218,0.12506
8.0464,0.15297
8.0709,0.1491
8.0953,0.14063
8.1439,0.16411
8.1923,0.1498
8.2403,0.19904
8.2642,0.13414
8.3828,0.15524
8.4063,0.1344
8.4532,0.14227
8.4765,0.136
8.5461,0.14101
8.638,0.15368
8.7062,0.16626
8.7515,0.135
8.8189,0.14621
8.8412,0.14108
8.9742,0.12232
9.0181,0.15307
9.17,0.12556
9.2557,0.13892
9.4248,0.162
9.4457,0.1385
9.4457,0.13739
