0.62832,4.4479
0.88858,14.243
1.0883,40.773
1.2566,82.282
1.405,102.45
1.5391,61.184
1.7772,24.401
1.885,15.049
1.9869,12.221
2.0839,8.5987
2.1766,5.1149
2.2654,5.5373
2.351,4.9139
2.5133,4.4376
2.5906,3.1315
2.6657,2.6856
2.7388,1.9877
2.8099,1.7825
2.8793,1.5895
2.9471,1.1208
3.0781,0.94642
3.1416,1.0042
3.2038,0.96334
3.2648,0.90861
3.3836,0.74009
3.4414,0.71502
3.5543,0.57768
3.6094,0.59305
3.6637,0.60209
3.7172,0.60685
3.7699,0.68608
3.8219,0.66071
3.8732,0.58992
3.9738,0.58988
4.0232,0.515
4.072,0.46766
4.1202,0.46695
4.1678,0.52313
4.2149,0.45638
4.2615,0.44049
4.3531,0.37354
4.3982,0.4558
4.4429,0.40848
4.4871,0.40692
4.5309,0.3568
4.5742,0.38806
4.6172,0.34984
4.7019,0.27155
4.7437,0.2966
4.7851,0.33226
4.8262,0.29822
4.9073,0.26258
4.9474,0.25905
5.0265,0.40057
5.0657,0.28228
5.1045,0.24984
5.143,0.24803
5.1812,0.2691
5.2192,0.26156
5.2569,0.18239
5.3315,0.21719
5.3684,0.21728
5.405,0.20805
5.4414,0.18554
5.4776,0.17962
5.5135,0.18686
5.5492,0.17886
5.6199,0.19312
5.6549,0.19702
5.6897,0.24936
5.7243,0.19182
5.7586,0.18
5.7928,0.19879
5.8268,0.20188
5.8942,0.1378
5.9275,0.18188
5.9608,0.19402
5.9938,0.21985
6.0593,0.15236
6.0918,0.16634
6.1562,0.16272
6.1882,0.15448
6.22,0.13929
6.2517,0.15344
6.2832,0.16734
6.3145,0.16896
6.3457,0.15213
6.4076,0.18425
6.4383,0.15466
6.4689,0.14984
6.4994,0.13234
6.5297,0.15664
6.5598,0.14437
6.5899,0.14608
6.6791,0.15589
6.7086,0.13457
6.738,0.12008
6.7672,0.14739
6.7963,0.15131
6.8253,0.1211
6.8829,0.14282
6.9115,0.1079
6.94,0.11313
6.9684,0.11246
7.0248,0.15421
7.0529,0.14233
7.1086,0.1248
7.1363,0.1315
7.1639,0.12496
7.1914,0.13101
7.2188,0.12301
7.2461,0.11906
7.2733,0.13688
7.3274,0.14466
7.3543,0.12542
7.3811,0.12244
7.4078,0.11962
7.4344,0.1374
7.4609,0.13037
7.4873,0.12969
7.566,0.122
7.592,0.1166
7.618,0.12156
7.6696,0.131
7.6953,0.13633
7.7719,0.12434
7.7972,0.11972
7.8225,0.11542
7.8978,0.12426
7.9725,0.12513
8.0218,0.12035
8.0464,0.14586
8.0709,0.13628
8.0953,0.10968
8.1439,0.12219
8.1923,0.12051
8.2403,0.12897
8.2642,0.11792
8.3828,0.12951
8.4063,0.11555
8.4532,0.10078
8.4765,0.11731
8.5461,0.11546
8.638,0.12261
8.7062,0.09768
8.7515,0.12277
8.8189,0.12934
8.8412,0.118
8.9742,0.12244
9.0181,0.1269
9.17,0.12958
9.2557,0.12196
9.4248,0.12844
9.4457,0.11824
9.4457,0.12216
