0.62832,5.0418
0.88858,15.521
1.0883,29.278
1.2566,87.495
1.405,104.07
1.5391,55.751
1.7772,22.434
1.885,15.411
1.9869,11.357
2.0839,7.8812
2.1766,6.5047
2.2654,5.1562
2.351,4.5976
2.5133,4.3359
2.5906,3.3779
2.6657,3.1093
2.7388,1.8821
2.8099,1.9608
2.8793,1.4412
2.9471,1.4873
3.0781,0.99056
3.1416,1.0054
3.2038,0.99666
3.2648,0.79845
3.3836,0.74936
3.4414,0.69687
3.5543,0.61827
3.6094,0.64255
3.6637,0.60113
3.7172,0.57404
3.7699,0.61284
3.8219,0.65556
3.8732,0.57752
3.9738,0.63448
4.0232,0.47653
4.072,0.44905
4.1202,0.37322
4.1678,0.50174
4.2149,0.45067
4.2615,0.45429
4.3531,0.38034
4.3982,0.43638
4.4429,0.40455
4.4871,0.39963
4.5309,0.36191
4.5742,0.38369
4.6172,0.34558
4.7019,0.28172
4.7437,0.30729
4.7851,0.34856
4.8262,0.28338
4.9073,0.24591
4.9474,0.25577
5.0265,0.3836
5.0657,0.28344
5.1045,0.25508
5.143,0.20794
5.1812,0.27423
5.2192,0.25735
5.2569,0.16747
5.3315,0.24188
5.3684,0.22742
5.405,0.20722
5.4414,0.19456
5.4776,0.14924
5.5135,0.2028
5.5492,0.17901
5.6199,0.20181
5.6549,0.20266
5.6897,0.2627
5.7243,0.22347
5.7586,0.18979
5.7928,0.20431
5.8268,0.22789
5.8942,0.13879
5.9275,0.16459
5.9608,0.18211
5.9938,0.1747
6.0593,0.15069
6.0918,0.1701
6.1562,0.17402
6.1882,0.1687
6.22,0.14146
6.2517,0.14054
6.2832,0.1884
6.3145,0.16988
6.3457,0.15419
6.4076,0.16536
6.4383,0.15004
6.4689,0.17572
6.4994,0.13529
6.5297,0.15935
6.5598,0.15153
6.5899,0.15492
6.6791,0.16056
6.7086,0.13729
6.738,0.13643
6.7672,0.1576
6.7963,0.14327
6.8253,0.12794
6.8829,0.17533
6.9115,0.14937
6.94,0.12336
6.9684,0.10208
7.0248,0.14042
7.0529,0.1402
7.1086,0.13353
7.1363,0.13351
7.1639,0.14683
7.1914,0.1366
7.2188,0.13166
7.2461,0.13058
7.2733,0.12834
7.3274,0.12648
7.3543,0.13511
7.3811,0.11432
7.4078,0.13594
7.4344,0.13468
7.4609,0.14417
7.4873,0.11238
7.566,0.12901
7.592,0.11739
7.618,0.12496
7.6696,0.12654
7.6953,0.13357
7.7719,0.1154
7.7972,0.12383
7.8225,0.11043
7.8978,0.11978
7.9725,0.1235
8.0218,0.11374
8.0464,0.14723
8.0709,0.10926
8.0953,0.12524
8.1439,0.12512
8.1923,0.11784
8.2403,0.11966
8.2642,0.13178
8.3828,0.11236
8.4063,0.13088
8.4532,0.12058
8.4765,0.13143
8.5461,0.13623
8.638,0.12523
8.7062,0.090532
8.7515,0.096637
8.8189,0.1178
8.8412,0.10789
8.9742,0.11856
9.0181,0.095871
9.17,0.11557
9.2557,0.1422
9.4248,0.11825
9.4457,0.11586
9.4457,0.096212
