0.62832,12.1
0.88858,18.285
1.0883,40.128
1.2566,32.743
1.405,24.345
1.5391,18.661
1.7772,8.7793
1.885,6.2875
1.9869,5.098
2.0839,3.9409
2.1766,3.6473
2.2654,2.873
2.351,2.4411
2.5133,2.0708
2.5906,1.6568
2.6657,1.426
2.7388,1.325
2.8099,1.3115
2.8793,1.0809
2.9471,1.0618
3.0781,0.91325
3.1416,0.87787
3.2038,0.76504
3.2648,0.75371
3.3836,0.67394
3.4414,0.63462
3.5543,0.62539
3.6094,0.53981
3.6637,0.55115
3.7172,0.50137
3.7699,0.52989
3.8219,0.51656
3.8732,0.45276
3.9738,0.5079
4.0232,0.42948
4.072,0.39853
4.1202,0.45918
4.1678,0.42904
4.2149,0.38583
4.2615,0.37938
4.3531,0.36297
4.3982,0.35417
4.4429,0.34248
4.4871,0.3417
4.5309,0.34314
4.5742,0.33846
4.6172,0.32325
4.7019,0.32233
4.7437,0.29229
4.7851,0.29288
4.8262,0.31001
4.9073,0.27016
4.9474,0.27905
5.0265,0.27555
5.0657,0.26869
5.1045,0.25031
5.143,0.25494
5.1812,0.27779
5.2192,0.25755
5.2569,0.23756
5.3315,0.22994
5.3684,0.25753
5.405,0.23982
5.4414,0.26547
5.4776,0.22194
5.5135,0.23766
5.5492,0.21863
5.6199,0.24752
5.6549,0.23523
5.6897,0.20474
5.7243,0.21488
5.7586,0.21252
5.7928,0.20689
5.8268,0.22039
5.8942,0.21085
5.9275,0.20345
5.9608,0.19861
5.9938,0.23908
6.0593,0.19506
6.0918,0.18478
6.1562,0.17818
6.1882,0.18306
6.22,0.18978
6.2517,0.17414
6.2832,0.19731
6.3145,0.19794
6.3457,0.20517
6.4076,0.18961
6.4383,0.193
6.4689,0.18476
6.4994,0.18484
6.5297,0.18709
6.5598,0.18078
6.5899,0.17703
6.6791,0.19466
6.7086,0.16625
6.738,0.16696
6.7672,0.1752
6.7963,0.17911
6.8253,0.17667
6.8829,0.17176
6.9115,0.14999
6.94,0.16919
6.9684,0.18366
7.0248,0.184
7.0529,0.15848
7.1086,0.18008
7.1363,0.16207
7.1639,0.16778
7.1914,0.14996
7.2188,0.17017
7.2461,0.16071
7.2733,0.16306
7.3274,0.15045
7.3543,0.16231
7.3811,0.1468
7.4078,0.15759
7.4344,0.1597
7.4609,0.1694
7.4873,0.13736
7.566,0.14774
7.592,0.16187
7.618,0.19356
7.6696,0.14709
7.6953,0.16096
7.7719,0.15237
7.7972,0.15557
7.8225,0.14276
7.8978,0.14793
7.9725,0.15364
8.0218,0.17334
8.0464,0.15667
8.0709,0.13418
8.0953,0.1003
8.1439,0.14514
8.1923,0.1561
8.2403,0.16547
8.2642,0.16408
8.3828,0.17217
8.4063,0.12981
8.4532,0.14911
8.4765,0.14151
8.5461,0.14166
8.638,0.14037
8.7062,0.14193
8.7515,0.12943
8.8189,0.12721
8.8412,0.162
8.9742,0.11426
9.0181,0.11352
9.17,0.12987
9.2557,0.1308
9.4248,0.10452
9.4457,0.11419
9.4457,0.13136
