0.62832,3.2762
0.88858,14.761
1.0883,26.678
1.2566,209.47
1.405,104.76
1.5391,61.537
1.7772,31.039
1.885,14.908
1.9869,12.291
2.0839,7.4453
2.1766,2.504
2.2654,8.2398
2.351,4.5953
2.5133,5.8241
2.5906,3.5926
2.6657,2.952
2.7388,1.8575
2.8099,2.2649
2.8793,1.6515
2.9471,0.95978
3.0781,0.9426
3.1416,1.2572
3.2038,1.0269
3.2648,0.91561
3.3836,0.73575
3.4414,0.82824
3.5543,0.55066
3.6094,0.60415
3.6637,0.65621
3.7172,0.62406
3.7699,0.92712
3.8219,1.3573
3.8732,0.72117
3.9738,0.95866
4.0232,0.68015
4.072,0.44922
4.1202,0.39176
4.1678,0.67576
4.2149,0.47044
4.2615,0.50381
4.3531,0.2792
4.3982,0.52652
4.4429,0.50093
4.4871,0.52044
4.5309,0.38351
4.5742,0.47089
4.6172,0.3966
4.7019,0.31059
4.7437,0.33431
4.7851,0.47044
4.8262,0.3014
4.9073,0.26321
4.9474,0.28576
5.0265,0.70395
5.0657,0.37986
5.1045,0.31008
5.143,0.23557
5.1812,0.37544
5.2192,0.29667
5.2569,0.17767
5.3315,0.2582
5.3684,0.25652
5.405,0.24102
5.4414,0.19705
5.4776,0.17801
5.5135,0.21056
5.5492,0.17918
5.6199,0.24178
5.6549,0.22316
5.6897,0.37448
5.7243,0.2276
5.7586,0.1947
5.7928,0.21112
5.8268,0.2768
5.8942,0.15853
5.9275,0.17798
5.9608,0.20266
5.9938,0.2354
6.0593,0.1826
6.0918,0.18127
6.1562,0.165
6.1882,0.17087
6.22,0.13791
6.2517,0.15359
6.2832,0.2606
6.3145,0.22151
6.3457,0.19456
6.4076,0.22338
6.4383,0.1912
6.4689,0.15613
6.4994,0.14974
6.5297,0.15372
6.5598,0.18882
6.5899,0.15622
6.6791,0.15713
6.7086,0.14791
6.738,0.13336
6.7672,0.14398
6.7963,0.15151
6.8253,0.14281
6.8829,0.14939
6.9115,0.12026
6.94,0.11902
6.9684,0.12962
7.0248,0.14313
7.0529,0.15212
7.1086,0.11937
7.1363,0.12257
7.1639,0.11838
7.1914,0.13824
7.2188,0.1205
7.2461,0.1382
7.2733,0.12733
7.3274,0.1371
7.3543,0.11611
7.3811,0.11242
7.4078,0.13516
7.4344,0.14013
7.4609,0.14168
7.4873,0.16394
7.566,0.12304
7.592,0.12898
7.618,0.10477
7.6696,0.12233
7.6953,0.11747
7.7719,0.11811
7.7972,0.12684
7.8225,0.14507
7.8978,0.12843
7.9725,0.11408
8.0218,0.11798
8.0464,0.14372
8.0709,0.12103
8.0953,0.12772
8.1439,0.13334
8.1923,0.11244
8.2403,0.11548
8.2642,0.12765
8.3828,0.1327
8.4063,0.11408
8.4532,0.11603
8.4765,0.1254
8.5461,0.11506
8.638,0.12111
8.7062,0.12354
8.7515,0.11214
8.8189,0.11758
8.8412,0.11866
8.9742,0.12813
9.0181,0.089037
9.17,0.11227
9.2557,0.13675
9.4248,0.12284
9.4457,0.11836
9.4457,0.12799
