0.62832,0.62135
0.88858,0.64452
1.0883,0.66845
1.2566,0.67248
1.405,0.57937
1.5391,0.58966
1.7772,0.61008
1.885,0.57319
1.9869,0.56243
2.0839,0.52725
2.1766,0.5699
2.2654,0.5269
2.351,0.53059
2.5133,0.53915
2.5906,0.53484
2.6657,0.50494
2.7388,0.54839
2.8099,0.46665
2.8793,0.4779
2.9471,0.43944
3.0781,0.45226
3.1416,0.43234
3.2038,0.45577
3.2648,0.47193
3.3836,0.41587
3.4414,0.4674
3.5543,0.37194
3.6094,0.40376
3.6637,0.41636
3.7172,0.37868
3.7699,0.37729
3.8219,0.39508
3.8732,0.37811
3.9738,0.36867
4.0232,0.36226
4.072,0.36288
4.1202,0.36277
4.1678,0.31378
4.2149,0.36193
4.2615,0.31983
4.3531,0.33029
4.3982,0.31865
4.4429,0.33857
4.4871,0.29864
4.5309,0.32311
4.5742,0.31581
4.6172,0.3279
4.7019,0.29703
4.7437,0.28644
4.7851,0.31125
4.8262,0.28398
4.9073,0.28662
4.9474,0.28547
5.0265,0.29931
5.0657,0.28325
5.1045,0.26024
5.143,0.3072
5.1812,0.28144
5.2192,0.26083
5.2569,0.26543
5.3315,0.28381
5.3684,0.2575
5.405,0.25671
5.4414,0.26112
5.4776,0.24834
5.5135,0.26604
5.5492,0.23965
5.6199,0.2524
5.6549,0.24258
5.6897,0.21302
5.7243,0.2463
5.7586,0.23441
5.7928,0.23672
5.8268,0.23582
5.8942,0.18688
5.9275,0.22638
5.9608,0.22871
5.9938,0.22934
6.0593,0.23084
6.0918,0.20345
6.1562,0.22486
6.1882,0.22474
6.22,0.21094
6.2517,0.22749
6.2832,0.20999
6.3145,0.2048
6.3457,0.2101
6.4076,0.20635
6.4383,0.19929
6.4689,0.20966
6.4994,0.1922
6.5297,0.20443
6.5598,0.21672
6.5899,0.19946
6.6791,0.17902
6.7086,0.17829
6.738,0.18682
6.7672,0.18043
6.7963,0.19858
6.8253,0.18217
6.8829,0.18116
6.9115,0.20878
6.94,0.18262
6.9684,0.20937
7.0248,0.18099
7.0529,0.18404
7.1086,0.21851
7.1363,0.18439
7.1639,0.15031
7.1914,0.17794
7.2188,0.17464
7.2461,0.16753
7.2733,0.17754
7.3274,0.18138
7.3543,0.16286
7.3811,0.16693
7.4078,0.17711
7.4344,0.20081
7.4609,0.1661
7.4873,0.16371
7.566,0.1676
7.592,0.15304
7.618,0.17088
7.6696,0.15885
7.6953,0.15534
7.7719,0.15025
7.7972,0.15685
7.8225,0.1632
7.8978,0.16754
7.9725,0.16146
8.0218,0.15808
8.0464,0.15375
8.0709,0.14964
8.0953,0.13543
8.1439,0.15464
8.1923,0.16152
8.2403,0.14816
8.2642,0.14133
8.3828,0.10901
8.4063,0.14374
8.4532,0.13153
8.4765,0.15779
8.5461,0.17559
8.638,0.14019
8.7062,0.10916
8.7515,0.14132
8.8189,0.12061
8.8412,0.12339
8.9742,0.14267
9.0181,0.14802
9.17,0.14122
9.2557,0.13609
9.4248,0.15444
9.4457,0.11477
9.4457,0.10168
