0.62832,2.3697
0.88858,2.2366
1.0883,1.9254
1.2566,1.7968
1.405,1.6293
1.5391,1.6588
1.7772,1.4011
1.885,1.3096
1.9869,1.2147
2.0839,1.0435
2.1766,1.1871
2.2654,1.041
2.351,1.0273
2.5133,0.89216
2.5906,0.88609
2.6657,0.8048
2.7388,0.85952
2.8099,0.83448
2.8793,0.77212
2.9471,0.71826
3.0781,0.62163
3.1416,0.66744
3.2038,0.66573
3.2648,0.6046
3.3836,0.57973
3.4414,0.55474
3.5543,0.54081
3.6094,0.50854
3.6637,0.50247
3.7172,0.52291
3.7699,0.4567
3.8219,0.51912
3.8732,0.48646
3.9738,0.43194
4.0232,0.43681
4.072,0.41179
4.1202,0.39954
4.1678,0.45667
4.2149,0.40063
4.2615,0.37101
4.3531,0.36387
4.3982,0.38166
4.4429,0.376
4.4871,0.4157
4.5309,0.375
4.5742,0.35664
4.6172,0.36032
4.7019,0.34309
4.7437,0.32991
4.7851,0.32747
4.8262,0.31684
4.9073,0.31506
4.9474,0.31527
5.0265,0.32637
5.0657,0.29779
5.1045,0.28457
5.143,0.2816
5.1812,0.31042
5.2192,0.28457
5.2569,0.27364
5.3315,0.28656
5.3684,0.29274
5.405,0.27566
5.4414,0.26271
5.4776,0.26504
5.5135,0.25746
5.5492,0.26441
5.6199,0.23898
5.6549,0.24277
5.6897,0.24851
5.7243,0.24103
5.7586,0.25268
5.7928,0.24864
5.8268,0.22437
5.8942,0.22167
5.9275,0.23233
5.9608,0.23936
5.9938,0.2181
6.0593,0.21611
6.0918,0.23258
6.1562,0.20812
6.1882,0.21236
6.22,0.24298
6.2517,0.21599
6.2832,0.21067
6.3145,0.20616
6.3457,0.21723
6.4076,0.21811
6.4383,0.20074
6.4689,0.20073
6.4994,0.19707
6.5297,0.18232
6.5598,0.19736
6.5899,0.20209
6.6791,0.1999
6.7086,0.18774
6.738,0.20552
6.7672,0.20077
6.7963,0.20685
6.8253,0.20322
6.8829,0.18558
6.9115,0.21653
6.94,0.16712
6.9684,0.18376
7.0248,0.17443
7.0529,0.17225
7.1086,0.19374
7.1363,0.17356
7.1639,0.17049
7.1914,0.17122
7.2188,0.18737
7.2461,0.19198
7.2733,0.17016
7.3274,0.19057
7.3543,0.15087
7.3811,0.18207
7.4078,0.17322
7.4344,0.12735
7.4609,0.17351
7.4873,0.16573
7.566,0.1748
7.592,0.18534
7.618,0.16314
7.6696,0.16289
7.6953,0.14794
7.7719,0.16356
7.7972,0.15657
7.8225,0.14176
7.8978,0.15664
7.9725,0.17261
8.0218,0.15826
8.0464,0.1604
8.0709,0.16852
8.0953,0.15177
8.1439,0.14755
8.1923,0.15366
8.2403,0.18603
8.2642,0.14786
8.3828,0.12695
8.4063,0.16751
8.4532,0.13591
8.4765,0.14653
8.5461,0.13634
8.638,0.14797
8.7062,0.14214
8.7515,0.15435
8.8189,0.14695
8.8412,0.13997
8.9742,0.14842
9.0181,0.14359
9.17,0.11611
9.2557,0.14139
9.4248,0.13002
9.4457,0.13799
9.4457,0.10474
