0.62832,5.7096
0.88858,12.728
1.0883,29.867
1.2566,54.755
1.405,77.66
1.5391,67.683
1.7772,24.295
1.885,13.232
1.9869,11.02
2.0839,8.5883
2.1766,6.5602
2.2654,5.7798
2.351,4.9548
2.5133,4.665
2.5906,3.233
2.6657,2.9296
2.7388,2.6736
2.8099,1.8644
2.8793,1.8122
2.9471,1.688
3.0781,1.1428
3.1416,1.0656
3.2038,0.88382
3.2648,0.90273
3.3836,0.69731
3.4414,0.71865
3.5543,0.60482
3.6094,0.55402
3.6637,0.56886
3.7172,0.58177
3.7699,0.52018
3.8219,0.56501
3.8732,0.46311
3.9738,0.48232
4.0232,0.41672
4.072,0.39314
4.1202,0.37179
4.1678,0.40967
4.2149,0.3983
4.2615,0.38507
4.3531,0.31988
4.3982,0.35769
4.4429,0.33814
4.4871,0.333
4.5309,0.3129
4.5742,0.31238
4.6172,0.29105
4.7019,0.27817
4.7437,0.25811
4.7851,0.26649
4.8262,0.26797
4.9073,0.24102
4.9474,0.23992
5.0265,0.25048
5.0657,0.2282
5.1045,0.2322
5.143,0.22513
5.1812,0.21705
5.2192,0.21552
5.2569,0.19895
5.3315,0.21949
5.3684,0.19998
5.405,0.20372
5.4414,0.17076
5.4776,0.175
5.5135,0.20106
5.5492,0.18825
5.6199,0.20519
5.6549,0.20237
5.6897,0.20125
5.7243,0.18296
5.7586,0.18071
5.7928,0.18667
5.8268,0.18842
5.8942,0.15516
5.9275,0.16335
5.9608,0.17893
5.9938,0.18967
6.0593,0.16314
6.0918,0.17346
6.1562,0.11761
6.1882,0.16029
6.22,0.15758
6.2517,0.15453
6.2832,0.17624
6.3145,0.1659
6.3457,0.16879
6.4076,0.15791
6.4383,0.16017
6.4689,0.15883
6.4994,0.14844
6.5297,0.14783
6.5598,0.15795
6.5899,0.14592
6.6791,0.15711
6.7086,0.12472
6.738,0.15251
6.7672,0.1405
6.7963,0.16284
6.8253,0.14643
6.8829,0.15631
6.9115,0.13325
6.94,0.14422
6.9684,0.15317
7.0248,0.14082
7.0529,0.15359
7.1086,0.11067
7.1363,0.13493
7.1639,0.14518
7.1914,0.14332
7.2188,0.12506
7.2461,0.11203
7.2733,0.14541
7.3274,0.12947
7.3543,0.14498
7.3811,0.126
7.4078,0.18999
7.4344,0.12365
7.4609,0.12583
7.4873,0.14039
7.566,0.14382
7.592,0.14205
7.618,0.11618
7.6696,0.12504
7.6953,0.13283
7.7719,0.1271
7.7972,0.11925
7.8225,0.1249
7.8978,0.14095
7.9725,0.12733
8.0218,0.12959
8.0464,0.13953
8.0709,0.1317
8.0953,0.10385
8.1439,0.13807
8.1923,0.12189
8.2403,0.14902
8.2642,0.13306
8.3828,0.10428
8.4063,0.11846
8.4532,0.10837
8.4765,0.12307
8.5461,0.12529
8.638,0.12114
8.7062,0.13109
8.7515,0.11478
8.8189,0.12486
8.8412,0.11886
8.9742,0.13953
9.0181,0.11972
9.17,0.13712
9.2557,0.11167
9.4248,0.12638
9.4457,0.13528
9.4457,0.11684
