0.62832,5.4902
0.88858,11.063
1.0883,17.957
1.2566,61.432
1.405,65.917
1.5391,54.074
1.7772,19.219
1.885,13.577
1.9869,10.745
2.0839,7.409
2.1766,5.8229
2.2654,5.2997
2.351,4.4509
2.5133,3.0672
2.5906,2.7251
2.6657,2.4605
2.7388,1.9341
2.8099,1.7785
2.8793,1.6186
2.9471,1.2489
3.0781,1.1092
3.1416,0.95727
3.2038,0.88193
3.2648,0.79125
3.3836,0.70547
3.4414,0.57252
3.5543,0.60449
3.6094,0.57627
3.6637,0.55075
3.7172,0.51779
3.7699,0.53091
3.8219,0.47743
3.8732,0.46085
3.9738,0.44822
4.0232,0.41961
4.072,0.41211
4.1202,0.41162
4.1678,0.38634
4.2149,0.37037
4.2615,0.33144
4.3531,0.29578
4.3982,0.33579
4.4429,0.31932
4.4871,0.31007
4.5309,0.29544
4.5742,0.30088
4.6172,0.29279
4.7019,0.26939
4.7437,0.28699
4.7851,0.24376
4.8262,0.25306
4.9073,0.23403
4.9474,0.2463
5.0265,0.25264
5.0657,0.2402
5.1045,0.22394
5.143,0.22044
5.1812,0.21954
5.2192,0.22833
5.2569,0.19809
5.3315,0.2233
5.3684,0.19788
5.405,0.20088
5.4414,0.20564
5.4776,0.18166
5.5135,0.18796
5.5492,0.1976
5.6199,0.19712
5.6549,0.18497
5.6897,0.20151
5.7243,0.19595
5.7586,0.18458
5.7928,0.17707
5.8268,0.16981
5.8942,0.16232
5.9275,0.16849
5.9608,0.17386
5.9938,0.18276
6.0593,0.16088
6.0918,0.17225
6.1562,0.16449
6.1882,0.16531
6.22,0.16085
6.2517,0.17097
6.2832,0.17531
6.3145,0.15478
6.3457,0.16096
6.4076,0.16207
6.4383,0.1772
6.4689,0.15759
6.4994,0.16073
6.5297,0.15145
6.5598,0.16045
6.5899,0.14387
6.6791,0.1667
6.7086,0.14184
6.738,0.13365
6.7672,0.15832
6.7963,0.14641
6.8253,0.146
6.8829,0.17091
6.9115,0.14274
6.94,0.14859
6.9684,0.16904
7.0248,0.16101
7.0529,0.15317
7.1086,0.13746
7.1363,0.14208
7.1639,0.12285
7.1914,0.13244
7.2188,0.13043
7.2461,0.12858
7.2733,0.14406
7.3274,0.13716
7.3543,0.14167
7.3811,0.11698
7.4078,0.13506
7.4344,0.11912
7.4609,0.16854
7.4873,0.13993
7.566,0.14166
7.592,0.13086
7.618,0.10974
7.6696,0.13754
7.6953,0.13731
7.7719,0.14045
7.7972,0.12351
7.8225,0.12064
7.8978,0.12636
7.9725,0.13541
8.0218,0.13315
8.0464,0.13653
8.0709,0.13024
8.0953,0.13466
8.1439,0.13186
8.1923,0.10945
8.2403,0.11576
8.2642,0.14436
8.3828,0.12331
8.4063,0.11913
8.4532,0.10262
8.4765,0.12503
8.5461,0.12044
8.638,0.11595
8.7062,0.1116
8.7515,0.12221
8.8189,0.12419
8.8412,0.11731
8.9742,0.10173
9.0181,0.11666
9.17,0.11988
9.2557,0.15827
9.4248,0.11808
9.4457,0.11674
9.4457,0.12591
