0.62832,6.2409
0.88858,10.139
1.0883,20.612
1.2566,58.107
1.405,66.056
1.5391,45.796
1.7772,16.992
1.885,10.857
1.9869,8.6778
2.0839,7.0798
2.1766,6.5393
2.2654,4.8806
2.351,4.4403
2.5133,3.178
2.5906,2.466
2.6657,2.2918
2.7388,1.8614
2.8099,1.7608
2.8793,1.5112
2.9471,1.2419
3.0781,1.0717
3.1416,0.94559
3.2038,0.85321
3.2648,0.71074
3.3836,0.66791
3.4414,0.67697
3.5543,0.56794
3.6094,0.59203
3.6637,0.54051
3.7172,0.5145
3.7699,0.51075
3.8219,0.51968
3.8732,0.45535
3.9738,0.45106
4.0232,0.41625
4.072,0.38985
4.1202,0.41804
4.1678,0.37254
4.2149,0.38071
4.2615,0.35776
4.3531,0.28535
4.3982,0.30957
4.4429,0.32645
4.4871,0.33313
4.5309,0.31237
4.5742,0.30003
4.6172,0.28113
4.7019,0.28253
4.7437,0.26627
4.7851,0.26985
4.8262,0.26293
4.9073,0.25023
4.9474,0.25439
5.0265,0.23395
5.0657,0.24106
5.1045,0.22226
5.143,0.23706
5.1812,0.23217
5.2192,0.23346
5.2569,0.21295
5.3315,0.19359
5.3684,0.20994
5.405,0.20669
5.4414,0.2203
5.4776,0.18775
5.5135,0.20374
5.5492,0.20077
5.6199,0.18249
5.6549,0.18993
5.6897,0.22144
5.7243,0.18908
5.7586,0.18917
5.7928,0.18014
5.8268,0.20223
5.8942,0.16895
5.9275,0.1754
5.9608,0.18561
5.9938,0.19904
6.0593,0.179
6.0918,0.16603
6.1562,0.16774
6.1882,0.15243
6.22,0.15532
6.2517,0.1606
6.2832,0.18029
6.3145,0.17524
6.3457,0.16626
6.4076,0.17096
6.4383,0.17014
6.4689,0.16125
6.4994,0.15712
6.5297,0.14522
6.5598,0.16441
6.5899,0.15344
6.6791,0.17107
6.7086,0.14198
6.738,0.15332
6.7672,0.14423
6.7963,0.15783
6.8253,0.13814
6.8829,0.15118
6.9115,0.14515
6.94,0.14235
6.9684,0.12814
7.0248,0.15823
7.0529,0.17536
7.1086,0.11442
7.1363,0.13157
7.1639,0.14416
7.1914,0.13614
7.2188,0.13977
7.2461,0.14369
7.2733,0.14345
7.3274,0.13695
7.3543,0.14118
7.3811,0.12153
7.4078,0.12561
7.4344,0.16269
7.4609,0.15181
7.4873,0.13496
7.566,0.14344
7.592,0.13965
7.618,0.12925
7.6696,0.13886
7.6953,0.14878
7.7719,0.15445
7.7972,0.13396
7.8225,0.1347
7.8978,0.14568
7.9725,0.13334
8.0218,0.12855
8.0464,0.14069
8.0709,0.13006
8.0953,0.11933
8.1439,0.13174
8.1923,0.12574
8.2403,0.11085
8.2642,0.11294
8.3828,0.12398
8.4063,0.13309
8.4532,0.11919
8.4765,0.13405
8.5461,0.14311
8.638,0.1338
8.7062,0.13238
8.7515,0.12345
8.8189,0.13173
8.8412,0.12556
8.9742,0.12068
9.0181,0.12277
9.17,0.11864
9.2557,0.12568
9.4248,0.14272
9.4457,0.13581
9.4457,0.12698
