0.62832,5.7786
0.88858,12.459
1.0883,19.23
1.2566,51.77
1.405,71.889
1.5391,61.082
1.7772,22.939
1.885,14.541
1.9869,10.602
2.0839,8.5432
2.1766,5.6481
2.2654,6.0632
2.351,4.8197
2.5133,4.5433
2.5906,2.9333
2.6657,2.5175
2.7388,2.1298
2.8099,1.8231
2.8793,1.8894
2.9471,1.3404
3.0781,1.2085
3.1416,0.99341
3.2038,0.92226
3.2648,0.91729
3.3836,0.73943
3.4414,0.72877
3.5543,0.5985
3.6094,0.5389
3.6637,0.553
3.7172,0.50148
3.7699,0.54827
3.8219,0.49916
3.8732,0.51666
3.9738,0.42387
4.0232,0.41375
4.072,0.42404
4.1202,0.34708
4.1678,0.32982
4.2149,0.3656
4.2615,0.32143
4.3531,0.40977
4.3982,0.31711
4.4429,0.33183
4.4871,0.32856
4.5309,0.32754
4.5742,0.29057
4.6172,0.27785
4.7019,0.27038
4.7437,0.26159
4.7851,0.31075
4.8262,0.26686
4.9073,0.25026
4.9474,0.23614
5.0265,0.2541
5.0657,0.25081
5.1045,0.22801
5.143,0.21183
5.1812,0.22675
5.2192,0.22558
5.2569,0.19617
5.3315,0.2023
5.3684,0.1933
5.405,0.19763
5.4414,0.19518
5.4776,0.17812
5.5135,0.18541
5.5492,0.19758
5.6199,0.20443
5.6549,0.18558
5.6897,0.21221
5.7243,0.1799
5.7586,0.1732
5.7928,0.1822
5.8268,0.19049
5.8942,0.15649
5.9275,0.17221
5.9608,0.16976
5.9938,0.20622
6.0593,0.17753
6.0918,0.16268
6.1562,0.15171
6.1882,0.16204
6.22,0.15038
6.2517,0.14578
6.2832,0.15811
6.3145,0.1601
6.3457,0.16585
6.4076,0.15862
6.4383,0.15992
6.4689,0.14275
6.4994,0.1492
6.5297,0.16837
6.5598,0.15816
6.5899,0.15655
6.6791,0.15416
6.7086,0.13585
6.738,0.15215
6.7672,0.15292
6.7963,0.15448
6.8253,0.13959
6.8829,0.14537
6.9115,0.11731
6.94,0.15295
6.9684,0.137
7.0248,0.14948
7.0529,0.13313
7.1086,0.13292
7.1363,0.13623
7.1639,0.17532
7.1914,0.13305
7.2188,0.11438
7.2461,0.13589
7.2733,0.14471
7.3274,0.13612
7.3543,0.14391
7.3811,0.12925
7.4078,0.15285
7.4344,0.14044
7.4609,0.14566
7.4873,0.11577
7.566,0.14287
7.592,0.11608
7.618,0.13085
7.6696,0.13038
7.6953,0.13624
7.7719,0.11729
7.7972,0.1506
7.8225,0.12621
7.8978,0.1191
7.9725,0.12094
8.0218,0.10618
8.0464,0.12459
8.0709,0.13274
8.0953,0.11885
8.1439,0.13119
8.1923,0.13338
8.2403,0.15434
8.2642,0.13918
8.3828,0.1321
8.4063,0.12163
8.4532,0.12247
8.4765,0.14092
8.5461,0.12621
8.638,0.13006
8.7062,0.12073
8.7515,0.12845
8.8189,0.11649
8.8412,0.11728
8.9742,0.11574
9.0181,0.12458
9.17,0.11013
9.2557,0.12705
9.4248,0.12461
9.4457,0.11131
9.4457,0.11622
