0.62832,10.572
0.88858,18.261
1.0883,40.465
1.2566,44.159
1.405,26.659
1.5391,21.48
1.7772,10.246
1.885,7.6167
1.9869,5.6228
2.0839,4.586
2.1766,3.4155
2.2654,3.4614
2.351,2.6817
2.5133,2.2436
2.5906,1.7636
2.6657,1.6616
2.7388,1.3812
2.8099,1.3453
2.8793,1.181
2.9471,1.0802
3.0781,0.92621
3.1416,0.90853
3.2038,0.79884
3.2648,0.68983
3.3836,0.7183
3.4414,0.64674
3.5543,0.66072
3.6094,0.56823
3.6637,0.53046
3.7172,0.5371
3.7699,0.49962
3.8219,0.49837
3.8732,0.436
3.9738,0.45866
4.0232,0.42831
4.072,0.42232
4.1202,0.40807
4.1678,0.42431
4.2149,0.40495
4.2615,0.36881
4.3531,0.31511
4.3982,0.36686
4.4429,0.32553
4.4871,0.31074
4.5309,0.31576
4.5742,0.3223
4.6172,0.31602
4.7019,0.27273
4.7437,0.27373
4.7851,0.29329
4.8262,0.28359
4.9073,0.28228
4.9474,0.28094
5.0265,0.25656
5.0657,0.26262
5.1045,0.24543
5.143,0.25855
5.1812,0.24762
5.2192,0.23987
5.2569,0.26415
5.3315,0.23321
5.3684,0.24269
5.405,0.23364
5.4414,0.25837
5.4776,0.22912
5.5135,0.2139
5.5492,0.24901
5.6199,0.22117
5.6549,0.22526
5.6897,0.23758
5.7243,0.20999
5.7586,0.20501
5.7928,0.2072
5.8268,0.20632
5.8942,0.21801
5.9275,0.20441
5.9608,0.19105
5.9938,0.214
6.0593,0.19515
6.0918,0.19418
6.1562,0.21503
6.1882,0.1952
6.22,0.18752
6.2517,0.16973
6.2832,0.19836
6.3145,0.18844
6.3457,0.19476
6.4076,0.18895
6.4383,0.18482
6.4689,0.1824
6.4994,0.17993
6.5297,0.16423
6.5598,0.18883
6.5899,0.17135
6.6791,0.17494
6.7086,0.18893
6.738,0.16151
6.7672,0.16749
6.7963,0.16347
6.8253,0.18859
6.8829,0.17426
6.9115,0.15108
6.94,0.15386
6.9684,0.15731
7.0248,0.16764
7.0529,0.16563
7.1086,0.17031
7.1363,0.16455
7.1639,0.19257
7.1914,0.1429
7.2188,0.15574
7.2461,0.13882
7.2733,0.16221
7.3274,0.16189
7.3543,0.1529
7.3811,0.13248
7.4078,0.15063
7.4344,0.12378
7.4609,0.17427
7.4873,0.18022
7.566,0.15027
7.592,0.15232
7.618,0.15955
7.6696,0.14537
7.6953,0.15238
7.7719,0.13287
7.7972,0.13681
7.8225,0.14553
7.8978,0.13701
7.9725,0.13056
8.0218,0.15924
8.0464,0.17198
8.0709,0.14437
8.0953,0.11622
8.1439,0.15079
8.1923,0.14074
8.2403,0.14664
8.2642,0.13387
8.3828,0.15193
8.4063,0.14776
8.4532,0.12008
8.4765,0.12189
8.5461,0.13378
8.638,0.12061
8.7062,0.12555
8.7515,0.13189
8.8189,0.12069
8.8412,0.13299
8.9742,0.10853
9.0181,0.14707
9.17,0.13487
9.2557,0.13063
9.4248,0.13858
9.4457,0.15632
9.4457,0.11861
