0.62832,11.773
0.88858,22.232
1.0883,33.369
1.2566,31.048
1.405,21.624
1.5391,14.049
1.7772,8.2059
1.885,6.098
1.9869,4.7808
2.0839,3.7887
2.1766,3.6391
2.2654,2.6659
2.351,2.4562
2.5133,1.8558
2.5906,1.5466
2.6657,1.4412
2.7388,1.3131
2.8099,1.2188
2.8793,1.0857
2.9471,1.0918
3.0781,0.99802
3.1416,0.81856
3.2038,0.79634
3.2648,0.69444
3.3836,0.68841
3.4414,0.63213
3.5543,0.54449
3.6094,0.601
3.6637,0.53813
3.7172,0.5263
3.7699,0.51969
3.8219,0.49579
3.8732,0.49136
3.9738,0.44014
4.0232,0.46716
4.072,0.37161
4.1202,0.40143
4.1678,0.40464
4.2149,0.4019
4.2615,0.36536
4.3531,0.41956
4.3982,0.35704
4.4429,0.35315
4.4871,0.35085
4.5309,0.35935
4.5742,0.34551
4.6172,0.32917
4.7019,0.32948
4.7437,0.32511
4.7851,0.30047
4.8262,0.30246
4.9073,0.28551
4.9474,0.28696
5.0265,0.29873
5.0657,0.29047
5.1045,0.26311
5.143,0.25556
5.1812,0.26973
5.2192,0.26233
5.2569,0.23289
5.3315,0.22756
5.3684,0.25699
5.405,0.23679
5.4414,0.22425
5.4776,0.22217
5.5135,0.21815
5.5492,0.22051
5.6199,0.23086
5.6549,0.23136
5.6897,0.21526
5.7243,0.21591
5.7586,0.21793
5.7928,0.21107
5.8268,0.22326
5.8942,0.21499
5.9275,0.20313
5.9608,0.20097
5.9938,0.21204
6.0593,0.19074
6.0918,0.2045
6.1562,0.17387
6.1882,0.17836
6.22,0.19348
6.2517,0.1969
6.2832,0.1975
6.3145,0.1929
6.3457,0.16702
6.4076,0.19208
6.4383,0.18203
6.4689,0.18866
6.4994,0.19753
6.5297,0.18429
6.5598,0.18085
6.5899,0.18748
6.6791,0.1808
6.7086,0.17343
6.738,0.20311
6.7672,0.18797
6.7963,0.18029
6.8253,0.16826
6.8829,0.1796
6.9115,0.17916
6.94,0.17444
6.9684,0.1778
7.0248,0.17374
7.0529,0.15787
7.1086,0.17059
7.1363,0.17382
7.1639,0.14365
7.1914,0.16152
7.2188,0.15302
7.2461,0.16735
7.2733,0.16006
7.3274,0.16021
7.3543,0.14265
7.3811,0.15379
7.4078,0.15658
7.4344,0.16978
7.4609,0.15356
7.4873,0.17932
7.566,0.14615
7.592,0.15751
7.618,0.14335
7.6696,0.14797
7.6953,0.16203
7.7719,0.14683
7.7972,0.13983
7.8225,0.16144
7.8978,0.14346
7.9725,0.14423
8.0218,0.17279
8.0464,0.10565
8.0709,0.14495
8.0953,0.15472
8.1439,0.15484
8.1923,0.15367
8.2403,0.14735
8.2642,0.17654
8.3828,0.14711
8.4063,0.11876
8.4532,0.14511
8.4765,0.16649
8.5461,0.12892
8.638,0.13718
8.7062,0.14868
8.7515,0.11358
8.8189,0.112
8.8412,0.12652
8.9742,0.12543
9.0181,0.15374
9.17,0.13118
9.2557,0.12853
9.4248,0.12495
9.4457,0.11856
9.4457,0.12204
