0.62832,9.4112
0.88858,17.241
1.0883,26.334
1.2566,47.112
1.405,34.139
1.5391,26.129
1.7772,11.208
1.885,8.4107
1.9869,6.0397
2.0839,4.8705
2.1766,5.0841
2.2654,3.2547
2.351,2.8327
2.5133,2.2207
2.5906,2.0608
2.6657,1.7005
2.7388,1.4966
2.8099,1.3059
2.8793,1.1644
2.9471,1.1655
3.0781,0.80667
3.1416,0.81452
3.2038,0.80893
3.2648,0.67885
3.3836,0.67189
3.4414,0.65541
3.5543,0.56192
3.6094,0.58214
3.6637,0.50393
3.7172,0.51108
3.7699,0.47388
3.8219,0.49137
3.8732,0.48068
3.9738,0.46472
4.0232,0.39182
4.072,0.42201
4.1202,0.36753
4.1678,0.45613
4.2149,0.38987
4.2615,0.37184
4.3531,0.37835
4.3982,0.3759
4.4429,0.34248
4.4871,0.3594
4.5309,0.32922
4.5742,0.33477
4.6172,0.31575
4.7019,0.27858
4.7437,0.26572
4.7851,0.3088
4.8262,0.2569
4.9073,0.26951
4.9474,0.27688
5.0265,0.28957
5.0657,0.26245
5.1045,0.24222
5.143,0.22252
5.1812,0.24873
5.2192,0.27223
5.2569,0.24916
5.3315,0.23456
5.3684,0.23125
5.405,0.23303
5.4414,0.23749
5.4776,0.23427
5.5135,0.21872
5.5492,0.20907
5.6199,0.22643
5.6549,0.21446
5.6897,0.20317
5.7243,0.2167
5.7586,0.20052
5.7928,0.21444
5.8268,0.20631
5.8942,0.19458
5.9275,0.21535
5.9608,0.20405
5.9938,0.18824
6.0593,0.19611
6.0918,0.19897
6.1562,0.20427
6.1882,0.17155
6.22,0.1753
6.2517,0.19026
6.2832,0.19027
6.3145,0.18204
6.3457,0.18171
6.4076,0.18182
6.4383,0.15723
6.4689,0.16437
6.4994,0.17181
6.5297,0.16436
6.5598,0.16109
6.5899,0.1709
6.6791,0.16806
6.7086,0.16517
6.738,0.17133
6.7672,0.17923
6.7963,0.17194
6.8253,0.17214
6.8829,0.16839
6.9115,0.17134
6.94,0.16988
6.9684,0.12393
7.0248,0.15812
7.0529,0.16673
7.1086,0.14501
7.1363,0.15248
7.1639,0.14576
7.1914,0.1504
7.2188,0.16022
7.2461,0.1563
7.2733,0.1741
7.3274,0.17025
7.3543,0.15077
7.3811,0.1387
7.4078,0.1674
7.4344,0.15898
7.4609,0.1511
7.4873,0.13162
7.566,0.1464
7.592,0.16098
7.618,0.12746
7.6696,0.13942
7.6953,0.13997
7.7719,0.14813
7.7972,0.13401
7.8225,0.15398
7.8978,0.14505
7.9725,0.14804
8.0218,0.12752
8.0464,0.13104
8.0709,0.12644
8.0953,0.15288
8.1439,0.13846
8.1923,0.13556
8.2403,0.19094
8.2642,0.11933
8.3828,0.12324
8.4063,0.14905
8.4532,0.10578
8.4765,0.14015
8.5461,0.14252
8.638,0.14113
8.7062,0.14822
8.7515,0.11979
8.8189,0.12479
8.8412,0.1212
8.9742,0.12652
9.0181,0.15751
9.17,0.12125
9.2557,0.11169
9.4248,0.13947
9.4457,0.095177
9.4457,0.1152
