0.62832,5.9171
0.88858,15.527
1.0883,27.538
1.2566,147.07
1.405,106.37
1.5391,56.624
1.7772,30.522
1.885,16.208
1.9869,9.4009
2.0839,8.0182
2.1766,3.7329
2.2654,6.1118
2.351,4.1807
2.5133,6.0645
2.5906,3.2112
2.6657,2.5752
2.7388,1.5221
2.8099,1.9629
2.8793,1.615
2.9471,0.9397
3.0781,0.98791
3.1416,1.0922
3.2038,1.0212
3.2648,1.0337
3.3836,0.74809
3.4414,0.66306
3.5543,0.56225
3.6094,0.63219
3.6637,0.69122
3.7172,0.60618
3.7699,0.89075
3.8219,1.0348
3.8732,0.68217
3.9738,0.86168
4.0232,0.55457
4.072,0.48006
4.1202,0.38187
4.1678,0.63858
4.2149,0.50265
4.2615,0.57348
4.3531,0.34848
4.3982,0.52334
4.4429,0.48273
4.4871,0.47726
4.5309,0.37349
4.5742,0.44075
4.6172,0.38889
4.7019,0.29012
4.7437,0.32137
4.7851,0.35847
4.8262,0.29706
4.9073,0.23014
4.9474,0.26877
5.0265,0.56798
5.0657,0.33613
5.1045,0.28352
5.143,0.24953
5.1812,0.28909
5.2192,0.27441
5.2569,0.1745
5.3315,0.22011
5.3684,0.23547
5.405,0.21825
5.4414,0.18618
5.4776,0.15091
5.5135,0.19541
5.5492,0.17517
5.6199,0.22805
5.6549,0.22461
5.6897,0.35498
5.7243,0.23968
5.7586,0.16806
5.7928,0.21339
5.8268,0.24175
5.8942,0.12583
5.9275,0.18048
5.9608,0.20146
5.9938,0.21657
6.0593,0.15553
6.0918,0.17472
6.1562,0.12748
6.1882,0.16486
6.22,0.15432
6.2517,0.14939
6.2832,0.21807
6.3145,0.19464
6.3457,0.16859
6.4076,0.19203
6.4383,0.17285
6.4689,0.1547
6.4994,0.14916
6.5297,0.16024
6.5598,0.14768
6.5899,0.15406
6.6791,0.14669
6.7086,0.11622
6.738,0.14766
6.7672,0.15803
6.7963,0.14397
6.8253,0.15127
6.8829,0.16717
6.9115,0.12223
6.94,0.14295
6.9684,0.11374
7.0248,0.13887
7.0529,0.14688
7.1086,0.12754
7.1363,0.12848
7.1639,0.14247
7.1914,0.13188
7.2188,0.13019
7.2461,0.13984
7.2733,0.1349
7.3274,0.13537
7.3543,0.11695
7.3811,0.10654
7.4078,0.11405
7.4344,0.13026
7.4609,0.14041
7.4873,0.13952
7.566,0.12884
7.592,0.12419
7.618,0.12335
7.6696,0.1193
7.6953,0.1283
7.7719,0.11532
7.7972,0.116
7.8225,0.11267
7.8978,0.12905
7.9725,0.13304
8.0218,0.12945
8.0464,0.14259
8.0709,0.13111
8.0953,0.11728
8.1439,0.13755
8.1923,0.1171
8.2403,0.13513
8.2642,0.12363
8.3828,0.11171
8.4063,0.12103
8.4532,0.10673
8.4765,0.11742
8.5461,0.10922
8.638,0.10453
8.7062,0.13342
8.7515,0.12127
8.8189,0.15793
8.8412,0.11993
8.9742,0.11843
9.0181,0.11093
9.17,0.11329
9.2557,0.12022
9.4248,0.11213
9.4457,0.12588
9.4457,0.11086
