0.62832,18.208
0.88858,18.732
1.0883,16.843
1.2566,12.497
1.405,8.5809
1.5391,6.624
1.7772,4.1846
1.885,3.2763
1.9869,2.7799
2.0839,2.2803
2.1766,1.9988
2.2654,1.8049
2.351,1.636
2.5133,1.2878
2.5906,1.3061
2.6657,1.21
2.7388,1.2208
2.8099,0.98945
2.8793,1.0192
2.9471,0.86016
3.0781,0.75031
3.1416,0.77729
3.2038,0.72867
3.2648,0.70122
3.3836,0.63834
3.4414,0.65688
3.5543,0.56736
3.6094,0.61973
3.6637,0.52045
3.7172,0.55077
3.7699,0.51073
3.8219,0.52933
3.8732,0.49982
3.9738,0.49761
4.0232,0.44889
4.072,0.43838
4.1202,0.38607
4.1678,0.42867
4.2149,0.43146
4.2615,0.38819
4.3531,0.38989
4.3982,0.3703
4.4429,0.37722
4.4871,0.38703
4.5309,0.33735
4.5742,0.35672
4.6172,0.33478
4.7019,0.36495
4.7437,0.35104
4.7851,0.33998
4.8262,0.31893
4.9073,0.28425
4.9474,0.28908
5.0265,0.28924
5.0657,0.27918
5.1045,0.29207
5.143,0.26146
5.1812,0.25855
5.2192,0.27564
5.2569,0.29445
5.3315,0.25139
5.3684,0.26547
5.405,0.2547
5.4414,0.282
5.4776,0.25699
5.5135,0.24532
5.5492,0.22847
5.6199,0.24215
5.6549,0.23952
5.6897,0.26892
5.7243,0.2505
5.7586,0.24333
5.7928,0.22864
5.8268,0.22045
5.8942,0.21261
5.9275,0.21529
5.9608,0.23216
5.9938,0.21081
6.0593,0.21027
6.0918,0.21236
6.1562,0.19655
6.1882,0.20645
6.22,0.21896
6.2517,0.21317
6.2832,0.19878
6.3145,0.20756
6.3457,0.1948
6.4076,0.21578
6.4383,0.20179
6.4689,0.21126
6.4994,0.20245
6.5297,0.19872
6.5598,0.17569
6.5899,0.1815
6.6791,0.20186
6.7086,0.18307
6.738,0.22563
6.7672,0.20445
6.7963,0.18606
6.8253,0.18707
6.8829,0.20297
6.9115,0.18341
6.94,0.1674
6.9684,0.17192
7.0248,0.17264
7.0529,0.16758
7.1086,0.19186
7.1363,0.16451
7.1639,0.15922
7.1914,0.17667
7.2188,0.16917
7.2461,0.14887
7.2733,0.17327
7.3274,0.1525
7.3543,0.16302
7.3811,0.16163
7.4078,0.17244
7.4344,0.15662
7.4609,0.17785
7.4873,0.15041
7.566,0.14917
7.592,0.16174
7.618,0.16236
7.6696,0.15801
7.6953,0.18552
7.7719,0.18619
7.7972,0.14796
7.8225,0.15722
7.8978,0.13997
7.9725,0.15269
8.0218,0.12086
8.0464,0.18129
8.0709,0.14973
8.0953,0.13737
8.1439,0.15513
8.1923,0.17324
8.2403,0.17236
8.2642,0.12323
8.3828,0.13727
8.4063,0.13879
8.4532,0.15883
8.4765,0.14052
8.5461,0.14949
8.638,0.1563
8.7062,0.12957
8.7515,0.15021
8.8189,0.13205
8.8412,0.14336
8.9742,0.11177
9.0181,0.13468
9.17,0.12433
9.2557,0.12418
9.4248,0.13099
9.4457,0.10087
9.4457,0.14719
