0.62832,18.44
0.88858,21.15
1.0883,20.62
1.2566,14.563
1.405,9.7405
1.5391,6.8677
1.7772,4.3718
1.885,3.8553
1.9869,2.8277
2.0839,2.7205
2.1766,2.157
2.2654,1.9884
2.351,1.6656
2.5133,1.3425
2.5906,1.3536
2.6657,1.1615
2.7388,1.1313
2.8099,1.1208
2.8793,1.0175
2.9471,0.92404
3.0781,0.79053
3.1416,0.76027
3.2038,0.75585
3.2648,0.69045
3.3836,0.67264
3.4414,0.64516
3.5543,0.59654
3.6094,0.55016
3.6637,0.54003
3.7172,0.57901
3.7699,0.4833
3.8219,0.51754
3.8732,0.50999
3.9738,0.47284
4.0232,0.46387
4.072,0.43338
4.1202,0.4549
4.1678,0.46096
4.2149,0.41561
4.2615,0.38757
4.3531,0.39612
4.3982,0.37965
4.4429,0.36575
4.4871,0.37094
4.5309,0.361
4.5742,0.33717
4.6172,0.33192
4.7019,0.34984
4.7437,0.3173
4.7851,0.33698
4.8262,0.3142
4.9073,0.31299
4.9474,0.30772
5.0265,0.28635
5.0657,0.27155
5.1045,0.29331
5.143,0.25574
5.1812,0.28173
5.2192,0.26794
5.2569,0.26305
5.3315,0.26657
5.3684,0.23533
5.405,0.23745
5.4414,0.23863
5.4776,0.27366
5.5135,0.25654
5.5492,0.22356
5.6199,0.23426
5.6549,0.23206
5.6897,0.23
5.7243,0.23861
5.7586,0.24322
5.7928,0.23498
5.8268,0.24087
5.8942,0.20786
5.9275,0.21429
5.9608,0.22472
5.9938,0.23696
6.0593,0.23043
6.0918,0.23513
6.1562,0.22403
6.1882,0.21874
6.22,0.20731
6.2517,0.19843
6.2832,0.20488
6.3145,0.20553
6.3457,0.16504
6.4076,0.20163
6.4383,0.20718
6.4689,0.20012
6.4994,0.18694
6.5297,0.19787
6.5598,0.18591
6.5899,0.18763
6.6791,0.18823
6.7086,0.1844
6.738,0.19417
6.7672,0.19167
6.7963,0.1991
6.8253,0.17914
6.8829,0.20117
6.9115,0.2015
6.94,0.19289
6.9684,0.16157
7.0248,0.17274
7.0529,0.20209
7.1086,0.17816
7.1363,0.16447
7.1639,0.19426
7.1914,0.17553
7.2188,0.17021
7.2461,0.13926
7.2733,0.15314
7.3274,0.1697
7.3543,0.17877
7.3811,0.17431
7.4078,0.20431
7.4344,0.13583
7.4609,0.18039
7.4873,0.15385
7.566,0.16751
7.592,0.15542
7.618,0.14332
7.6696,0.16627
7.6953,0.16015
7.7719,0.15702
7.7972,0.1631
7.8225,0.15083
7.8978,0.15384
7.9725,0.15838
8.0218,0.16664
8.0464,0.1305
8.0709,0.16205
8.0953,0.16045
8.1439,0.15562
8.1923,0.14631
8.2403,0.12553
8.2642,0.168
8.3828,0.13193
8.4063,0.1561
8.4532,0.156
8.4765,0.13003
8.5461,0.14525
8.638,0.12589
8.7062,0.12339
8.7515,0.14375
8.8189,0.12671
8.8412,0.15457
8.9742,0.13216
9.0181,0.098888
9.17,0.12863
9.2557,0.12414
9.4248,0.16064
9.4457,0.10124
9.4457,0.10877
