0.62832,4.206
0.88858,13.225
1.0883,26.509
1.2566,72.258
1.405,84.695
1.5391,71.966
1.7772,21.687
1.885,13.734
1.9869,10.811
2.0839,10.548
2.1766,4.8915
2.2654,6.3073
2.351,5.0899
2.5133,4.5205
2.5906,3.0538
2.6657,2.7415
2.7388,2.5781
2.8099,2.1871
2.8793,1.8043
2.9471,1.4432
3.0781,1.0874
3.1416,1.0018
3.2038,0.9338
3.2648,0.84999
3.3836,0.73735
3.4414,0.71518
3.5543,0.61416
3.6094,0.58998
3.6637,0.55162
3.7172,0.49832
3.7699,0.5354
3.8219,0.57152
3.8732,0.52385
3.9738,0.51029
4.0232,0.4847
4.072,0.43437
4.1202,0.40071
4.1678,0.38313
4.2149,0.41113
4.2615,0.4013
4.3531,0.29729
4.3982,0.37695
4.4429,0.36299
4.4871,0.36012
4.5309,0.33602
4.5742,0.32956
4.6172,0.30565
4.7019,0.26646
4.7437,0.27649
4.7851,0.26754
4.8262,0.29701
4.9073,0.23778
4.9474,0.25972
5.0265,0.30979
5.0657,0.24603
5.1045,0.23163
5.143,0.2173
5.1812,0.24207
5.2192,0.22954
5.2569,0.19915
5.3315,0.21122
5.3684,0.21168
5.405,0.2088
5.4414,0.18693
5.4776,0.20387
5.5135,0.19191
5.5492,0.17992
5.6199,0.18361
5.6549,0.18726
5.6897,0.23221
5.7243,0.18447
5.7586,0.16763
5.7928,0.1932
5.8268,0.17779
5.8942,0.15731
5.9275,0.17528
5.9608,0.17508
5.9938,0.17576
6.0593,0.14286
6.0918,0.15733
6.1562,0.14233
6.1882,0.16968
6.22,0.16064
6.2517,0.14645
6.2832,0.17473
6.3145,0.16102
6.3457,0.14669
6.4076,0.15897
6.4383,0.17542
6.4689,0.1512
6.4994,0.15488
6.5297,0.13223
6.5598,0.15274
6.5899,0.14587
6.6791,0.13771
6.7086,0.1353
6.738,0.17128
6.7672,0.16829
6.7963,0.14624
6.8253,0.14234
6.8829,0.15706
6.9115,0.12499
6.94,0.12372
6.9684,0.13725
7.0248,0.14702
7.0529,0.14338
7.1086,0.12869
7.1363,0.1318
7.1639,0.19288
7.1914,0.12051
7.2188,0.13342
7.2461,0.12499
7.2733,0.14736
7.3274,0.13992
7.3543,0.13008
7.3811,0.11878
7.4078,0.11222
7.4344,0.14518
7.4609,0.13306
7.4873,0.13698
7.566,0.13164
7.592,0.12384
7.618,0.13593
7.6696,0.12834
7.6953,0.13059
7.7719,0.12288
7.7972,0.12722
7.8225,0.11566
7.8978,0.1258
7.9725,0.11578
8.0218,0.10313
8.0464,0.1134
8.0709,0.13925
8.0953,0.12399
8.1439,0.1189
8.1923,0.12635
8.2403,0.14397
8.2642,0.10359
8.3828,0.10384
8.4063,0.11979
8.4532,0.11267
8.4765,0.13037
8.5461,0.14265
8.638,0.11358
8.7062,0.1222
8.7515,0.13742
8.8189,0.13899
8.8412,0.11585
8.9742,0.11493
9.0181,0.11506
9.17,0.11764
9.2557,0.10412
9.4248,0.13235
9.4457,0.12792
9.4457,0.11412
