0.62832,4.8042
0.88858,14.114
1.0883,22.661
1.2566,189.5
1.405,99.765
1.5391,53.526
1.7772,34.247
1.885,15.441
1.9869,9.7822
2.0839,6.6547
2.1766,4.0317
2.2654,7.1903
2.351,3.5252
2.5133,6.0357
2.5906,3.2516
2.6657,2.6839
2.7388,1.6832
2.8099,2.1262
2.8793,1.4392
2.9471,0.90393
3.0781,0.94282
3.1416,1.0185
3.2038,1.0129
3.2648,0.89888
3.3836,0.76067
3.4414,0.72835
3.5543,0.55761
3.6094,0.59768
3.6637,0.68073
3.7172,0.6351
3.7699,0.84645
3.8219,1.2025
3.8732,0.69852
3.9738,0.92169
4.0232,0.57949
4.072,0.46465
4.1202,0.35368
4.1678,0.68477
4.2149,0.47471
4.2615,0.50367
4.3531,0.26749
4.3982,0.49597
4.4429,0.45959
4.4871,0.51299
4.5309,0.35373
4.5742,0.43317
4.6172,0.3673
4.7019,0.31173
4.7437,0.31768
4.7851,0.39597
4.8262,0.31084
4.9073,0.24399
4.9474,0.27857
5.0265,0.63315
5.0657,0.36581
5.1045,0.2793
5.143,0.24999
5.1812,0.33281
5.2192,0.28599
5.2569,0.16916
5.3315,0.23853
5.3684,0.26582
5.405,0.23665
5.4414,0.18364
5.4776,0.14996
5.5135,0.20006
5.5492,0.17919
5.6199,0.21138
5.6549,0.22439
5.6897,0.36903
5.7243,0.21437
5.7586,0.20308
5.7928,0.22783
5.8268,0.29361
5.8942,0.14009
5.9275,0.16835
5.9608,0.20152
5.9938,0.21697
6.0593,0.16194
6.0918,0.19383
6.1562,0.13991
6.1882,0.17515
6.22,0.1471
6.2517,0.15123
6.2832,0.25159
6.3145,0.21339
6.3457,0.19093
6.4076,0.20065
6.4383,0.17946
6.4689,0.1501
6.4994,0.13811
6.5297,0.14746
6.5598,0.15208
6.5899,0.14524
6.6791,0.16225
6.7086,0.13272
6.738,0.15164
6.7672,0.15955
6.7963,0.15338
6.8253,0.13256
6.8829,0.16764
6.9115,0.13298
6.94,0.1289
6.9684,0.095232
7.0248,0.15548
7.0529,0.15862
7.1086,0.13459
7.1363,0.12486
7.1639,0.11946
7.1914,0.12818
7.2188,0.13538
7.2461,0.13098
7.2733,0.11734
7.3274,0.12609
7.3543,0.12046
7.3811,0.11886
7.4078,0.10496
7.4344,0.11257
7.4609,0.12173
7.4873,0.10146
7.566,0.14204
7.592,0.11007
7.618,0.12961
7.6696,0.12964
7.6953,0.12551
7.7719,0.11204
7.7972,0.1249
7.8225,0.11447
7.8978,0.12338
7.9725,0.13006
8.0218,0.14804
8.0464,0.13393
8.0709,0.11998
8.0953,0.1304
8.1439,0.12566
8.1923,0.118
8.2403,0.12169
8.2642,0.12405
8.3828,0.11714
8.4063,0.11008
8.4532,0.11525
8.4765,0.12812
8.5461,0.11431
8.638,0.11159
8.7062,0.11312
8.7515,0.11426
8.8189,0.11572
8.8412,0.12464
8.9742,0.10587
9.0181,0.12624
9.17,0.10099
9.2557,0.11517
9.4248,0.13575
9.4457,0.124
9.4457,0.1258
