0.792	2.829520278
1.12	2.493685372
1.372	4.203002682
1.584	2.45334747
1.77	1.772950595
1.94	1.701120269
2.24	1.65813484
2.374	1.506950929
2.626	1.464093207
2.742	1.31579728
2.962	1.150883921
3.264	1.134281592
3.45	1.209118102
3.714	1.045031395
4.036	0.9100188856
4.478	0.9160159131
4.75	0.834275908
5.068	0.7642134475
5.37	0.6820166433
5.708	0.7136580229
6.08	0.5743005664
6.48	0.6110173738
6.81	0.5578387168
7.342	0.502979008
7.836	0.4766689896
8.302	0.4402386722
8.992	0.3972249025
9.566	0.3977693237
10.2	0.3437160287
10.998	0.3519430631
11.662	0.3130399875
12.466	0.2738246784
13.176	0.282997599
13.938	0.2806313052
14.852	0.2508320251
15.774	0.2434469909
16.924	0.2446197789
18.344	0.2164549861
19.918	0.1939784297
21.666	0.1806577223
27.422	0.1543334832
