0.792	2.687043507
1.12	2.364021461
1.372	2.175291522
1.584	2.037014618
1.77	2.017324674
1.94	1.435770778
2.24	1.767020201
2.374	1.545729489
2.626	1.310543507
2.742	1.407879518
2.962	1.108441387
3.264	1.187744353
3.45	1.052696858
3.714	0.9126040619
4.036	0.9597190833
4.478	0.8681090032
4.75	0.7453741589
5.068	0.7059892379
5.37	0.7026076776
5.708	0.6424128044
6.08	0.6653843195
6.48	0.5944569047
6.81	0.5562156308
7.342	0.5073567597
7.836	0.4478954226
8.302	0.4683012425
8.992	0.3912358666
9.566	0.3935671833
10.2	0.3927414371
10.998	0.3538740957
11.662	0.340209651
12.466	0.2933077928
13.176	0.2891697652
13.938	0.2816858523
14.852	0.2471358423
15.774	0.2606516713
16.924	0.2371187385
18.344	0.219919606
19.918	0.1967171811
21.666	0.176925574
27.422	0.1526752215
