0.792	3.037032683
1.12	1.828561435
1.372	1.79137147
1.584	1.727552271
1.77	1.827995063
1.94	1.453094977
2.24	1.642212857
2.374	1.304597149
2.626	1.398657454
2.742	1.58817836
2.962	1.22637238
3.264	1.068608156
3.45	1.059796935
3.714	1.017257075
4.036	0.9102821468
4.478	0.8035197967
4.75	0.8691591121
5.068	0.7609923335
5.37	0.6766194767
5.708	0.679517015
6.08	0.5331043775
6.48	0.603492165
6.81	0.5299236864
7.342	0.5132386841
7.836	0.471883887
8.302	0.461905744
8.992	0.4480526705
9.566	0.4038900677
10.2	0.372301467
10.998	0.3558484511
11.662	0.3215693234
12.466	0.3352033264
13.176	0.2863006525
13.938	0.2774069643
14.852	0.2459376201
15.774	0.2587549955
16.924	0.241873207
18.344	0.2073518343
19.918	0.1934431834
21.666	0.1923272949
27.422	0.1526468449
