0.792	5.898935953
1.12	5.489145432
1.372	19.53585778
1.584	7.824043769
1.77	4.119776012
1.94	2.782962855
2.24	2.844065864
2.374	2.571374716
2.626	1.561177915
2.742	1.14813689
2.962	1.448726941
3.264	1.518058377
3.45	1.213464669
3.714	1.006602696
4.036	0.9857561818
4.478	0.9311093933
4.75	0.8582156845
5.068	0.7226756683
5.37	0.6892583486
5.708	0.6414286269
6.08	0.649733232
6.48	0.4864863815
6.81	0.5224051588
7.342	0.5427384963
7.836	0.4618436708
8.302	0.4489539507
8.992	0.4097352313
9.566	0.4038635187
10.2	0.3647532024
10.998	0.3355554216
11.662	0.3256580027
12.466	0.300033917
13.176	0.3008787629
13.938	0.2777309986
14.852	0.2592543803
15.774	0.2411310706
16.924	0.2356581408
18.344	0.213024435
19.918	0.1945119938
21.666	0.193230535
27.422	0.1719811051
