0.792	3.063748253
1.12	2.218021135
1.372	1.668049654
1.584	1.919036787
1.77	1.738598254
1.94	1.474321053
2.24	1.712496435
2.374	1.414270436
2.626	1.409172466
2.742	1.351824473
2.962	1.16254889
3.264	1.102662133
3.45	1.09098211
3.714	1.040957463
4.036	0.868395221
4.478	0.7760909571
4.75	0.7794297324
5.068	0.6967412789
5.37	0.6948054955
5.708	0.6663657647
6.08	0.6273653411
6.48	0.5410186909
6.81	0.5330356604
7.342	0.5232324316
7.836	0.4842152848
8.302	0.4543722557
8.992	0.4543175752
9.566	0.3979186936
10.2	0.3840977727
10.998	0.3493342181
11.662	0.3246215572
12.466	0.3411067002
13.176	0.2782411668
13.938	0.2716182669
14.852	0.2836682058
15.774	0.2564047813
16.924	0.240294077
18.344	0.2328679284
19.918	0.20077022
21.666	0.1864864064
27.422	0.128734561
