0.792	4.28157706
1.12	8.737478217
1.372	2.988747301
1.584	6.509009182
1.77	3.92422087
1.94	4.070669494
2.24	2.011875128
2.374	2.599905608
2.626	1.845321888
2.742	1.485569802
2.962	1.283371024
3.264	1.282963424
3.45	1.142514559
3.714	0.9626901685
4.036	1.002204496
4.478	0.8403949822
4.75	0.7287818869
5.068	0.7387274581
5.37	0.7068859719
5.708	0.6292774767
6.08	0.6285759599
6.48	0.5413502323
6.81	0.5474447279
7.342	0.4762637737
7.836	0.4674650767
8.302	0.4788790432
8.992	0.4326757016
9.566	0.3813989312
10.2	0.3857825203
10.998	0.3413535688
11.662	0.3237658464
12.466	0.2962500614
13.176	0.2857809777
13.938	0.288540553
14.852	0.2553142393
15.774	0.2524339857
16.924	0.1972146484
18.344	0.2105428726
19.918	0.1901932852
21.666	0.1804208825
27.422	0.1308673636
