0.792	5.322187496
1.12	9.143443702
1.372	2.823182197
1.584	6.03615251
1.77	3.985926601
1.94	3.746567969
2.24	1.870578596
2.374	2.581628153
2.626	1.818656818
2.742	1.227787196
2.962	1.217902796
3.264	1.28959708
3.45	1.229351196
3.714	0.9248680382
4.036	1.057441378
4.478	0.7704097633
4.75	0.9177792331
5.068	0.7083447963
5.37	0.6869507316
5.708	0.6542820428
6.08	0.5562930973
6.48	0.5517772056
6.81	0.5345716859
7.342	0.4529590916
7.836	0.4617384608
8.302	0.4365356767
8.992	0.4525894901
9.566	0.3993277109
10.2	0.3802290169
10.998	0.3343187272
11.662	0.3117872021
12.466	0.358015365
13.176	0.3050187055
13.938	0.2744103897
14.852	0.2436437143
15.774	0.2430067428
16.924	0.2512356017
18.344	0.2058612143
19.918	0.2043544682
21.666	0.1858554493
27.422	0.1367651802
