0.792	3.474177846
1.12	1.906022303
1.372	1.323165191
1.584	2.239839207
1.77	1.680854304
1.94	1.296869597
2.24	1.41971777
2.374	1.317450337
2.626	1.353089203
2.742	1.5418952
2.962	1.131320177
3.264	1.144973787
3.45	1.0655542
3.714	1.221212239
4.036	0.8952070442
4.478	0.7570184394
4.75	0.7588160927
5.068	0.7140662257
5.37	0.6555264742
5.708	0.6341713475
6.08	0.5684065481
6.48	0.593370009
6.81	0.4982367152
7.342	0.5158141253
7.836	0.4884944118
8.302	0.4523154641
8.992	0.447023806
9.566	0.4022367077
10.2	0.366765054
10.998	0.3435158994
11.662	0.3341180604
12.466	0.331180438
13.176	0.2893598026
13.938	0.2748130982
14.852	0.2429046461
15.774	0.2459159258
16.924	0.2248682411
18.344	0.2085591808
19.918	0.1953124901
21.666	0.1806718367
27.422	0.1432059639
