0.792	3.3541011
1.12	5.81249361
1.372	2.375954297
1.584	4.636414269
1.77	3.921521893
1.94	3.049276526
2.24	1.815453634
2.374	2.114437206
2.626	1.581848307
2.742	1.482277214
2.962	1.292151326
3.264	1.207289882
3.45	1.31507088
3.714	1.081327157
4.036	1.039333186
4.478	1.02743534
4.75	0.8706870467
5.068	0.7201462497
5.37	0.7090103879
5.708	0.649038236
6.08	0.6406642626
6.48	0.5769281946
6.81	0.5519388219
7.342	0.4952370494
7.836	0.48432948
8.302	0.4326478611
8.992	0.421984945
9.566	0.4006483872
10.2	0.3577990669
10.998	0.3634391293
11.662	0.3306570762
12.466	0.3456293247
13.176	0.3013356509
13.938	0.2706131542
14.852	0.2819806685
15.774	0.2385370395
16.924	0.2359709135
18.344	0.2164574076
19.918	0.2009657668
21.666	0.1849253026
27.422	0.1687195637
