0.792	3.071336103
1.12	2.750478859
1.372	4.193499611
1.584	2.813186619
1.77	1.963694169
1.94	1.806296694
2.24	1.541091153
2.374	1.698933728
2.626	1.688243329
2.742	1.413006699
2.962	1.172414667
3.264	1.156228379
3.45	1.201104509
3.714	1.114549377
4.036	0.9360876182
4.478	0.9322106384
4.75	0.7577097365
5.068	0.7226378008
5.37	0.6940148055
5.708	0.6551996924
6.08	0.6439730514
6.48	0.599257028
6.81	0.5444420651
7.342	0.5044628722
7.836	0.4397427337
8.302	0.4673969785
8.992	0.4115958108
9.566	0.398926798
10.2	0.3402348676
10.998	0.3264224519
11.662	0.3293315445
12.466	0.3137136748
13.176	0.2845721843
13.938	0.269707152
14.852	0.250030263
15.774	0.252158933
16.924	0.2319929913
18.344	0.2141756914
19.918	0.19003565
21.666	0.1842876495
27.422	0.1658185262
