0.792	5.784956238
1.12	5.074572032
1.372	18.97857344
1.584	8.136292294
1.77	3.995948167
1.94	2.97363257
2.24	2.867181339
2.374	2.460065586
2.626	1.604146585
2.742	0.9443240882
2.962	1.355602554
3.264	1.423997813
3.45	1.178252519
3.714	0.9561918421
4.036	1.012816321
4.478	0.9978425366
4.75	0.8459445184
5.068	0.7544361918
5.37	0.7077992183
5.708	0.6366895606
6.08	0.554229703
6.48	0.5584421285
6.81	0.5485480914
7.342	0.4777750729
7.836	0.469013175
8.302	0.4549444747
8.992	0.3872087939
9.566	0.4006538602
10.2	0.3808151872
10.998	0.3644316983
11.662	0.3238279523
12.466	0.3070354519
13.176	0.2977759163
13.938	0.2757782361
14.852	0.282705392
15.774	0.2486709191
16.924	0.2411253912
18.344	0.221242809
19.918	0.1946895942
21.666	0.1811802883
27.422	0.1866350879
