0.792	4.785262068
1.12	7.668227636
1.372	6.233835626
1.584	6.948707999
1.77	4.576316936
1.94	3.439148156
2.24	1.984820008
2.374	2.627620175
2.626	1.511428023
2.742	1.518424053
2.962	1.310486219
3.264	1.396876095
3.45	1.157905725
3.714	0.8939553491
4.036	0.9735681413
4.478	0.830196653
4.75	0.8066847751
5.068	0.740216818
5.37	0.7059372562
5.708	0.6235478361
6.08	0.6049708768
6.48	0.5229781244
6.81	0.5266383402
7.342	0.4709373071
7.836	0.4742307302
8.302	0.4303594354
8.992	0.385641025
9.566	0.3835829583
10.2	0.3506440208
10.998	0.3319640706
11.662	0.3157313918
12.466	0.3238073783
13.176	0.2839094024
13.938	0.2724079191
14.852	0.2679536836
15.774	0.2475674782
16.924	0.1963137615
18.344	0.2010534197
19.918	0.1856567882
21.666	0.1766569004
27.422	0.1700607347
