0.792	2.719120015
1.12	2.289612394
1.372	2.567874497
1.584	2.011347414
1.77	1.835078887
1.94	1.620718106
2.24	1.89449347
2.374	1.484026009
2.626	1.389935871
2.742	1.280825735
2.962	1.190661579
3.264	1.175132294
3.45	1.114916516
3.714	0.9185362775
4.036	0.8943507962
4.478	0.8624353774
4.75	0.8060371583
5.068	0.7210004374
5.37	0.6866342755
5.708	0.681352605
6.08	0.5649884789
6.48	0.6222107763
6.81	0.5555660335
7.342	0.533822822
7.836	0.4910113524
8.302	0.4425066684
8.992	0.4295306345
9.566	0.3906354119
10.2	0.3626495007
10.998	0.3687952566
11.662	0.3171144326
12.466	0.2941476334
13.176	0.2925480361
13.938	0.2698953291
14.852	0.2509492266
15.774	0.2342209233
16.924	0.237713093
18.344	0.2189797928
19.918	0.1983616284
21.666	0.1725685516
27.422	0.1411850566
