0.792	2.793406141
1.12	1.942107838
1.372	2.066067857
1.584	1.769064078
1.77	1.947839878
1.94	1.378353992
2.24	1.729559577
2.374	1.515926563
2.626	1.377713967
2.742	1.290162801
2.962	1.290874292
3.264	1.208323684
3.45	1.061867729
3.714	0.8775107768
4.036	0.9054952163
4.478	0.7302525547
4.75	0.8682197463
5.068	0.671387858
5.37	0.6533061159
5.708	0.654403072
6.08	0.6239156897
6.48	0.565014682
6.81	0.5623167255
7.342	0.5091123705
7.836	0.4828412993
8.302	0.4535347276
8.992	0.4239152556
9.566	0.40124015
10.2	0.3878447268
10.998	0.3573345043
11.662	0.341775913
12.466	0.2975645668
13.176	0.2693110677
13.938	0.2861547675
14.852	0.2628580721
15.774	0.2606474236
16.924	0.2367893204
18.344	0.2192228892
19.918	0.2007628349
21.666	0.1873879806
27.422	0.1413729922
