0.792	4.494868672
1.12	6.283945089
1.372	11.3736458
1.584	6.638231009
1.77	3.77175737
1.94	5.056959312
2.24	3.401778694
2.374	2.935199038
2.626	1.768281664
2.742	1.144278205
2.962	1.408566321
3.264	1.495522811
3.45	1.204241875
3.714	1.058357497
4.036	0.9874521538
4.478	0.9937635501
4.75	0.8434265891
5.068	0.6980082204
5.37	0.6851137058
5.708	0.6793106746
6.08	0.5953710271
6.48	0.5541372254
6.81	0.532667306
7.342	0.5392811697
7.836	0.5002402233
8.302	0.4573481289
8.992	0.4167036345
9.566	0.4008074128
10.2	0.3704544411
10.998	0.3576455809
11.662	0.3559428114
12.466	0.3105338065
13.176	0.294393178
13.938	0.2911327707
14.852	0.2493998712
15.774	0.2604128039
16.924	0.2345049734
18.344	0.2214799395
19.918	0.1964477449
21.666	0.1906451284
27.422	0.1375268985
