0.792	3.924626446
1.12	3.237255245
1.372	2.629987124
1.584	3.299488508
1.77	2.653265341
1.94	2.17795041
2.24	1.628811376
2.374	1.754537785
2.626	1.720509295
2.742	1.202114879
2.962	1.162737411
3.264	1.173569601
3.45	1.305284142
3.714	1.132713368
4.036	0.9984198244
4.478	0.9231952984
4.75	0.7451656625
5.068	0.7385777987
5.37	0.6787994498
5.708	0.6755220259
6.08	0.6896342946
6.48	0.6125571759
6.81	0.5725460056
7.342	0.5046400176
7.836	0.4613763043
8.302	0.447483043
8.992	0.4120230866
9.566	0.3906264409
10.2	0.3815186054
10.998	0.3611481207
11.662	0.3110579361
12.466	0.3324343072
13.176	0.2883553499
13.938	0.2905192529
14.852	0.2313144049
15.774	0.2325957031
16.924	0.2170361686
18.344	0.2079332066
19.918	0.1969771356
21.666	0.1786252471
27.422	0.1506067441
