0.792	3.276476265
1.12	5.221488244
1.372	2.77297782
1.584	4.783918705
1.77	3.348629237
1.94	2.995473965
2.24	1.808016941
2.374	1.927342823
2.626	1.794198354
2.742	1.211519281
2.962	1.268957752
3.264	1.252255814
3.45	1.318354718
3.714	1.024315667
4.036	1.055006112
4.478	0.9888406624
4.75	0.9043545191
5.068	0.781217022
5.37	0.7224972692
5.708	0.6428873788
6.08	0.5413119696
6.48	0.6115579516
6.81	0.5506573043
7.342	0.525894399
7.836	0.4509395878
8.302	0.4673407425
8.992	0.4140238786
9.566	0.4001230868
10.2	0.363811719
10.998	0.3313532498
11.662	0.3247529486
12.466	0.3195497636
13.176	0.2977458183
13.938	0.2807635292
14.852	0.2616865734
15.774	0.2382506418
16.924	0.2289161097
18.344	0.2242149628
19.918	0.1929911671
21.666	0.1755157376
27.422	0.139035712
