0.792	3.891041086
1.12	2.906233622
1.372	2.50556146
1.584	3.246444712
1.77	2.615514632
1.94	2.130200743
2.24	1.638716825
2.374	1.769742399
2.626	1.648819516
2.742	1.275940027
2.962	1.157158752
3.264	1.183157264
3.45	1.34426707
3.714	1.060720435
4.036	0.9472084689
4.478	0.9654621283
4.75	0.7838986915
5.068	0.7657017889
5.37	0.6975536315
5.708	0.6622129754
6.08	0.6697044267
6.48	0.5763135565
6.81	0.5557082745
7.342	0.4917203627
7.836	0.4610611496
8.302	0.4615544656
8.992	0.42201951
9.566	0.3869811122
10.2	0.3885961408
10.998	0.3410453048
11.662	0.3388030167
12.466	0.3071758125
13.176	0.2920909937
13.938	0.2657783428
14.852	0.2542313652
15.774	0.2651899776
16.924	0.2278907507
18.344	0.2134767948
19.918	0.1974973558
21.666	0.1758061455
27.422	0.1320182415
