0.792	2.781912302
1.12	2.14403487
1.372	2.480189182
1.584	1.926606551
1.77	1.822366814
1.94	1.510992362
2.24	1.768298301
2.374	1.464599456
2.626	1.347956878
2.742	1.375809747
2.962	1.185824119
3.264	1.225869939
3.45	1.088862448
3.714	0.9672827921
4.036	0.943243973
4.478	0.8354176624
4.75	0.7800016209
5.068	0.7195527105
5.37	0.7052572791
5.708	0.6322204539
6.08	0.6425235169
6.48	0.6288444874
6.81	0.5400167612
7.342	0.4946451422
7.836	0.4980210878
8.302	0.4568696233
8.992	0.4159330572
9.566	0.3962995414
10.2	0.3428632
10.998	0.3455983735
11.662	0.3207622965
12.466	0.3535032865
13.176	0.3042004177
13.938	0.2825041627
14.852	0.2297686634
15.774	0.2520407831
16.924	0.2295705928
18.344	0.2209741071
19.918	0.1945266936
21.666	0.1859857601
27.422	0.1494301666
