0.792	3.164638494
1.12	2.626777541
1.372	4.170827362
1.584	2.873995996
1.77	1.951518714
1.94	1.826844477
2.24	1.543113231
2.374	1.630750741
2.626	1.732896698
2.742	1.410465609
2.962	1.214444394
3.264	1.135358826
3.45	1.152971567
3.714	0.9960765381
4.036	0.9509523767
4.478	0.9007464802
4.75	0.7371560278
5.068	0.7034018667
5.37	0.6677555701
5.708	0.6427935462
6.08	0.603390116
6.48	0.5606478597
6.81	0.5495846783
7.342	0.496838302
7.836	0.4630772319
8.302	0.4438784902
8.992	0.434289247
9.566	0.3945899313
10.2	0.3661288181
10.998	0.3433305705
11.662	0.3322162459
12.466	0.3122593365
13.176	0.2910907944
13.938	0.2751331272
14.852	0.2530358772
15.774	0.2443007844
16.924	0.2128425836
18.344	0.2079515082
19.918	0.1922648169
21.666	0.176136732
27.422	0.1436977673
