0.792	4.82991432
1.12	9.463430005
1.372	5.01271662
1.584	7.06617284
1.77	4.20351419
1.94	4.123803249
2.24	1.806709035
2.374	3.014964719
2.626	1.584255023
2.742	1.149212532
2.962	1.314353297
3.264	1.320037077
3.45	1.102650361
3.714	0.9328418979
4.036	0.9977906877
4.478	0.786401435
4.75	0.8237850118
5.068	0.7357020547
5.37	0.6452595751
5.708	0.6193578227
6.08	0.6406374189
6.48	0.5780850509
6.81	0.5316117787
7.342	0.4759278851
7.836	0.482102949
8.302	0.4336544481
8.992	0.3852637649
9.566	0.3937286086
10.2	0.3714084921
10.998	0.346079024
11.662	0.2969459926
12.466	0.2634832628
13.176	0.2867656292
13.938	0.2886399535
14.852	0.2758717006
15.774	0.2643819897
16.924	0.2182587206
18.344	0.2015247495
19.918	0.1993960483
21.666	0.182478685
27.422	0.1668539818
