0.792	2.789934568
1.12	2.467667136
1.372	3.896582658
1.584	2.428225571
1.77	1.832585638
1.94	1.607796102
2.24	1.650509591
2.374	1.465790042
2.626	1.368347624
2.742	1.226493091
2.962	1.186061366
3.264	1.125167518
3.45	1.048425943
3.714	0.9968576476
4.036	0.9555203858
4.478	1.025319247
4.75	0.7716674209
5.068	0.7694218101
5.37	0.6731590726
5.708	0.6299698968
6.08	0.6334655818
6.48	0.5822503553
6.81	0.5322586168
7.342	0.5211405243
7.836	0.5008071312
8.302	0.4442518407
8.992	0.4412588582
9.566	0.3905258166
10.2	0.3915770843
10.998	0.3516283382
11.662	0.3161192757
12.466	0.3159931814
13.176	0.2841525022
13.938	0.2823628852
14.852	0.2349628531
15.774	0.234199607
16.924	0.2181740569
18.344	0.2280119225
19.918	0.1948988477
21.666	0.1790184804
27.422	0.1786280083
