0.62832,1.1968
0.88858,1.1524
1.0883,1.2029
1.2566,1.1468
1.405,1.0423
1.5391,1.0319
1.7772,0.90493
1.885,0.99666
1.9869,0.95303
2.0839,0.9359
2.1766,0.81228
2.2654,0.91968
2.351,0.82346
2.5133,0.9384
2.5906,0.83986
2.6657,0.74368
2.7388,0.70011
2.8099,0.78967
2.8793,0.8077
2.9471,0.70526
3.0781,0.73515
3.1416,0.65989
3.2038,0.70503
3.2648,0.66764
3.3836,0.66537
3.4414,0.63287
3.5543,0.61167
3.6094,0.55128
3.6637,0.56881
3.7172,0.59251
3.7699,0.60415
3.8219,0.56125
3.8732,0.58206
3.9738,0.50241
4.0232,0.48788
4.072,0.49
4.1202,0.44782
4.1678,0.48627
4.2149,0.48592
4.2615,0.49449
4.3531,0.50149
4.3982,0.43252
4.4429,0.47679
4.4871,0.45751
4.5309,0.43259
4.5742,0.44878
4.6172,0.4323
4.7019,0.36913
4.7437,0.39581
4.7851,0.4147
4.8262,0.42111
4.9073,0.37694
4.9474,0.39016
5.0265,0.36301
5.0657,0.39322
5.1045,0.36155
5.143,0.37015
5.1812,0.40118
5.2192,0.37476
5.2569,0.35337
5.3315,0.35681
5.3684,0.37955
5.405,0.36538
5.4414,0.40757
5.4776,0.35683
5.5135,0.36687
5.5492,0.35578
5.6199,0.35699
5.6549,0.32951
5.6897,0.34254
5.7243,0.32756
5.7586,0.32017
5.7928,0.29361
5.8268,0.30826
5.8942,0.30382
5.9275,0.29711
5.9608,0.29943
5.9938,0.297
6.0593,0.32574
6.0918,0.29899
6.1562,0.34788
6.1882,0.28956
6.22,0.28191
6.2517,0.28401
6.2832,0.2861
6.3145,0.29067
6.3457,0.29841
6.4076,0.28537
6.4383,0.27887
6.4689,0.27316
6.4994,0.29953
6.5297,0.28685
6.5598,0.26851
6.5899,0.26055
6.6791,0.26054
6.7086,0.25823
6.738,0.2945
6.7672,0.2584
6.7963,0.26551
6.8253,0.25787
6.8829,0.26346
6.9115,0.26151
6.94,0.24547
6.9684,0.24775
7.0248,0.235
7.0529,0.26727
7.1086,0.23382
7.1363,0.24015
7.1639,0.24399
7.1914,0.22804
7.2188,0.27756
7.2461,0.2778
7.2733,0.23776
7.3274,0.25276
7.3543,0.23796
7.3811,0.22295
7.4078,0.2332
7.4344,0.25952
7.4609,0.22852
7.4873,0.20669
7.566,0.20402
7.592,0.22991
7.618,0.23251
7.6696,0.21982
7.6953,0.21738
7.7719,0.2414
7.7972,0.21745
7.8225,0.19222
7.8978,0.23625
7.9725,0.2046
8.0218,0.22482
8.0464,0.21833
8.0709,0.19941
8.0953,0.1897
8.1439,0.19798
8.1923,0.22418
8.2403,0.19051
8.2642,0.15956
8.3828,0.17568
8.4063,0.20132
8.4532,0.20896
8.4765,0.18456
8.5461,0.18702
8.638,0.19428
8.7062,0.17345
8.7515,0.1896
8.8189,0.18392
8.8412,0.20984
8.9742,0.1885
9.0181,0.17647
9.17,0.1933
9.2557,0.18804
9.4248,0.21315
9.4457,0.17286
9.4457,0.1574
