0.62832,12.798
0.88858,12.037
1.0883,9.1361
1.2566,7.1504
1.405,6.0142
1.5391,5.0295
1.7772,3.624
1.885,3.3372
1.9869,2.9748
2.0839,3.0745
2.1766,2.3763
2.2654,2.2183
2.351,1.8352
2.5133,1.669
2.5906,1.4696
2.6657,1.4562
2.7388,1.1844
2.8099,1.3358
2.8793,1.2054
2.9471,1.2955
3.0781,1.1345
3.1416,1.0157
3.2038,0.98617
3.2648,0.98686
3.3836,0.92189
3.4414,0.89339
3.5543,0.90611
3.6094,0.7944
3.6637,0.76202
3.7172,0.68836
3.7699,0.69043
3.8219,0.71432
3.8732,0.62899
3.9738,0.65167
4.0232,0.65981
4.072,0.55979
4.1202,0.55275
4.1678,0.58777
4.2149,0.56979
4.2615,0.52112
4.3531,0.42398
4.3982,0.50794
4.4429,0.51871
4.4871,0.52646
4.5309,0.50085
4.5742,0.52588
4.6172,0.47575
4.7019,0.44734
4.7437,0.42604
4.7851,0.43608
4.8262,0.453
4.9073,0.41759
4.9474,0.4141
5.0265,0.42901
5.0657,0.42872
5.1045,0.38935
5.143,0.36992
5.1812,0.39692
5.2192,0.38814
5.2569,0.38717
5.3315,0.39886
5.3684,0.35361
5.405,0.37189
5.4414,0.33304
5.4776,0.33601
5.5135,0.35191
5.5492,0.34335
5.6199,0.35325
5.6549,0.33072
5.6897,0.3476
5.7243,0.3768
5.7586,0.32293
5.7928,0.33948
5.8268,0.32662
5.8942,0.32634
5.9275,0.31369
5.9608,0.30678
5.9938,0.30759
6.0593,0.26696
6.0918,0.29935
6.1562,0.29432
6.1882,0.29824
6.22,0.29062
6.2517,0.28364
6.2832,0.27112
6.3145,0.27384
6.3457,0.28066
6.4076,0.29361
6.4383,0.26741
6.4689,0.27919
6.4994,0.25737
6.5297,0.26848
6.5598,0.26346
6.5899,0.26921
6.6791,0.25823
6.7086,0.26041
6.738,0.27513
6.7672,0.25341
6.7963,0.27763
6.8253,0.24897
6.8829,0.24774
6.9115,0.24823
6.94,0.28536
6.9684,0.24122
7.0248,0.2553
7.0529,0.2477
7.1086,0.23242
7.1363,0.22092
7.1639,0.19587
7.1914,0.22756
7.2188,0.24273
7.2461,0.22432
7.2733,0.21978
7.3274,0.22991
7.3543,0.23053
7.3811,0.22333
7.4078,0.19684
7.4344,0.20405
7.4609,0.20191
7.4873,0.19263
7.566,0.23096
7.592,0.21307
7.618,0.23884
7.6696,0.22773
7.6953,0.2501
7.7719,0.18177
7.7972,0.23297
7.8225,0.22293
7.8978,0.22201
7.9725,0.20042
8.0218,0.18787
8.0464,0.2091
8.0709,0.20672
8.0953,0.18097
8.1439,0.19685
8.1923,0.2162
8.2403,0.22806
8.2642,0.1985
8.3828,0.21997
8.4063,0.18207
8.4532,0.2233
8.4765,0.18338
8.5461,0.20041
8.638,0.20097
8.7062,0.20292
8.7515,0.21046
8.8189,0.18158
8.8412,0.18049
8.9742,0.15001
9.0181,0.17868
9.17,0.17766
9.2557,0.16477
9.4248,0.15178
9.4457,0.18911
9.4457,0.19702
