0.62832,8.6496
0.88858,14.983
1.0883,31.886
1.2566,60.414
1.405,79.426
1.5391,62.346
1.7772,21.694
1.885,13.662
1.9869,10.128
2.0839,9.3388
2.1766,6.2526
2.2654,5.3109
2.351,4.3363
2.5133,3.8505
2.5906,2.8272
2.6657,2.5328
2.7388,1.9927
2.8099,1.9001
2.8793,1.7194
2.9471,1.4754
3.0781,1.473
3.1416,1.2161
3.2038,1.0622
3.2648,1.1598
3.3836,0.89484
3.4414,0.85791
3.5543,0.76135
3.6094,0.79305
3.6637,0.64357
3.7172,0.68098
3.7699,0.6867
3.8219,0.65977
3.8732,0.56143
3.9738,0.53373
4.0232,0.55194
4.072,0.50386
4.1202,0.4986
4.1678,0.5407
4.2149,0.47622
4.2615,0.47779
4.3531,0.43061
4.3982,0.46637
4.4429,0.4036
4.4871,0.41933
4.5309,0.42847
4.5742,0.40901
4.6172,0.39598
4.7019,0.3577
4.7437,0.3747
4.7851,0.35936
4.8262,0.34469
4.9073,0.32274
4.9474,0.34066
5.0265,0.33622
5.0657,0.33321
5.1045,0.31941
5.143,0.2672
5.1812,0.33004
5.2192,0.31113
5.2569,0.29494
5.3315,0.28472
5.3684,0.28222
5.405,0.28315
5.4414,0.32796
5.4776,0.25447
5.5135,0.26469
5.5492,0.26367
5.6199,0.28344
5.6549,0.2648
5.6897,0.27873
5.7243,0.25212
5.7586,0.2577
5.7928,0.2728
5.8268,0.25441
5.8942,0.2394
5.9275,0.24911
5.9608,0.24796
5.9938,0.23055
6.0593,0.2584
6.0918,0.22771
6.1562,0.20826
6.1882,0.24714
6.22,0.23083
6.2517,0.22669
6.2832,0.22673
6.3145,0.24073
6.3457,0.23934
6.4076,0.22065
6.4383,0.23944
6.4689,0.21583
6.4994,0.21391
6.5297,0.23098
6.5598,0.22033
6.5899,0.21719
6.6791,0.23285
6.7086,0.18781
6.738,0.20782
6.7672,0.20318
6.7963,0.22364
6.8253,0.23172
6.8829,0.18263
6.9115,0.20491
6.94,0.21291
6.9684,0.22786
7.0248,0.21346
7.0529,0.20831
7.1086,0.15438
7.1363,0.20197
7.1639,0.20098
7.1914,0.20287
7.2188,0.21015
7.2461,0.18026
7.2733,0.21928
7.3274,0.18812
7.3543,0.19859
7.3811,0.19694
7.4078,0.18414
7.4344,0.21668
7.4609,0.19753
7.4873,0.18056
7.566,0.20958
7.592,0.20268
7.618,0.20025
7.6696,0.18147
7.6953,0.20417
7.7719,0.16993
7.7972,0.20002
7.8225,0.18997
7.8978,0.18916
7.9725,0.17423
8.0218,0.16158
8.0464,0.17985
8.0709,0.17851
8.0953,0.18419
8.1439,0.18937
8.1923,0.17044
8.2403,0.18024
8.2642,0.15825
8.3828,0.1735
8.4063,0.17806
8.4532,0.20166
8.4765,0.16888
8.5461,0.18047
8.638,0.17524
8.7062,0.1533
8.7515,0.13714
8.8189,0.17595
8.8412,0.16884
8.9742,0.20263
9.0181,0.17266
9.17,0.17604
9.2557,0.18613
9.4248,0.17915
9.4457,0.15807
9.4457,0.14024
