0.62832,0.95671
0.88858,0.97244
1.0883,0.7142
1.2566,0.90843
1.405,0.9354
1.5391,0.87516
1.7772,0.82048
1.885,0.8642
1.9869,0.85695
2.0839,0.80152
2.1766,0.76871
2.2654,0.76957
2.351,0.76889
2.5133,0.69329
2.5906,0.77069
2.6657,0.69242
2.7388,0.77761
2.8099,0.69306
2.8793,0.677
2.9471,0.65603
3.0781,0.69256
3.1416,0.70329
3.2038,0.60858
3.2648,0.59987
3.3836,0.58194
3.4414,0.59074
3.5543,0.53772
3.6094,0.5695
3.6637,0.55804
3.7172,0.59779
3.7699,0.5234
3.8219,0.51225
3.8732,0.51647
3.9738,0.50724
4.0232,0.52377
4.072,0.49213
4.1202,0.52852
4.1678,0.51234
4.2149,0.45968
4.2615,0.45766
4.3531,0.48904
4.3982,0.45166
4.4429,0.42188
4.4871,0.44955
4.5309,0.42897
4.5742,0.44266
4.6172,0.40392
4.7019,0.43906
4.7437,0.43298
4.7851,0.4441
4.8262,0.38652
4.9073,0.39305
4.9474,0.37274
5.0265,0.39333
5.0657,0.38984
5.1045,0.39448
5.143,0.38454
5.1812,0.35293
5.2192,0.36317
5.2569,0.3335
5.3315,0.36522
5.3684,0.36477
5.405,0.33408
5.4414,0.38987
5.4776,0.29928
5.5135,0.33797
5.5492,0.35456
5.6199,0.33771
5.6549,0.33576
5.6897,0.30443
5.7243,0.32206
5.7586,0.31238
5.7928,0.29746
5.8268,0.31785
5.8942,0.31635
5.9275,0.30977
5.9608,0.30445
5.9938,0.29256
6.0593,0.329
6.0918,0.28017
6.1562,0.36951
6.1882,0.30557
6.22,0.28557
6.2517,0.31731
6.2832,0.29211
6.3145,0.30415
6.3457,0.24955
6.4076,0.28669
6.4383,0.26515
6.4689,0.27494
6.4994,0.26217
6.5297,0.25808
6.5598,0.25385
6.5899,0.25782
6.6791,0.27708
6.7086,0.26796
6.738,0.27042
6.7672,0.24309
6.7963,0.25929
6.8253,0.25462
6.8829,0.24862
6.9115,0.23827
6.94,0.246
6.9684,0.28394
7.0248,0.25841
7.0529,0.25708
7.1086,0.22834
7.1363,0.2286
7.1639,0.26756
7.1914,0.25067
7.2188,0.24671
7.2461,0.25899
7.2733,0.23117
7.3274,0.24058
7.3543,0.21987
7.3811,0.24314
7.4078,0.23911
7.4344,0.24777
7.4609,0.23192
7.4873,0.2404
7.566,0.21635
7.592,0.25165
7.618,0.2175
7.6696,0.21752
7.6953,0.21318
7.7719,0.18195
7.7972,0.22357
7.8225,0.25048
7.8978,0.24004
7.9725,0.19707
8.0218,0.23674
8.0464,0.17852
8.0709,0.22189
8.0953,0.23415
8.1439,0.19387
8.1923,0.20068
8.2403,0.26201
8.2642,0.16335
8.3828,0.14389
8.4063,0.17962
8.4532,0.2427
8.4765,0.2247
8.5461,0.17263
8.638,0.18634
8.7062,0.20723
8.7515,0.17676
8.8189,0.19319
8.8412,0.19471
8.9742,0.20565
9.0181,0.18164
9.17,0.21008
9.2557,0.15786
9.4248,0.17305
9.4457,0.18418
9.4457,0.1496
