0.62832,14.001
0.88858,25.495
1.0883,39.371
1.2566,38.219
1.405,27.407
1.5391,17.489
1.7772,9.8665
1.885,7.7752
1.9869,5.7298
2.0839,4.8509
2.1766,4.2359
2.2654,3.5838
2.351,3.4132
2.5133,2.4713
2.5906,2.1925
2.6657,1.9348
2.7388,1.7426
2.8099,1.6069
2.8793,1.5601
2.9471,1.4291
3.0781,1.19
3.1416,1.1575
3.2038,1.0243
3.2648,1.1201
3.3836,0.98023
3.4414,0.94603
3.5543,0.78889
3.6094,0.78107
3.6637,0.71051
3.7172,0.65164
3.7699,0.79435
3.8219,0.69986
3.8732,0.65922
3.9738,0.58271
4.0232,0.65175
4.072,0.57756
4.1202,0.56894
4.1678,0.5552
4.2149,0.566
4.2615,0.50738
4.3531,0.57625
4.3982,0.47832
4.4429,0.47343
4.4871,0.49479
4.5309,0.45916
4.5742,0.45355
4.6172,0.41271
4.7019,0.42608
4.7437,0.46169
4.7851,0.40114
4.8262,0.40465
4.9073,0.40201
4.9474,0.38693
5.0265,0.39692
5.0657,0.39905
5.1045,0.36185
5.143,0.35108
5.1812,0.3879
5.2192,0.35219
5.2569,0.33776
5.3315,0.3326
5.3684,0.33952
5.405,0.33278
5.4414,0.34451
5.4776,0.29104
5.5135,0.33892
5.5492,0.32639
5.6199,0.28902
5.6549,0.29615
5.6897,0.31107
5.7243,0.32126
5.7586,0.27914
5.7928,0.33403
5.8268,0.30585
5.8942,0.30091
5.9275,0.28157
5.9608,0.28796
5.9938,0.2955
6.0593,0.35313
6.0918,0.30805
6.1562,0.32231
6.1882,0.25798
6.22,0.26301
6.2517,0.23922
6.2832,0.25732
6.3145,0.24331
6.3457,0.27822
6.4076,0.23758
6.4383,0.24267
6.4689,0.25348
6.4994,0.24131
6.5297,0.244
6.5598,0.24137
6.5899,0.2372
6.6791,0.25741
6.7086,0.23118
6.738,0.25651
6.7672,0.2284
6.7963,0.24598
6.8253,0.23925
6.8829,0.24479
6.9115,0.24845
6.94,0.22892
6.9684,0.20125
7.0248,0.22283
7.0529,0.22279
7.1086,0.20914
7.1363,0.21978
7.1639,0.23749
7.1914,0.24919
7.2188,0.21206
7.2461,0.23395
7.2733,0.21301
7.3274,0.22701
7.3543,0.2329
7.3811,0.2396
7.4078,0.19956
7.4344,0.24982
7.4609,0.22202
7.4873,0.22108
7.566,0.20011
7.592,0.22837
7.618,0.19273
7.6696,0.19665
7.6953,0.19441
7.7719,0.21065
7.7972,0.19856
7.8225,0.21303
7.8978,0.19909
7.9725,0.1993
8.0218,0.22359
8.0464,0.24173
8.0709,0.19708
8.0953,0.1738
8.1439,0.16259
8.1923,0.18428
8.2403,0.20058
8.2642,0.20844
8.3828,0.16476
8.4063,0.2102
8.4532,0.21733
8.4765,0.22298
8.5461,0.21098
8.638,0.1783
8.7062,0.1906
8.7515,0.1777
8.8189,0.18858
8.8412,0.1514
8.9742,0.18966
9.0181,0.18121
9.17,0.20241
9.2557,0.16534
9.4248,0.20141
9.4457,0.15522
9.4457,0.16292
