0.62832,6.503
0.88858,11.526
1.0883,26.87
1.2566,85.656
1.405,115.52
1.5391,124.43
1.7772,35.848
1.885,22.48
1.9869,16.051
2.0839,13.39
2.1766,8.3989
2.2654,5.8692
2.351,4.8426
2.5133,5.7573
2.5906,3.9072
2.6657,3.1575
2.7388,2.4297
2.8099,2.4288
2.8793,1.9941
2.9471,1.9003
3.0781,1.5264
3.1416,1.368
3.2038,1.1556
3.2648,1.015
3.3836,0.94206
3.4414,0.94279
3.5543,0.79233
3.6094,0.7562
3.6637,0.68266
3.7172,0.70174
3.7699,0.74092
3.8219,0.84027
3.8732,0.68857
3.9738,0.7029
4.0232,0.61897
4.072,0.55527
4.1202,0.57004
4.1678,0.60362
4.2149,0.52885
4.2615,0.49491
4.3531,0.48694
4.3982,0.4735
4.4429,0.47058
4.4871,0.48317
4.5309,0.44447
4.5742,0.43315
4.6172,0.3982
4.7019,0.38333
4.7437,0.37574
4.7851,0.36189
4.8262,0.3876
4.9073,0.34021
4.9474,0.3209
5.0265,0.40076
5.0657,0.33279
5.1045,0.31589
5.143,0.29233
5.1812,0.29194
5.2192,0.29908
5.2569,0.25395
5.3315,0.28795
5.3684,0.29483
5.405,0.25978
5.4414,0.23884
5.4776,0.22494
5.5135,0.26065
5.5492,0.23234
5.6199,0.2565
5.6549,0.24713
5.6897,0.28567
5.7243,0.22696
5.7586,0.21954
5.7928,0.23531
5.8268,0.24014
5.8942,0.1938
5.9275,0.21668
5.9608,0.22119
5.9938,0.2867
6.0593,0.20247
6.0918,0.21675
6.1562,0.19332
6.1882,0.20613
6.22,0.17958
6.2517,0.20688
6.2832,0.22994
6.3145,0.21877
6.3457,0.20622
6.4076,0.20668
6.4383,0.20727
6.4689,0.22456
6.4994,0.20248
6.5297,0.22415
6.5598,0.19472
6.5899,0.19704
6.6791,0.20025
6.7086,0.17537
6.738,0.18781
6.7672,0.19513
6.7963,0.19353
6.8253,0.17783
6.8829,0.18823
6.9115,0.17954
6.94,0.19356
6.9684,0.16735
7.0248,0.1938
7.0529,0.17164
7.1086,0.19905
7.1363,0.17093
7.1639,0.23604
7.1914,0.18309
7.2188,0.1885
7.2461,0.1809
7.2733,0.1773
7.3274,0.14846
7.3543,0.17931
7.3811,0.14993
7.4078,0.16096
7.4344,0.17315
7.4609,0.17376
7.4873,0.13503
7.566,0.18102
7.592,0.15284
7.618,0.15586
7.6696,0.15926
7.6953,0.16996
7.7719,0.19497
7.7972,0.1672
7.8225,0.15484
7.8978,0.16519
7.9725,0.17335
8.0218,0.16281
8.0464,0.18315
8.0709,0.16147
8.0953,0.17306
8.1439,0.18112
8.1923,0.15532
8.2403,0.19321
8.2642,0.14596
8.3828,0.17205
8.4063,0.17143
8.4532,0.17885
8.4765,0.18936
8.5461,0.16264
8.638,0.14525
8.7062,0.136
8.7515,0.13888
8.8189,0.20798
8.8412,0.17059
8.9742,0.19919
9.0181,0.15313
9.17,0.15366
9.2557,0.16315
9.4248,0.20625
9.4457,0.1471
9.4457,0.13578
