0.62832,10.511
0.88858,20.241
1.0883,45.488
1.2566,67.18
1.405,52.958
1.5391,38.417
1.7772,14.9
1.885,10.046
1.9869,8.263
2.0839,6.5641
2.1766,5.7185
2.2654,4.7096
2.351,3.8112
2.5133,3.1028
2.5906,2.5594
2.6657,2.1977
2.7388,1.9256
2.8099,1.8819
2.8793,1.6032
2.9471,1.5962
3.0781,1.4119
3.1416,1.1681
3.2038,1.0761
3.2648,0.96566
3.3836,0.90082
3.4414,0.90692
3.5543,0.71462
3.6094,0.74252
3.6637,0.74221
3.7172,0.76191
3.7699,0.6984
3.8219,0.69191
3.8732,0.6114
3.9738,0.57569
4.0232,0.5978
4.072,0.59441
4.1202,0.56292
4.1678,0.46443
4.2149,0.5067
4.2615,0.48675
4.3531,0.4878
4.3982,0.4654
4.4429,0.4708
4.4871,0.42759
4.5309,0.41192
4.5742,0.40202
4.6172,0.41285
4.7019,0.41328
4.7437,0.39445
4.7851,0.41167
4.8262,0.36303
4.9073,0.36379
4.9474,0.3386
5.0265,0.30704
5.0657,0.35234
5.1045,0.32852
5.143,0.33062
5.1812,0.32981
5.2192,0.32459
5.2569,0.33333
5.3315,0.30819
5.3684,0.30739
5.405,0.31527
5.4414,0.31713
5.4776,0.29016
5.5135,0.28067
5.5492,0.28533
5.6199,0.29992
5.6549,0.26336
5.6897,0.30189
5.7243,0.2776
5.7586,0.29121
5.7928,0.28181
5.8268,0.2694
5.8942,0.27158
5.9275,0.24939
5.9608,0.24927
5.9938,0.28099
6.0593,0.25973
6.0918,0.25472
6.1562,0.2302
6.1882,0.25318
6.22,0.25426
6.2517,0.25909
6.2832,0.23858
6.3145,0.25122
6.3457,0.24744
6.4076,0.24644
6.4383,0.23995
6.4689,0.25487
6.4994,0.2378
6.5297,0.23755
6.5598,0.22527
6.5899,0.24224
6.6791,0.23452
6.7086,0.19858
6.738,0.23697
6.7672,0.22083
6.7963,0.22925
6.8253,0.23805
6.8829,0.22963
6.9115,0.22138
6.94,0.20844
6.9684,0.19821
7.0248,0.21762
7.0529,0.22961
7.1086,0.18853
7.1363,0.2122
7.1639,0.1926
7.1914,0.22362
7.2188,0.19355
7.2461,0.22779
7.2733,0.19192
7.3274,0.1936
7.3543,0.21533
7.3811,0.22457
7.4078,0.18975
7.4344,0.22126
7.4609,0.19016
7.4873,0.22122
7.566,0.1829
7.592,0.19662
7.618,0.18472
7.6696,0.19786
7.6953,0.21083
7.7719,0.2077
7.7972,0.21526
7.8225,0.1739
7.8978,0.19312
7.9725,0.18306
8.0218,0.21685
8.0464,0.21815
8.0709,0.2163
8.0953,0.1737
8.1439,0.17927
8.1923,0.16515
8.2403,0.18335
8.2642,0.19731
8.3828,0.18712
8.4063,0.16289
8.4532,0.20841
8.4765,0.17588
8.5461,0.18404
8.638,0.16956
8.7062,0.15582
8.7515,0.21733
8.8189,0.14218
8.8412,0.16748
8.9742,0.16277
9.0181,0.17207
9.17,0.1495
9.2557,0.16188
9.4248,0.15629
9.4457,0.17988
9.4457,0.18605
