0.62832,6.9982
0.88858,11.751
1.0883,24.649
1.2566,52.628
1.405,93.44
1.5391,86.613
1.7772,28.732
1.885,18.837
1.9869,15.89
2.0839,9.1911
2.1766,6.9933
2.2654,5.7763
2.351,5.0758
2.5133,3.8783
2.5906,3.3132
2.6657,2.7046
2.7388,2.3707
2.8099,2.3017
2.8793,1.9089
2.9471,1.6936
3.0781,1.3174
3.1416,1.2927
3.2038,1.1395
3.2648,1.1637
3.3836,0.9458
3.4414,0.90814
3.5543,0.84172
3.6094,0.68492
3.6637,0.69319
3.7172,0.68203
3.7699,0.69633
3.8219,0.68449
3.8732,0.60329
3.9738,0.54978
4.0232,0.53407
4.072,0.55926
4.1202,0.51507
4.1678,0.50502
4.2149,0.4609
4.2615,0.41306
4.3531,0.40747
4.3982,0.41879
4.4429,0.43046
4.4871,0.40347
4.5309,0.34338
4.5742,0.37061
4.6172,0.38861
4.7019,0.3334
4.7437,0.3471
4.7851,0.3469
4.8262,0.33041
4.9073,0.30111
4.9474,0.32531
5.0265,0.31046
5.0657,0.3103
5.1045,0.30226
5.143,0.29207
5.1812,0.29487
5.2192,0.29281
5.2569,0.27729
5.3315,0.26404
5.3684,0.2535
5.405,0.25876
5.4414,0.27643
5.4776,0.23185
5.5135,0.26129
5.5492,0.23871
5.6199,0.24592
5.6549,0.23888
5.6897,0.26306
5.7243,0.22513
5.7586,0.22936
5.7928,0.23863
5.8268,0.23742
5.8942,0.21877
5.9275,0.23238
5.9608,0.23816
5.9938,0.26095
6.0593,0.22728
6.0918,0.21505
6.1562,0.2179
6.1882,0.21728
6.22,0.20843
6.2517,0.20484
6.2832,0.23972
6.3145,0.22545
6.3457,0.24342
6.4076,0.21249
6.4383,0.21637
6.4689,0.21134
6.4994,0.22003
6.5297,0.24303
6.5598,0.19669
6.5899,0.19712
6.6791,0.20081
6.7086,0.19847
6.738,0.18937
6.7672,0.20331
6.7963,0.2219
6.8253,0.1833
6.8829,0.22133
6.9115,0.18368
6.94,0.19853
6.9684,0.2034
7.0248,0.19839
7.0529,0.19855
7.1086,0.19795
7.1363,0.18353
7.1639,0.18471
7.1914,0.18562
7.2188,0.18225
7.2461,0.17122
7.2733,0.20731
7.3274,0.19415
7.3543,0.1988
7.3811,0.14938
7.4078,0.17728
7.4344,0.2038
7.4609,0.19236
7.4873,0.17893
7.566,0.19521
7.592,0.17305
7.618,0.16575
7.6696,0.17175
7.6953,0.16643
7.7719,0.15989
7.7972,0.18922
7.8225,0.17633
7.8978,0.18218
7.9725,0.17917
8.0218,0.18787
8.0464,0.18723
8.0709,0.20122
8.0953,0.16508
8.1439,0.169
8.1923,0.17079
8.2403,0.20107
8.2642,0.16399
8.3828,0.21603
8.4063,0.14572
8.4532,0.16433
8.4765,0.1591
8.5461,0.17636
8.638,0.16701
8.7062,0.1458
8.7515,0.17639
8.8189,0.16989
8.8412,0.16351
8.9742,0.19887
9.0181,0.1605
9.17,0.17283
9.2557,0.12088
9.4248,0.13886
9.4457,0.14954
9.4457,0.14971
