0.62832,21.639
0.88858,27.005
1.0883,30.614
1.2566,20.25
1.405,15.361
1.5391,10.92
1.7772,7.0927
1.885,5.6493
1.9869,4.672
2.0839,3.7289
2.1766,3.1991
2.2654,2.862
2.351,2.5613
2.5133,1.9894
2.5906,1.9946
2.6657,1.8455
2.7388,1.616
2.8099,1.6846
2.8793,1.3203
2.9471,1.4103
3.0781,1.2369
3.1416,1.2364
3.2038,1.0605
3.2648,1.069
3.3836,0.94135
3.4414,0.88794
3.5543,0.84171
3.6094,0.80153
3.6637,0.71359
3.7172,0.6759
3.7699,0.72948
3.8219,0.69848
3.8732,0.6904
3.9738,0.61691
4.0232,0.62412
4.072,0.55679
4.1202,0.55381
4.1678,0.65942
4.2149,0.54784
4.2615,0.53
4.3531,0.52376
4.3982,0.53769
4.4429,0.52826
4.4871,0.51687
4.5309,0.47956
4.5742,0.44589
4.6172,0.45419
4.7019,0.41755
4.7437,0.45385
4.7851,0.45165
4.8262,0.43398
4.9073,0.43576
4.9474,0.42644
5.0265,0.40577
5.0657,0.40661
5.1045,0.37348
5.143,0.37366
5.1812,0.38748
5.2192,0.36744
5.2569,0.35859
5.3315,0.32281
5.3684,0.34641
5.405,0.33343
5.4414,0.37579
5.4776,0.31306
5.5135,0.33124
5.5492,0.32016
5.6199,0.31816
5.6549,0.33142
5.6897,0.31174
5.7243,0.29621
5.7586,0.30821
5.7928,0.32218
5.8268,0.32543
5.8942,0.30979
5.9275,0.31461
5.9608,0.28728
5.9938,0.2993
6.0593,0.26385
6.0918,0.27191
6.1562,0.32693
6.1882,0.28218
6.22,0.28026
6.2517,0.28501
6.2832,0.27612
6.3145,0.25805
6.3457,0.26505
6.4076,0.27041
6.4383,0.25042
6.4689,0.2687
6.4994,0.27295
6.5297,0.26707
6.5598,0.25851
6.5899,0.25436
6.6791,0.2639
6.7086,0.24288
6.738,0.21018
6.7672,0.23687
6.7963,0.25826
6.8253,0.23893
6.8829,0.27873
6.9115,0.21834
6.94,0.24996
6.9684,0.17773
7.0248,0.24146
7.0529,0.23282
7.1086,0.22727
7.1363,0.22389
7.1639,0.2697
7.1914,0.21151
7.2188,0.22466
7.2461,0.21659
7.2733,0.21278
7.3274,0.22709
7.3543,0.19616
7.3811,0.22731
7.4078,0.18227
7.4344,0.23521
7.4609,0.24845
7.4873,0.19444
7.566,0.21048
7.592,0.21991
7.618,0.20276
7.6696,0.20586
7.6953,0.19689
7.7719,0.24951
7.7972,0.22391
7.8225,0.1909
7.8978,0.21019
7.9725,0.20166
8.0218,0.16409
8.0464,0.20735
8.0709,0.19985
8.0953,0.17396
8.1439,0.17339
8.1923,0.1892
8.2403,0.19791
8.2642,0.22736
8.3828,0.16679
8.4063,0.19582
8.4532,0.21506
8.4765,0.18366
8.5461,0.17515
8.638,0.17298
8.7062,0.22727
8.7515,0.1943
8.8189,0.20321
8.8412,0.19844
8.9742,0.20364
9.0181,0.20007
9.17,0.17691
9.2557,0.17988
9.4248,0.20452
9.4457,0.18642
9.4457,0.18904
