0.62832,5.9495
0.88858,5.6124
1.0883,3.7379
1.2566,4.1282
1.405,3.2574
1.5391,3.4254
1.7772,2.5291
1.885,2.4139
1.9869,2.1919
2.0839,2.1045
2.1766,1.599
2.2654,1.9208
2.351,1.506
2.5133,1.5344
2.5906,1.3944
2.6657,1.3225
2.7388,1.202
2.8099,1.2381
2.8793,1.1255
2.9471,1.1774
3.0781,1.0626
3.1416,0.97169
3.2038,1.0096
3.2648,0.87452
3.3836,0.84203
3.4414,0.8598
3.5543,0.77783
3.6094,0.81787
3.6637,0.75396
3.7172,0.78302
3.7699,0.75607
3.8219,0.71232
3.8732,0.67667
3.9738,0.61275
4.0232,0.62632
4.072,0.64012
4.1202,0.52827
4.1678,0.55182
4.2149,0.59133
4.2615,0.55783
4.3531,0.56097
4.3982,0.51188
4.4429,0.49182
4.4871,0.494
4.5309,0.48481
4.5742,0.48128
4.6172,0.51279
4.7019,0.49861
4.7437,0.46955
4.7851,0.4451
4.8262,0.42419
4.9073,0.45605
4.9474,0.44178
5.0265,0.44147
5.0657,0.3898
5.1045,0.39491
5.143,0.38471
5.1812,0.38538
5.2192,0.3825
5.2569,0.37267
5.3315,0.36687
5.3684,0.37894
5.405,0.36561
5.4414,0.39847
5.4776,0.37165
5.5135,0.37719
5.5492,0.33704
5.6199,0.32142
5.6549,0.3506
5.6897,0.34883
5.7243,0.32867
5.7586,0.33479
5.7928,0.33749
5.8268,0.32315
5.8942,0.34534
5.9275,0.31422
5.9608,0.29109
5.9938,0.29133
6.0593,0.26441
6.0918,0.30645
6.1562,0.37224
6.1882,0.29487
6.22,0.27401
6.2517,0.27508
6.2832,0.28752
6.3145,0.29044
6.3457,0.26782
6.4076,0.27511
6.4383,0.28228
6.4689,0.25717
6.4994,0.26328
6.5297,0.27926
6.5598,0.28144
6.5899,0.24866
6.6791,0.25752
6.7086,0.24158
6.738,0.29022
6.7672,0.25729
6.7963,0.2613
6.8253,0.26773
6.8829,0.24167
6.9115,0.2383
6.94,0.21523
6.9684,0.22389
7.0248,0.25093
7.0529,0.24816
7.1086,0.237
7.1363,0.23846
7.1639,0.24022
7.1914,0.24213
7.2188,0.25068
7.2461,0.24716
7.2733,0.21795
7.3274,0.24869
7.3543,0.24379
7.3811,0.20668
7.4078,0.24366
7.4344,0.21232
7.4609,0.23413
7.4873,0.22296
7.566,0.22645
7.592,0.22827
7.618,0.23732
7.6696,0.21938
7.6953,0.22087
7.7719,0.23419
7.7972,0.22081
7.8225,0.22559
7.8978,0.21443
7.9725,0.21555
8.0218,0.19756
8.0464,0.22238
8.0709,0.19106
8.0953,0.18739
8.1439,0.19159
8.1923,0.19908
8.2403,0.23342
8.2642,0.20305
8.3828,0.19114
8.4063,0.19137
8.4532,0.25698
8.4765,0.19978
8.5461,0.20537
8.638,0.19173
8.7062,0.15753
8.7515,0.17161
8.8189,0.15495
8.8412,0.18141
8.9742,0.17164
9.0181,0.18232
9.17,0.17389
9.2557,0.16607
9.4248,0.14929
9.4457,0.17592
9.4457,0.14155
