0.62832,14.905
0.88858,25.217
1.0883,40.667
1.2566,46.847
1.405,33.247
1.5391,24.13
1.7772,10.894
1.885,8.494
1.9869,6.739
2.0839,5.3835
2.1766,4.9178
2.2654,3.563
2.351,3.075
2.5133,2.5063
2.5906,2.317
2.6657,2.0848
2.7388,1.8276
2.8099,1.7992
2.8793,1.4418
2.9471,1.4254
3.0781,1.2742
3.1416,1.1857
3.2038,1.1156
3.2648,1.031
3.3836,0.97998
3.4414,0.88208
3.5543,0.78367
3.6094,0.83578
3.6637,0.80629
3.7172,0.74622
3.7699,0.67213
3.8219,0.68697
3.8732,0.6064
3.9738,0.64488
4.0232,0.60278
4.072,0.61406
4.1202,0.59626
4.1678,0.52146
4.2149,0.50332
4.2615,0.53124
4.3531,0.56561
4.3982,0.51195
4.4429,0.44714
4.4871,0.49266
4.5309,0.44143
4.5742,0.44303
4.6172,0.41994
4.7019,0.4209
4.7437,0.3831
4.7851,0.41483
4.8262,0.37551
4.9073,0.39026
4.9474,0.37095
5.0265,0.38952
5.0657,0.37259
5.1045,0.36633
5.143,0.38361
5.1812,0.33199
5.2192,0.37584
5.2569,0.32653
5.3315,0.32249
5.3684,0.31622
5.405,0.33611
5.4414,0.28404
5.4776,0.31993
5.5135,0.3344
5.5492,0.30944
5.6199,0.30814
5.6549,0.2963
5.6897,0.31061
5.7243,0.35568
5.7586,0.29039
5.7928,0.31884
5.8268,0.29296
5.8942,0.2725
5.9275,0.29898
5.9608,0.26833
5.9938,0.26177
6.0593,0.22629
6.0918,0.25825
6.1562,0.23402
6.1882,0.27562
6.22,0.25644
6.2517,0.23688
6.2832,0.27731
6.3145,0.26384
6.3457,0.24113
6.4076,0.24614
6.4383,0.26179
6.4689,0.24821
6.4994,0.24721
6.5297,0.23338
6.5598,0.24883
6.5899,0.24946
6.6791,0.25544
6.7086,0.26431
6.738,0.22625
6.7672,0.22744
6.7963,0.21247
6.8253,0.21171
6.8829,0.24558
6.9115,0.19738
6.94,0.23365
6.9684,0.22792
7.0248,0.24232
7.0529,0.23468
7.1086,0.20903
7.1363,0.2045
7.1639,0.19113
7.1914,0.21367
7.2188,0.20919
7.2461,0.22073
7.2733,0.2322
7.3274,0.20224
7.3543,0.22346
7.3811,0.23139
7.4078,0.19333
7.4344,0.20405
7.4609,0.24138
7.4873,0.18551
7.566,0.21233
7.592,0.19605
7.618,0.21168
7.6696,0.19393
7.6953,0.21994
7.7719,0.20863
7.7972,0.18138
7.8225,0.19424
7.8978,0.2169
7.9725,0.1962
8.0218,0.20413
8.0464,0.22877
8.0709,0.23021
8.0953,0.18148
8.1439,0.17135
8.1923,0.1957
8.2403,0.18803
8.2642,0.21231
8.3828,0.18896
8.4063,0.16979
8.4532,0.19101
8.4765,0.18484
8.5461,0.18757
8.638,0.17124
8.7062,0.21666
8.7515,0.18417
8.8189,0.19847
8.8412,0.18587
8.9742,0.17585
9.0181,0.17494
9.17,0.16733
9.2557,0.17667
9.4248,0.15994
9.4457,0.13788
9.4457,0.1955
