0.62832,6.1491
0.88858,11.115
1.0883,19.078
1.2566,56.021
1.405,88.944
1.5391,70.613
1.7772,27.378
1.885,17.656
1.9869,13.31
2.0839,9.5107
2.1766,7.3898
2.2654,5.9002
2.351,4.2356
2.5133,3.7256
2.5906,3.1154
2.6657,2.8192
2.7388,2.5338
2.8099,2.2646
2.8793,1.8523
2.9471,1.6006
3.0781,1.3112
3.1416,1.1916
3.2038,1.1506
3.2648,0.93311
3.3836,0.87833
3.4414,0.8559
3.5543,0.8202
3.6094,0.74038
3.6637,0.72034
3.7172,0.63648
3.7699,0.63774
3.8219,0.61234
3.8732,0.58037
3.9738,0.57823
4.0232,0.53036
4.072,0.48073
4.1202,0.52805
4.1678,0.56051
4.2149,0.48129
4.2615,0.4966
4.3531,0.39362
4.3982,0.43218
4.4429,0.44256
4.4871,0.40905
4.5309,0.37917
4.5742,0.37128
4.6172,0.38169
4.7019,0.34451
4.7437,0.33053
4.7851,0.3478
4.8262,0.34432
4.9073,0.31532
4.9474,0.30395
5.0265,0.34966
5.0657,0.29954
5.1045,0.30182
5.143,0.27749
5.1812,0.2971
5.2192,0.29267
5.2569,0.28745
5.3315,0.27936
5.3684,0.28984
5.405,0.2839
5.4414,0.27597
5.4776,0.25515
5.5135,0.26282
5.5492,0.25477
5.6199,0.26361
5.6549,0.24176
5.6897,0.27565
5.7243,0.25062
5.7586,0.21797
5.7928,0.25968
5.8268,0.24225
5.8942,0.20216
5.9275,0.22552
5.9608,0.22662
5.9938,0.26301
6.0593,0.23167
6.0918,0.24007
6.1562,0.19865
6.1882,0.2124
6.22,0.21826
6.2517,0.18924
6.2832,0.22172
6.3145,0.2085
6.3457,0.22474
6.4076,0.21136
6.4383,0.21938
6.4689,0.22122
6.4994,0.21242
6.5297,0.19492
6.5598,0.18838
6.5899,0.2063
6.6791,0.21087
6.7086,0.19654
6.738,0.22522
6.7672,0.2153
6.7963,0.18854
6.8253,0.20982
6.8829,0.21429
6.9115,0.19952
6.94,0.20023
6.9684,0.19435
7.0248,0.22016
7.0529,0.19272
7.1086,0.20941
7.1363,0.18938
7.1639,0.22284
7.1914,0.17483
7.2188,0.17148
7.2461,0.18763
7.2733,0.19288
7.3274,0.19396
7.3543,0.18034
7.3811,0.15471
7.4078,0.20996
7.4344,0.2175
7.4609,0.19835
7.4873,0.20455
7.566,0.18849
7.592,0.16138
7.618,0.16346
7.6696,0.17895
7.6953,0.18037
7.7719,0.1574
7.7972,0.18919
7.8225,0.18008
7.8978,0.19919
7.9725,0.19493
8.0218,0.19086
8.0464,0.18032
8.0709,0.17801
8.0953,0.2072
8.1439,0.16354
8.1923,0.19066
8.2403,0.16097
8.2642,0.18856
8.3828,0.16485
8.4063,0.17199
8.4532,0.15593
8.4765,0.17056
8.5461,0.16353
8.638,0.17929
8.7062,0.16989
8.7515,0.19705
8.8189,0.18813
8.8412,0.18334
8.9742,0.16419
9.0181,0.13546
9.17,0.14101
9.2557,0.18196
9.4248,0.14407
9.4457,0.1453
9.4457,0.14262
