0.62832,6.6179
0.88858,12.217
1.0883,16.803
1.2566,57.91
1.405,92.079
1.5391,116.24
1.7772,28.075
1.885,18.343
1.9869,15.439
2.0839,10.907
2.1766,8.5221
2.2654,6.2864
2.351,5.0725
2.5133,4.5674
2.5906,3.4453
2.6657,2.8173
2.7388,2.9668
2.8099,2.1812
2.8793,2.274
2.9471,1.8632
3.0781,1.4889
3.1416,1.2863
3.2038,1.1704
3.2648,1.0828
3.3836,0.94886
3.4414,0.91563
3.5543,0.81183
3.6094,0.78447
3.6637,0.67913
3.7172,0.69671
3.7699,0.65616
3.8219,0.68379
3.8732,0.59535
3.9738,0.59244
4.0232,0.56865
4.072,0.55893
4.1202,0.55679
4.1678,0.49504
4.2149,0.47942
4.2615,0.49045
4.3531,0.40048
4.3982,0.41156
4.4429,0.42059
4.4871,0.39707
4.5309,0.38868
4.5742,0.37784
4.6172,0.39464
4.7019,0.36871
4.7437,0.36058
4.7851,0.36598
4.8262,0.3348
4.9073,0.32937
4.9474,0.31583
5.0265,0.35231
5.0657,0.29799
5.1045,0.28075
5.143,0.30693
5.1812,0.29813
5.2192,0.30133
5.2569,0.25773
5.3315,0.27509
5.3684,0.25463
5.405,0.25769
5.4414,0.23471
5.4776,0.22602
5.5135,0.23846
5.5492,0.2535
5.6199,0.25556
5.6549,0.2425
5.6897,0.25796
5.7243,0.23956
5.7586,0.22797
5.7928,0.23908
5.8268,0.23618
5.8942,0.18344
5.9275,0.22102
5.9608,0.22406
5.9938,0.24958
6.0593,0.21073
6.0918,0.2209
6.1562,0.22291
6.1882,0.19599
6.22,0.1858
6.2517,0.19715
6.2832,0.21605
6.3145,0.22014
6.3457,0.20329
6.4076,0.21551
6.4383,0.20635
6.4689,0.21097
6.4994,0.19622
6.5297,0.19273
6.5598,0.21092
6.5899,0.20277
6.6791,0.21873
6.7086,0.19381
6.738,0.16972
6.7672,0.19789
6.7963,0.19998
6.8253,0.21779
6.8829,0.20069
6.9115,0.19261
6.94,0.1947
6.9684,0.14797
7.0248,0.19652
7.0529,0.18972
7.1086,0.19139
7.1363,0.18053
7.1639,0.18597
7.1914,0.20749
7.2188,0.17547
7.2461,0.1455
7.2733,0.16991
7.3274,0.19673
7.3543,0.15521
7.3811,0.16573
7.4078,0.17825
7.4344,0.1701
7.4609,0.18721
7.4873,0.1313
7.566,0.16898
7.592,0.17298
7.618,0.15873
7.6696,0.17303
7.6953,0.16963
7.7719,0.18865
7.7972,0.17639
7.8225,0.17409
7.8978,0.1948
7.9725,0.18763
8.0218,0.16666
8.0464,0.14692
8.0709,0.17988
8.0953,0.13155
8.1439,0.16552
8.1923,0.16656
8.2403,0.16788
8.2642,0.1613
8.3828,0.19257
8.4063,0.17271
8.4532,0.17239
8.4765,0.1885
8.5461,0.16094
8.638,0.16414
8.7062,0.16479
8.7515,0.14221
8.8189,0.18717
8.8412,0.15469
8.9742,0.16289
9.0181,0.18387
9.17,0.16393
9.2557,0.13763
9.4248,0.19402
9.4457,0.16777
9.4457,0.13357
