0.62832,5.9014
0.88858,9.4356
1.0883,26.984
1.2566,100.33
1.405,134.91
1.5391,120.16
1.7772,33.603
1.885,20.951
1.9869,16.295
2.0839,13.89
2.1766,8.5139
2.2654,6.2196
2.351,5.0255
2.5133,6.4299
2.5906,4.1286
2.6657,3.2594
2.7388,2.6595
2.8099,2.3758
2.8793,2.3315
2.9471,1.6725
3.0781,1.2985
3.1416,1.2775
3.2038,1.2022
3.2648,1.0474
3.3836,0.95966
3.4414,0.84594
3.5543,0.74688
3.6094,0.78331
3.6637,0.72467
3.7172,0.68943
3.7699,0.77617
3.8219,0.88072
3.8732,0.65787
3.9738,0.64617
4.0232,0.63952
4.072,0.5817
4.1202,0.57198
4.1678,0.60164
4.2149,0.54734
4.2615,0.52182
4.3531,0.55063
4.3982,0.51688
4.4429,0.49686
4.4871,0.50923
4.5309,0.45876
4.5742,0.47913
4.6172,0.4427
4.7019,0.36217
4.7437,0.43034
4.7851,0.39709
4.8262,0.37418
4.9073,0.3345
4.9474,0.34247
5.0265,0.44048
5.0657,0.33134
5.1045,0.31948
5.143,0.31319
5.1812,0.32437
5.2192,0.3344
5.2569,0.24758
5.3315,0.2863
5.3684,0.27869
5.405,0.25477
5.4414,0.24139
5.4776,0.24623
5.5135,0.25678
5.5492,0.25643
5.6199,0.25522
5.6549,0.25591
5.6897,0.28063
5.7243,0.27416
5.7586,0.23722
5.7928,0.23989
5.8268,0.25789
5.8942,0.17227
5.9275,0.21997
5.9608,0.23201
5.9938,0.22192
6.0593,0.23158
6.0918,0.23117
6.1562,0.19297
6.1882,0.19299
6.22,0.20991
6.2517,0.19975
6.2832,0.23853
6.3145,0.22981
6.3457,0.21574
6.4076,0.20897
6.4383,0.21836
6.4689,0.21703
6.4994,0.20017
6.5297,0.19701
6.5598,0.18452
6.5899,0.19139
6.6791,0.19042
6.7086,0.17818
6.738,0.18275
6.7672,0.20894
6.7963,0.18469
6.8253,0.18922
6.8829,0.20356
6.9115,0.17532
6.94,0.16783
6.9684,0.14914
7.0248,0.19673
7.0529,0.18439
7.1086,0.17526
7.1363,0.17477
7.1639,0.22027
7.1914,0.19061
7.2188,0.16952
7.2461,0.16448
7.2733,0.18322
7.3274,0.17413
7.3543,0.13873
7.3811,0.14067
7.4078,0.1353
7.4344,0.11961
7.4609,0.18881
7.4873,0.11268
7.566,0.16028
7.592,0.15407
7.618,0.16582
7.6696,0.16586
7.6953,0.17879
7.7719,0.14964
7.7972,0.16376
7.8225,0.15981
7.8978,0.18594
7.9725,0.1817
8.0218,0.19151
8.0464,0.17299
8.0709,0.17903
8.0953,0.19617
8.1439,0.1663
8.1923,0.16168
8.2403,0.12969
8.2642,0.18384
8.3828,0.18883
8.4063,0.14343
8.4532,0.1577
8.4765,0.174
8.5461,0.14879
8.638,0.16535
8.7062,0.16511
8.7515,0.16619
8.8189,0.19108
8.8412,0.16319
8.9742,0.17405
9.0181,0.14863
9.17,0.16145
9.2557,0.13999
9.4248,0.20146
9.4457,0.15184
9.4457,0.17071
