1,1,1,1,1,1,1,1,1,1,1,1,1,1,1,1,1,1,1,1,1,1,1,1,1,1,1,1,1,1,1,1,1,1,1,1,1,1,1,1,1,1,1,1,1,1,1,1,1,1
0.8321,0.83231,0.83289,0.83375,0.83471,0.83555,0.83599,0.83583,0.83496,0.83354,0.83192,0.83056,0.82989,0.83012,0.83117,0.83273,0.83431,0.83548,0.83599,0.83583,0.83516,0.83423,0.8333,0.83256,0.83215,0.83215,0.83256,0.8333,0.83423,0.83516,0.83583,0.83599,0.83548,0.83431,0.83273,0.83117,0.83012,0.82989,0.83056,0.83192,0.83354,0.83496,0.83583,0.83599,0.83555,0.83471,0.83375,0.83289,0.83231,0.8321
0.45316,0.45319,0.45292,0.45116,0.44624,0.43772,0.42773,0.41892,0.41226,0.40758,0.40448,0.40264,0.40188,0.40214,0.40342,0.40586,0.4097,0.41532,0.42308,0.43271,0.44235,0.44918,0.45233,0.45315,0.45317,0.45317,0.45315,0.45233,0.44918,0.44235,0.43271,0.42308,0.41532,0.4097,0.40586,0.40342,0.40214,0.40188,0.40264,0.40448,0.40758,0.41226,0.41892,0.42773,0.43772,0.44624,0.45116,0.45292,0.45319,0.45316
0.30494,0.30485,0.3032,0.29644,0.28522,0.27541,0.26868,0.26409,0.26084,0.25852,0.25693,0.25597,0.25557,0.2557,0.25638,0.25764,0.25958,0.26233,0.26618,0.27171,0.27991,0.29099,0.30064,0.30443,0.30494,0.30494,0.30443,0.30064,0.29099,0.27991,0.27171,0.26618,0.26233,0.25958,0.25764,0.25638,0.2557,0.25557,0.25597,0.25693,0.25852,0.26084,0.26409,0.26868,0.27541,0.28522,0.29644,0.3032,0.30485,0.30494
0.23252,0.23224,0.22803,0.21661,0.2066,0.20038,0.19626,0.19331,0.19118,0.18964,0.18859,0.18796,0.18769,0.18778,0.18823,0.18906,0.19034,0.19216,0.19467,0.19813,0.20314,0.21104,0.22279,0.23108,0.2325,0.2325,0.23108,0.22279,0.21104,0.20314,0.19813,0.19467,0.19216,0.19034,0.18906,0.18823,0.18778,0.18769,0.18796,0.18859,0.18964,0.19118,0.19331,0.19626,0.20038,0.2066,0.21661,0.22803,0.23224,0.23252
0.18711,0.18654,0.179,0.16724,0.16024,0.15594,0.15296,0.15082,0.14925,0.14813,0.14735,0.14688,0.14668,0.14675,0.14708,0.1477,0.14864,0.14997,0.15181,0.15433,0.15788,0.16325,0.17261,0.18418,0.18708,0.18708,0.18418,0.17261,0.16325,0.15788,0.15433,0.15181,0.14997,0.14864,0.1477,0.14708,0.14675,0.14668,0.14688,0.14735,0.14813,0.14925,0.15082,0.15296,0.15594,0.16024,0.16724,0.179,0.18654,0.18711
0.15485,0.15381,0.14357,0.13397,0.12886,0.12558,0.12328,0.1216,0.12036,0.11946,0.11883,0.11845,0.11828,0.11834,0.11861,0.11911,0.11987,0.12093,0.12237,0.12433,0.12707,0.13109,0.13795,0.14996,0.15478,0.15478,0.14996,0.13795,0.13109,0.12707,0.12433,0.12237,0.12093,0.11987,0.11911,0.11861,0.11834,0.11828,0.11845,0.11883,0.11946,0.12036,0.1216,0.12328,0.12558,0.12886,0.13397,0.14357,0.15381,0.15485
0.13,0.12835,0.11693,0.10956,0.10558,0.10296,0.10109,0.099701,0.098657,0.097881,0.097333,0.096993,0.096849,0.096897,0.097138,0.09758,0.098238,0.099142,0.10034,0.10195,0.10415,0.10734,0.11255,0.12314,0.12989,0.12989,0.12314,0.11255,0.10734,0.10415,0.10195,0.10034,0.099142,0.098238,0.09758,0.097138,0.096897,0.096849,0.096993,0.097333,0.097881,0.098657,0.099701,0.10109,0.10296,0.10558,0.10956,0.11693,0.12835,0.13
0.10988,0.1075,0.096257,0.090549,0.087326,0.08516,0.08358,0.082376,0.081447,0.080743,0.080239,0.079922,0.079787,0.079832,0.080058,0.080467,0.081069,0.081881,0.082939,0.084313,0.086149,0.088758,0.092895,0.10153,0.10972,0.10972,0.10153,0.092895,0.088758,0.086149,0.084313,0.082939,0.081881,0.081069,0.080467,0.080058,0.079832,0.079787,0.079922,0.080239,0.080743,0.081447,0.082376,0.08358,0.08516,0.087326,0.090549,0.096257,0.1075,0.10988
0.093077,0.089949,0.079731,0.075183,0.072519,0.07068,0.069298,0.068213,0.067354,0.066691,0.06621,0.065905,0.065774,0.065818,0.066035,0.066428,0.067,0.067758,0.068724,0.069945,0.071527,0.073709,0.077085,0.083945,0.092861,0.092861,0.083945,0.077085,0.073709,0.071527,0.069945,0.068724,0.067758,0.067,0.066428,0.066035,0.065818,0.065774,0.065905,0.06621,0.066691,0.067354,0.068213,0.069298,0.07068,0.072519,0.075183,0.079731,0.089949,0.093077
0.078799,0.075006,0.066202,0.062502,0.060263,0.058666,0.057422,0.056417,0.055605,0.054967,0.054499,0.0542,0.054072,0.054114,0.054328,0.054712,0.055265,0.055989,0.056894,0.058009,0.059408,0.061271,0.064069,0.069525,0.078517,0.078517,0.069525,0.064069,0.061271,0.059408,0.058009,0.056894,0.055989,0.055265,0.054712,0.054328,0.054114,0.054072,0.0542,0.054499,0.054967,0.055605,0.056417,0.057422,0.058666,0.060263,0.062502,0.066202,0.075006,0.078799
0.06655,0.062283,0.054959,0.051909,0.050001,0.048587,0.047448,0.046504,0.045726,0.045109,0.044652,0.044359,0.044233,0.044275,0.044485,0.04486,0.045398,0.046095,0.046954,0.04799,0.049251,0.050869,0.053213,0.057596,0.066198,0.066198,0.057596,0.053213,0.050869,0.049251,0.04799,0.046954,0.046095,0.045398,0.04486,0.044485,0.044275,0.044233,0.044359,0.044652,0.045109,0.045726,0.046504,0.047448,0.048587,0.050001,0.051909,0.054959,0.062283,0.06655
0.055997,0.051499,0.045536,0.043003,0.041359,0.040091,0.039038,0.038146,0.037403,0.036809,0.036369,0.036086,0.035964,0.036004,0.036207,0.03657,0.037088,0.037756,0.038573,0.039542,0.040692,0.042115,0.044097,0.047652,0.055573,0.055573,0.047652,0.044097,0.042115,0.040692,0.039542,0.038573,0.037756,0.037088,0.03657,0.036207,0.036004,0.035964,0.036086,0.036369,0.036809,0.037403,0.038146,0.039038,0.040091,0.041359,0.043003,0.045536,0.051499,0.055997
0.046899,0.042408,0.03761,0.035497,0.034066,0.03292,0.031945,0.031108,0.030407,0.029846,0.029429,0.029163,0.029048,0.029086,0.029277,0.029619,0.030108,0.03074,0.03151,0.032414,0.033468,0.034732,0.036419,0.039321,0.046407,0.046407,0.039321,0.036419,0.034732,0.033468,0.032414,0.03151,0.03074,0.030108,0.029619,0.029277,0.029086,0.029048,0.029163,0.029429,0.029846,0.030407,0.031108,0.031945,0.03292,0.034066,0.035497,0.03761,0.042408,0.046899
0.039073,0.034781,0.030941,0.02917,0.027917,0.02688,0.025981,0.025206,0.024557,0.02404,0.02366,0.023418,0.023314,0.023349,0.023521,0.023833,0.024281,0.024865,0.025578,0.026415,0.027379,0.028507,0.029952,0.032332,0.038523,0.038523,0.032332,0.029952,0.028507,0.027379,0.026415,0.025578,0.024865,0.024281,0.023833,0.023521,0.023349,0.023314,0.023418,0.02366,0.02404,0.024557,0.025206,0.025981,0.02688,0.027917,0.02917,0.030941,0.034781,0.039073
0.032374,0.028411,0.025343,0.023853,0.022751,0.021814,0.020993,0.020287,0.019703,0.019243,0.01891,0.0187,0.018611,0.018641,0.01879,0.019061,0.019457,0.01998,0.020626,0.021389,0.022267,0.023275,0.02452,0.026475,0.031777,0.031777,0.026475,0.02452,0.023275,0.022267,0.021389,0.020626,0.01998,0.019457,0.019061,0.01879,0.018641,0.018611,0.0187,0.01891,0.019243,0.019703,0.020287,0.020993,0.021814,0.022751,0.023853,0.025343,0.028411,0.032374
0.026678,0.023118,0.020664,0.019406,0.018434,0.017591,0.016853,0.016225,0.015714,0.015323,0.015045,0.014873,0.014801,0.014825,0.014946,0.01517,0.015504,0.015955,0.016524,0.017209,0.017999,0.018899,0.019977,0.021588,0.02605,0.02605,0.021588,0.019977,0.018899,0.017999,0.017209,0.016524,0.015955,0.015504,0.01517,0.014946,0.014825,0.014801,0.014873,0.015045,0.015323,0.015714,0.016225,0.016853,0.017591,0.018434,0.019406,0.020664,0.023118,0.026678
0.021879,0.018748,0.016781,0.015712,0.014854,0.014101,0.013448,0.012904,0.012475,0.012157,0.011939,0.011808,0.011755,0.011772,0.011863,0.012036,0.012302,0.012675,0.013162,0.013762,0.014466,0.015268,0.016203,0.017536,0.021237,0.021237,0.017536,0.016203,0.015268,0.014466,0.013762,0.013162,0.012675,0.012302,0.012036,0.011863,0.011772,0.011755,0.011808,0.011939,0.012157,0.012475,0.012904,0.013448,0.014101,0.014854,0.015712,0.016781,0.018748,0.021879
0.017878,0.015167,0.013584,0.012671,0.011914,0.011248,0.01068,0.010222,0.009877,0.0096338,0.0094762,0.0093863,0.0093505,0.0093623,0.0094238,0.0095455,0.0097436,0.010036,0.010437,0.010951,0.01157,0.01228,0.013096,0.014204,0.017238,0.017238,0.014204,0.013096,0.01228,0.01157,0.010951,0.010437,0.010036,0.0097436,0.0095455,0.0094238,0.0093623,0.0093505,0.0093863,0.0094762,0.0096338,0.009877,0.010222,0.01068,0.011248,0.011914,0.012671,0.013584,0.015167,0.017878
0.014582,0.012261,0.010979,0.010194,0.0095262,0.0089425,0.008459,0.0080869,0.0078229,0.0076509,0.0075489,0.0074958,0.007476,0.0074824,0.0075174,0.0075926,0.0077267,0.0079422,0.0082589,0.0086872,0.009223,0.0098499,0.010564,0.011491,0.013959,0.013959,0.011491,0.010564,0.0098499,0.009223,0.0086872,0.0082589,0.0079422,0.0077267,0.0075926,0.0075174,0.0074824,0.007476,0.0074958,0.0075489,0.0076509,0.0078229,0.0080869,0.008459,0.0089425,0.0095262,0.010194,0.010979,0.012261,0.014582
0.011902,0.0099266,0.0088787,0.0081995,0.0076114,0.0071057,0.0067031,0.0064119,0.0062226,0.0061136,0.006059,0.0060361,0.0060292,0.0060313,0.0060448,0.0060811,0.0061597,0.0063057,0.0065438,0.0068906,0.0073469,0.0078963,0.0085229,0.0093057,0.011306,0.011306,0.0093057,0.0085229,0.0078963,0.0073469,0.0068906,0.0065438,0.0063057,0.0061597,0.0060811,0.0060448,0.0060313,0.0060292,0.0060361,0.006059,0.0061136,0.0062226,0.0064119,0.0067031,0.0071057,0.0076114,0.0081995,0.0088787,0.0099266,0.011902
0.0097494,0.0080706,0.007205,0.006613,0.0060964,0.0056636,0.0053365,0.0051187,0.0049943,0.004937,0.0049191,0.0049184,0.0049205,0.0049197,0.0049177,0.0049247,0.0049591,0.0050463,0.0052145,0.0054861,0.0058678,0.0063458,0.006897,0.0075649,0.0091876,0.0091876,0.0075649,0.006897,0.0063458,0.0058678,0.0054861,0.0052145,0.0050463,0.0049591,0.0049247,0.0049177,0.0049197,0.0049205,0.0049184,0.0049191,0.004937,0.0049943,0.0051187,0.0053365,0.0056636,0.0060964,0.006613,0.007205,0.0080706,0.0097494
0.0080413,0.0066096,0.005885,0.0053656,0.0049133,0.0045479,0.0042896,0.0041357,0.0040644,0.004046,0.0040531,0.0040659,0.0040733,0.0040707,0.0040597,0.0040478,0.0040504,0.0040915,0.0042006,0.0044049,0.004718,0.0051305,0.0056161,0.0061921,0.0075164,0.0075164,0.0061921,0.0056161,0.0051305,0.004718,0.0044049,0.0042006,0.0040915,0.0040504,0.0040478,0.0040597,0.0040707,0.0040733,0.0040659,0.0040531,0.004046,0.0040644,0.0041357,0.0042896,0.0045479,0.0049133,0.0053656,0.005885,0.0066096,0.0080413
0.0066988,0.0054685,0.004853,0.0043947,0.0040005,0.0036965,0.0034991,0.0033986,0.0033678,0.0033754,0.0033962,0.0034148,0.0034238,0.0034207,0.0034064,0.0033853,0.0033686,0.0033765,0.0034382,0.0035845,0.0038356,0.0041883,0.0046162,0.0051184,0.0062103,0.0062103,0.0051184,0.0046162,0.0041883,0.0038356,0.0035845,0.0034382,0.0033765,0.0033686,0.0033853,0.0034064,0.0034207,0.0034238,0.0034148,0.0033962,0.0033754,0.0033678,0.0033986,0.0034991,0.0036965,0.0040005,0.0043947,0.004853,0.0054685,0.0066988
0.0056499,0.0045809,0.0040503,0.0036442,0.0033024,0.0030538,0.0029088,0.0028508,0.0028482,0.00287,0.0028951,0.0029131,0.002921,0.0029183,0.0029053,0.002883,0.0028576,0.0028447,0.0028708,0.0029689,0.0031651,0.0034634,0.0038404,0.0042826,0.005195,0.005195,0.0042826,0.0038404,0.0034634,0.0031651,0.0029689,0.0028708,0.0028447,0.0028576,0.002883,0.0029053,0.0029183,0.002921,0.0029131,0.0028951,0.00287,0.0028482,0.0028508,0.0029088,0.0030538,0.0033024,0.0036442,0.0040503,0.0045809,0.0056499
0.0048307,0.0038898,0.003426,0.0030651,0.0027706,0.002571,0.0024699,0.0024438,0.0024583,0.0024847,0.0025068,0.00252,0.002525,0.0025234,0.0025145,0.0024968,0.0024713,0.002448,0.0024496,0.0025092,0.002658,0.0029075,0.0032389,0.0036316,0.0044057,0.0044057,0.0036316,0.0032389,0.0029075,0.002658,0.0025092,0.0024496,0.002448,0.0024713,0.0024968,0.0025145,0.0025234,0.002525,0.00252,0.0025068,0.0024847,0.0024583,0.0024438,0.0024699,0.002571,0.0027706,0.0030651,0.003426,0.0038898,0.0048307
0.0041863,0.0033475,0.0029373,0.0026159,0.002364,0.0022071,0.0021413,0.0021372,0.0021596,0.0021835,0.0021983,0.0022044,0.0022058,0.0022054,0.0022022,0.0021922,0.0021724,0.002147,0.0021338,0.0021642,0.0022731,0.0024792,0.0027699,0.0031208,0.0037874,0.0037874,0.0031208,0.0027699,0.0024792,0.0022731,0.0021642,0.0021338,0.002147,0.0021724,0.0021922,0.0022022,0.0022054,0.0022058,0.0022044,0.0021983,0.0021835,0.0021596,0.0021372,0.0021413,0.0022071,0.002364,0.0026159,0.0029373,0.0033475,0.0041863
0.0036716,0.0029154,0.0025491,0.0022629,0.0020489,0.0019283,0.0018897,0.0018992,0.0019224,0.0019391,0.0019447,0.0019435,0.0019417,0.0019424,0.0019446,0.0019431,0.0019321,0.0019107,0.0018908,0.0019006,0.0019769,0.0021449,0.002399,0.0027141,0.0032955,0.0032955,0.0027141,0.002399,0.0021449,0.0019769,0.0019006,0.0018908,0.0019107,0.0019321,0.0019431,0.0019446,0.0019424,0.0019417,0.0019435,0.0019447,0.0019391,0.0019224,0.0018992,0.0018897,0.0019283,0.0020489,0.0022629,0.0025491,0.0029154,0.0036716
0.0032506,0.0025632,0.002234,0.0019792,0.0017988,0.0017085,0.0016897,0.0017056,0.0017245,0.001732,0.0017287,0.0017215,0.0017172,0.0017187,0.0017251,0.0017313,0.0017299,0.001716,0.0016957,0.0016923,0.0017428,0.001878,0.0020993,0.0023829,0.0028952,0.0028952,0.0023829,0.0020993,0.001878,0.0017428,0.0016923,0.0016957,0.001716,0.0017299,0.0017313,0.0017251,0.0017187,0.0017172,0.0017215,0.0017287,0.001732,0.0017245,0.0017056,0.0016897,0.0017085,0.0017988,0.0019792,0.002234,0.0025632,0.0032506
0.0028964,0.0022683,0.0019713,0.0017447,0.0015938,0.001528,0.0015226,0.0015393,0.0015509,0.0015491,0.0015386,0.0015277,0.001522,0.001524,0.0015328,0.0015444,0.0015515,0.0015467,0.0015304,0.0015202,0.0015512,0.0016584,0.0018504,0.0021061,0.0025605,0.0025605,0.0021061,0.0018504,0.0016584,0.0015512,0.0015202,0.0015304,0.0015467,0.0015515,0.0015444,0.0015328,0.001524,0.001522,0.0015277,0.0015386,0.0015491,0.0015509,0.0015393,0.0015226,0.001528,0.0015938,0.0017447,0.0019713,0.0022683,0.0028964
0.0025895,0.0020146,0.0017461,0.001545,0.0014197,0.0013733,0.0013757,0.0013893,0.0013924,0.0013826,0.0013677,0.0013554,0.0013496,0.0013516,0.0013608,0.0013752,0.0013887,0.0013927,0.001383,0.0013709,0.001388,0.0014718,0.0016377,0.0018682,0.0022728,0.0022728,0.0018682,0.0016377,0.0014718,0.001388,0.0013709,0.001383,0.0013927,0.0013887,0.0013752,0.0013608,0.0013516,0.0013496,0.0013554,0.0013677,0.0013826,0.0013924,0.0013893,0.0013757,0.0013733,0.0014197,0.001545,0.0017461,0.0020146,0.0025895
0.0023169,0.0017912,0.0015484,0.0013703,0.001267,0.0012353,0.0012413,0.0012494,0.0012442,0.0012287,0.0012122,0.0012008,0.001196,0.0011976,0.0012056,0.00122,0.0012371,0.0012486,0.0012466,0.0012361,0.0012439,0.0013085,0.0014514,0.001659,0.0020198,0.0020198,0.001659,0.0014514,0.0013085,0.0012439,0.0012361,0.0012466,0.0012486,0.0012371,0.00122,0.0012056,0.0011976,0.001196,0.0012008,0.0012122,0.0012287,0.0012442,0.0012494,0.0012413,0.0012353,0.001267,0.0013703,0.0015484,0.0017912,0.0023169
0.0020708,0.0015915,0.001372,0.0012145,0.0011299,0.0011091,0.0011153,0.0011169,0.0011048,0.0010863,0.0010708,0.0010619,0.0010587,0.0010597,0.0010655,0.0010778,0.0010957,0.0011123,0.0011178,0.0011113,0.0011135,0.0011627,0.0012852,0.001472,0.0017938,0.0017938,0.001472,0.0012852,0.0011627,0.0011135,0.0011113,0.0011178,0.0011123,0.0010957,0.0010778,0.0010655,0.0010597,0.0010587,0.0010619,0.0010708,0.0010863,0.0011048,0.0011169,0.0011153,0.0011091,0.0011299,0.0012145,0.001372,0.0015915,0.0020708
0.0018472,0.0014116,0.0012133,0.0010743,0.0010054,0.00099218,0.0009966,0.00099172,0.00097479,0.00095601,0.00094344,0.00093798,0.00093659,0.00093698,0.00093998,0.00094874,0.00096496,0.00098422,0.000996,0.00099444,0.00099411,0.001031,0.0011357,0.0013038,0.0015905,0.0015905,0.0013038,0.0011357,0.001031,0.00099411,0.00099444,0.000996,0.00098422,0.00096496,0.00094874,0.00093998,0.00093698,0.00093659,0.00093798,0.00094344,0.00095601,0.00097479,0.00099172,0.0009966,0.00099218,0.0010054,0.0010743,0.0012133,0.0014116,0.0018472
0.0016443,0.00125,0.0010706,0.00094806,0.00089233,0.00088409,0.00088546,0.00087506,0.00085576,0.00083898,0.00083051,0.00082856,0.00082878,0.00082863,0.000829,0.00083369,0.00084648,0.00086578,0.00088199,0.00088556,0.0008847,0.00091214,0.0010014,0.0011526,0.0014081,0.0014081,0.0011526,0.0010014,0.00091214,0.0008847,0.00088556,0.00088199,0.00086578,0.00084648,0.00083369,0.000829,0.00082863,0.00082878,0.00082856,0.00083051,0.00083898,0.00085576,0.00087506,0.00088546,0.00088409,0.00089233,0.00094806,0.0010706,0.00125,0.0016443
0.0014622,0.0011059,0.00094351,0.00083542,0.0007905,0.00078527,0.00078312,0.00076873,0.00074944,0.00073638,0.00073234,0.00073335,0.00073471,0.0007342,0.00073255,0.0007334,0.00074173,0.00075887,0.00077733,0.00078546,0.00078543,0.0008057,0.00088171,0.0010178,0.0012457,0.0012457,0.0010178,0.00088171,0.0008057,0.00078543,0.00078546,0.00077733,0.00075887,0.00074173,0.0007334,0.00073255,0.0007342,0.00073471,0.00073335,0.00073234,0.00073638,0.00074944,0.00076873,0.00078312,0.00078527,0.0007905,0.00083542,0.00094351,0.0011059,0.0014622
0.0013011,0.00097923,0.00083179,0.00073638,0.00070026,0.00069654,0.00069103,0.00067443,0.00065724,0.00064887,0.00064886,0.00065186,0.00065376,0.00065309,0.00065031,0.00064813,0.00065178,0.0006651,0.00068366,0.00069529,0.00069687,0.00071185,0.00077651,0.00089933,0.0011031,0.0011031,0.00089933,0.00077651,0.00071185,0.00069687,0.00069529,0.00068366,0.0006651,0.00065178,0.00064813,0.00065031,0.00065309,0.00065376,0.00065186,0.00064886,0.00064887,0.00065724,0.00067443,0.00069103,0.00069654,0.00070026,0.00073638,0.00083179,0.00097923,0.0013011
0.0011612,0.00086978,0.00073532,0.00065094,0.00062192,0.00061869,0.00061034,0.00059332,0.0005798,0.00057633,0.00057943,0.00058329,0.00058512,0.00058451,0.00058152,0.00057746,0.00057687,0.00058543,0.00060222,0.00061604,0.00061953,0.00063074,0.00068576,0.00079693,0.00098014,0.00098014,0.00079693,0.00068576,0.00063074,0.00061953,0.00061604,0.00060222,0.00058543,0.00057687,0.00057746,0.00058152,0.00058451,0.00058512,0.00058329,0.00057943,0.00057633,0.0005798,0.00059332,0.00061034,0.00061869,0.00062192,0.00065094,0.00073532,0.00086978,0.0011612
0.0010423,0.00077699,0.00065367,0.00057885,0.00055549,0.00055208,0.00054169,0.00052583,0.00051688,0.00051784,0.00052281,0.00052647,0.00052778,0.00052737,0.00052495,0.00052026,0.0005164,0.00052,0.00053359,0.00054825,0.00055361,0.00056222,0.0006091,0.00071013,0.00087604,0.00087604,0.00071013,0.0006091,0.00056222,0.00055361,0.00054825,0.00053359,0.00052,0.0005164,0.00052026,0.00052495,0.00052737,0.00052778,0.00052647,0.00052281,0.00051784,0.00051688,0.00052583,0.00054169,0.00055208,0.00055549,0.00057885,0.00065367,0.00077699,0.0010423
0.00094337,0.00069978,0.00058593,0.00051939,0.00050051,0.00049655,0.00048501,0.00047157,0.00046741,0.00047178,0.0004773,0.00047996,0.00048049,0.00048037,0.00047901,0.00047479,0.00046898,0.00046807,0.00047762,0.00049185,0.00049881,0.00050569,0.00054572,0.00063796,0.00078957,0.00078957,0.00063796,0.00054572,0.00050569,0.00049881,0.00049185,0.00047762,0.00046807,0.00046898,0.00047479,0.00047901,0.00048037,0.00048049,0.00047996,0.0004773,0.00047178,0.00046741,0.00047157,0.00048501,0.00049655,0.00050051,0.00051939,0.00058593,0.00069978,0.00094337
0.00086251,0.0006366,0.00053076,0.00047138,0.00045603,0.00045138,0.00043957,0.00042936,0.00042959,0.00043602,0.00044092,0.00044213,0.00044185,0.00044201,0.00044189,0.00043895,0.00043259,0.00042818,0.00043341,0.00044618,0.00045428,0.00046009,0.00049433,0.00057897,0.00071891,0.00071891,0.00057897,0.00049433,0.00046009,0.00045428,0.00044618,0.00043341,0.00042818,0.00043259,0.00043895,0.00044189,0.00044201,0.00044185,0.00044213,0.00044092,0.00043602,0.00042959,0.00042936,0.00043957,0.00045138,0.00045603,0.00047138,0.00053076,0.0006366,0.00086251
0.00079735,0.00058548,0.00048641,0.00043325,0.00042066,0.00041536,0.00040408,0.00039747,0.00040118,0.0004082,0.00041159,0.00041127,0.00041035,0.00041071,0.0004117,0.0004105,0.00040486,0.0003983,0.00039946,0.00041001,0.00041876,0.00042393,0.0004533,0.00053131,0.00066183,0.00066183,0.00053131,0.0004533,0.00042393,0.00041876,0.00041001,0.00039946,0.0003983,0.00040486,0.0004105,0.0004117,0.00041071,0.00041035,0.00041127,0.00041159,0.0004082,0.00040118,0.00039747,0.00040408,0.00041536,0.00042066,0.00043325,0.00048641,0.00058548,0.00079735
0.00074506,0.00054421,0.00045092,0.00040319,0.00039277,0.00038693,0.00037682,0.00037374,0.00037974,0.00038599,0.00038734,0.00038574,0.00038447,0.00038493,0.00038667,0.00038726,0.00038336,0.00037609,0.00037387,0.00038176,0.00039066,0.00039548,0.00042073,0.00049294,0.00061581,0.00061581,0.00049294,0.00042073,0.00039548,0.00039066,0.00038176,0.00037387,0.00037609,0.00038336,0.00038726,0.00038667,0.00038493,0.00038447,0.00038574,0.00038734,0.00038599,0.00037974,0.00037374,0.00037682,0.00038693,0.00039277,0.00040319,0.00045092,0.00054421,0.00074506
0.00070271,0.00051056,0.00042225,0.00037931,0.00037058,0.00036439,0.00035588,0.00035592,0.00036287,0.00036728,0.0003665,0.00036406,0.00036277,0.00036321,0.00036525,0.00036737,0.00036578,0.00035916,0.00035454,0.00035966,0.00036827,0.00037292,0.00039467,0.00046174,0.00057832,0.00057832,0.00046174,0.00039467,0.00037292,0.00036827,0.00035966,0.00035454,0.00035916,0.00036578,0.00036737,0.00036525,0.00036321,0.00036277,0.00036406,0.0003665,0.00036728,0.00036287,0.00035592,0.00035588,0.00036439,0.00037058,0.00037931,0.00042225,0.00051056,0.00070271
0.00066749,0.00048241,0.00039852,0.00035981,0.00035239,0.00034603,0.00033936,0.00034182,0.00034845,0.00035037,0.00034774,0.00034502,0.00034398,0.0003443,0.00034619,0.00034933,0.00035021,0.00034532,0.00033942,0.00034192,0.0003499,0.0003545,0.00037326,0.00043572,0.00054697,0.00054697,0.00043572,0.00037326,0.0003545,0.0003499,0.00034192,0.00033942,0.00034532,0.00035021,0.00034933,0.00034619,0.0003443,0.00034398,0.00034502,0.00034774,0.00035037,0.00034845,0.00034182,0.00033936,0.00034603,0.00035239,0.00035981,0.00039852,0.00048241,0.00066749
0.00063693,0.00045793,0.00037803,0.00034313,0.00033671,0.00033035,0.00032554,0.00032957,0.00033482,0.00033408,0.00033016,0.00032767,0.00032706,0.00032722,0.00032861,0.00033214,0.0003352,0.00033274,0.00032667,0.00032696,0.00033408,0.00033868,0.0003549,0.00041316,0.00051972,0.00051972,0.00041316,0.0003549,0.00033868,0.00033408,0.00032696,0.00032667,0.00033274,0.0003352,0.00033214,0.00032861,0.00032722,0.00032706,0.00032767,0.00033016,0.00033408,0.00033482,0.00032957,0.00032554,0.00033035,0.00033671,0.00034313,0.00037803,0.00045793,0.00063693
0.00060907,0.00043567,0.00035948,0.000328,0.00032235,0.00031612,0.00031301,0.00031771,0.00032085,0.00031771,0.00031324,0.00031139,0.00031127,0.00031125,0.00031197,0.00031526,0.00031986,0.00032008,0.00031483,0.00031346,0.00031961,0.00032426,0.00033829,0.00039267,0.00049494,0.00049494,0.00039267,0.00033829,0.00032426,0.00031961,0.00031346,0.00031483,0.00032008,0.00031986,0.00031526,0.00031197,0.00031125,0.00031127,0.00031139,0.00031324,0.00031771,0.00032085,0.00031771,0.00031301,0.00031612,0.00032235,0.000328,0.00035948,0.00043567,0.00060907
0.00058251,0.00041462,0.00034193,0.00031355,0.00030847,0.00030246,0.00030079,0.0003053,0.00030597,0.00030105,0.00029681,0.00029583,0.00029613,0.00029597,0.00029599,0.00029852,0.00030383,0.00030656,0.00030289,0.0003005,0.00030566,0.00031038,0.00032253,0.00037329,0.00047148,0.00047148,0.00037329,0.00032253,0.00031038,0.00030566,0.0003005,0.00030289,0.00030656,0.00030383,0.00029852,0.00029599,0.00029597,0.00029613,0.00029583,0.00029681,0.00030105,0.00030597,0.0003053,0.00030079,0.00030246,0.00030847,0.00031355,0.00034193,0.00041462,0.00058251
0.00055645,0.00039417,0.00032482,0.00029926,0.0002946,0.00028888,0.00028829,0.00029191,0.00029011,0.00028427,0.00028093,0.00028087,0.00028144,0.00028122,0.00028066,0.00028208,0.00028721,0.00029191,0.00029029,0.00028753,0.00029176,0.00029654,0.00030709,0.00035445,0.0004487,0.0004487,0.00035445,0.00030709,0.00029654,0.00029176,0.00028753,0.00029029,0.00029191,0.00028721,0.00028208,0.00028066,0.00028122,0.00028144,0.00028087,0.00028093,0.00028427,0.00029011,0.00029191,0.00028829,0.00028888,0.0002946,0.00029926,0.00032482,0.00039417,0.00055645
0.0005306,0.0003741,0.00030796,0.00028497,0.00028059,0.00027521,0.00027532,0.00027753,0.00027363,0.00026779,0.00026584,0.00026658,0.00026723,0.00026701,0.00026609,0.00026628,0.00027043,0.00027634,0.00027691,0.00027434,0.00027776,0.00028259,0.00029177,0.00033594,0.00042634,0.00042634,0.00033594,0.00029177,0.00028259,0.00027776,0.00027434,0.00027691,0.00027634,0.00027043,0.00026628,0.00026609,0.00026701,0.00026723,0.00026658,0.00026584,0.00026779,0.00027363,0.00027753,0.00027532,0.00027521,0.00028059,0.00028497,0.00030796,0.0003741,0.0005306
