0.62832,6.1489
0.88858,10.846
1.0883,25.77
1.2566,63.855
1.405,96.968
1.5391,77.675
1.7772,29.744
1.885,19.148
1.9869,13.975
2.0839,10.358
2.1766,6.3297
2.2654,6.2936
2.351,4.2313
2.5133,4.4561
2.5906,3.229
2.6657,2.8963
2.7388,2.5173
2.8099,2.1775
2.8793,1.844
2.9471,1.6316
3.0781,1.4066
3.1416,1.2892
3.2038,1.1272
3.2648,1.0827
3.3836,0.90714
3.4414,0.89181
3.5543,0.7696
3.6094,0.65989
3.6637,0.68259
3.7172,0.63419
3.7699,0.65455
3.8219,0.64367
3.8732,0.61724
3.9738,0.56089
4.0232,0.561
4.072,0.50817
4.1202,0.50093
4.1678,0.55297
4.2149,0.49156
4.2615,0.48542
4.3531,0.44215
4.3982,0.4466
4.4429,0.39649
4.4871,0.46878
4.5309,0.42293
4.5742,0.38623
4.6172,0.36802
4.7019,0.3137
4.7437,0.36792
4.7851,0.33618
4.8262,0.31962
4.9073,0.29876
4.9474,0.30751
5.0265,0.34419
5.0657,0.29648
5.1045,0.30162
5.143,0.27886
5.1812,0.28908
5.2192,0.29301
5.2569,0.26077
5.3315,0.25009
5.3684,0.27897
5.405,0.24761
5.4414,0.23883
5.4776,0.21945
5.5135,0.25154
5.5492,0.24169
5.6199,0.24359
5.6549,0.2539
5.6897,0.27355
5.7243,0.25742
5.7586,0.23225
5.7928,0.23984
5.8268,0.23527
5.8942,0.19942
5.9275,0.22629
5.9608,0.22877
5.9938,0.25204
6.0593,0.22613
6.0918,0.21248
6.1562,0.17154
6.1882,0.2107
6.22,0.19999
6.2517,0.19458
6.2832,0.22266
6.3145,0.23022
6.3457,0.21352
6.4076,0.20721
6.4383,0.19738
6.4689,0.20016
6.4994,0.21123
6.5297,0.21041
6.5598,0.21761
6.5899,0.18578
6.6791,0.22225
6.7086,0.20101
6.738,0.17766
6.7672,0.18667
6.7963,0.1953
6.8253,0.2003
6.8829,0.19335
6.9115,0.19928
6.94,0.17946
6.9684,0.19411
7.0248,0.2014
7.0529,0.21017
7.1086,0.18286
7.1363,0.21042
7.1639,0.17277
7.1914,0.18634
7.2188,0.17415
7.2461,0.19862
7.2733,0.17393
7.3274,0.196
7.3543,0.18465
7.3811,0.17178
7.4078,0.19516
7.4344,0.17761
7.4609,0.17869
7.4873,0.16122
7.566,0.17594
7.592,0.17954
7.618,0.19108
7.6696,0.17248
7.6953,0.17821
7.7719,0.1922
7.7972,0.17988
7.8225,0.16958
7.8978,0.18164
7.9725,0.20691
8.0218,0.19881
8.0464,0.1772
8.0709,0.17246
8.0953,0.20234
8.1439,0.18511
8.1923,0.16247
8.2403,0.20271
8.2642,0.21208
8.3828,0.16091
8.4063,0.16664
8.4532,0.18407
8.4765,0.19548
8.5461,0.16985
8.638,0.15305
8.7062,0.16704
8.7515,0.17345
8.8189,0.177
8.8412,0.16393
8.9742,0.16391
9.0181,0.19268
9.17,0.16821
9.2557,0.18721
9.4248,0.14832
9.4457,0.13384
9.4457,0.1447
