0.62832,8.7558
0.88858,15.455
1.0883,27.828
1.2566,65.815
1.405,81.194
1.5391,69.686
1.7772,24.086
1.885,13.997
1.9869,10.317
2.0839,9.4609
2.1766,6.1396
2.2654,5.4882
2.351,4.8397
2.5133,3.0065
2.5906,3.0482
2.6657,2.5881
2.7388,2.257
2.8099,1.7229
2.8793,1.7141
2.9471,1.5507
3.0781,1.3163
3.1416,1.2612
3.2038,1.143
3.2648,1.0477
3.3836,0.91058
3.4414,0.88624
3.5543,0.81306
3.6094,0.74056
3.6637,0.73853
3.7172,0.74519
3.7699,0.6128
3.8219,0.68281
3.8732,0.61133
3.9738,0.57038
4.0232,0.56956
4.072,0.48045
4.1202,0.5318
4.1678,0.47642
4.2149,0.46821
4.2615,0.50168
4.3531,0.41849
4.3982,0.43612
4.4429,0.43309
4.4871,0.4228
4.5309,0.39679
4.5742,0.42061
4.6172,0.37559
4.7019,0.40747
4.7437,0.36202
4.7851,0.36945
4.8262,0.3487
4.9073,0.34458
4.9474,0.33514
5.0265,0.35913
5.0657,0.31774
5.1045,0.33565
5.143,0.30979
5.1812,0.3036
5.2192,0.31459
5.2569,0.29078
5.3315,0.29205
5.3684,0.30174
5.405,0.29291
5.4414,0.23626
5.4776,0.26593
5.5135,0.28286
5.5492,0.27133
5.6199,0.25175
5.6549,0.26905
5.6897,0.27746
5.7243,0.28286
5.7586,0.24636
5.7928,0.27026
5.8268,0.26181
5.8942,0.23825
5.9275,0.24051
5.9608,0.25735
5.9938,0.29776
6.0593,0.23144
6.0918,0.25728
6.1562,0.21788
6.1882,0.23569
6.22,0.23494
6.2517,0.2085
6.2832,0.23802
6.3145,0.23159
6.3457,0.21135
6.4076,0.22108
6.4383,0.22654
6.4689,0.2338
6.4994,0.21678
6.5297,0.235
6.5598,0.20855
6.5899,0.21356
6.6791,0.21869
6.7086,0.20651
6.738,0.23239
6.7672,0.23094
6.7963,0.20466
6.8253,0.20658
6.8829,0.21201
6.9115,0.19976
6.94,0.19547
6.9684,0.17853
7.0248,0.22376
7.0529,0.19776
7.1086,0.20501
7.1363,0.20438
7.1639,0.22229
7.1914,0.19446
7.2188,0.20808
7.2461,0.18937
7.2733,0.19033
7.3274,0.16737
7.3543,0.23096
7.3811,0.15356
7.4078,0.1877
7.4344,0.18993
7.4609,0.19822
7.4873,0.19713
7.566,0.18858
7.592,0.18085
7.618,0.22896
7.6696,0.1851
7.6953,0.19343
7.7719,0.18153
7.7972,0.18994
7.8225,0.18405
7.8978,0.20014
7.9725,0.1732
8.0218,0.18822
8.0464,0.19554
8.0709,0.18395
8.0953,0.17249
8.1439,0.19658
8.1923,0.163
8.2403,0.19389
8.2642,0.1708
8.3828,0.14931
8.4063,0.19613
8.4532,0.20521
8.4765,0.17646
8.5461,0.18051
8.638,0.16137
8.7062,0.18283
8.7515,0.16385
8.8189,0.15766
8.8412,0.1955
8.9742,0.15313
9.0181,0.15403
9.17,0.14967
9.2557,0.13843
9.4248,0.18189
9.4457,0.18665
9.4457,0.16791
