0.62832,5.5524
0.88858,9.0326
1.0883,31.929
1.2566,100.2
1.405,132.85
1.5391,135.54
1.7772,39.178
1.885,20.86
1.9869,16.772
2.0839,14.501
2.1766,7.6159
2.2654,6.6297
2.351,5.4045
2.5133,5.485
2.5906,4.0779
2.6657,3.2818
2.7388,3.1878
2.8099,2.5164
2.8793,2.6544
2.9471,1.9028
3.0781,1.3297
3.1416,1.2652
3.2038,1.2119
3.2648,1.2178
3.3836,0.93232
3.4414,0.93203
3.5543,0.73371
3.6094,0.77234
3.6637,0.75699
3.7172,0.70435
3.7699,0.80764
3.8219,0.79148
3.8732,0.69546
3.9738,0.74103
4.0232,0.65436
4.072,0.61411
4.1202,0.58676
4.1678,0.55876
4.2149,0.56732
4.2615,0.56415
4.3531,0.60163
4.3982,0.56229
4.4429,0.52136
4.4871,0.51214
4.5309,0.43734
4.5742,0.4581
4.6172,0.46759
4.7019,0.3844
4.7437,0.40967
4.7851,0.39559
4.8262,0.39664
4.9073,0.34
4.9474,0.35141
5.0265,0.39142
5.0657,0.34502
5.1045,0.31871
5.143,0.29708
5.1812,0.34196
5.2192,0.30583
5.2569,0.28253
5.3315,0.29401
5.3684,0.27166
5.405,0.28497
5.4414,0.25644
5.4776,0.24584
5.5135,0.26306
5.5492,0.23985
5.6199,0.23918
5.6549,0.24975
5.6897,0.29194
5.7243,0.26287
5.7586,0.22683
5.7928,0.24469
5.8268,0.25247
5.8942,0.19341
5.9275,0.22686
5.9608,0.23775
5.9938,0.23743
6.0593,0.21842
6.0918,0.24594
6.1562,0.20191
6.1882,0.17803
6.22,0.1995
6.2517,0.18124
6.2832,0.22443
6.3145,0.22059
6.3457,0.21197
6.4076,0.20057
6.4383,0.20198
6.4689,0.19479
6.4994,0.1975
6.5297,0.19414
6.5598,0.18571
6.5899,0.19446
6.6791,0.18794
6.7086,0.17192
6.738,0.15774
6.7672,0.18853
6.7963,0.19066
6.8253,0.19759
6.8829,0.2216
6.9115,0.17858
6.94,0.19026
6.9684,0.15651
7.0248,0.17733
7.0529,0.1903
7.1086,0.18555
7.1363,0.17526
7.1639,0.20141
7.1914,0.1699
7.2188,0.16473
7.2461,0.15584
7.2733,0.1782
7.3274,0.16006
7.3543,0.18384
7.3811,0.12995
7.4078,0.1852
7.4344,0.1718
7.4609,0.20236
7.4873,0.17686
7.566,0.17326
7.592,0.16475
7.618,0.15564
7.6696,0.16207
7.6953,0.17293
7.7719,0.16783
7.7972,0.17425
7.8225,0.15169
7.8978,0.17571
7.9725,0.16692
8.0218,0.15968
8.0464,0.16839
8.0709,0.18201
8.0953,0.18509
8.1439,0.17397
8.1923,0.171
8.2403,0.1626
8.2642,0.152
8.3828,0.15626
8.4063,0.13087
8.4532,0.16491
8.4765,0.1608
8.5461,0.16276
8.638,0.15116
8.7062,0.14341
8.7515,0.16914
8.8189,0.19493
8.8412,0.17033
8.9742,0.1825
9.0181,0.16882
9.17,0.17363
9.2557,0.19393
9.4248,0.18389
9.4457,0.17207
9.4457,0.15632
