0.62832,9.5387
0.88858,16.501
1.0883,31.129
1.2566,61.809
1.405,73.289
1.5391,56.026
1.7772,22.943
1.885,12.439
1.9869,10.283
2.0839,8.3233
2.1766,6.8433
2.2654,5.482
2.351,4.4325
2.5133,3.0466
2.5906,2.6622
2.6657,2.3331
2.7388,2.1967
2.8099,1.9596
2.8793,1.5947
2.9471,1.544
3.0781,1.4156
3.1416,1.1562
3.2038,1.1464
3.2648,1.0644
3.3836,0.91911
3.4414,0.87482
3.5543,0.72993
3.6094,0.73763
3.6637,0.72932
3.7172,0.68821
3.7699,0.63948
3.8219,0.6709
3.8732,0.63953
3.9738,0.61082
4.0232,0.54388
4.072,0.55244
4.1202,0.52638
4.1678,0.51852
4.2149,0.46826
4.2615,0.48572
4.3531,0.44765
4.3982,0.45127
4.4429,0.43156
4.4871,0.42557
4.5309,0.38387
4.5742,0.39645
4.6172,0.40635
4.7019,0.38427
4.7437,0.36169
4.7851,0.37892
4.8262,0.36374
4.9073,0.34846
4.9474,0.34594
5.0265,0.35983
5.0657,0.32626
5.1045,0.33103
5.143,0.31051
5.1812,0.32221
5.2192,0.30739
5.2569,0.29174
5.3315,0.29818
5.3684,0.29564
5.405,0.28478
5.4414,0.26155
5.4776,0.26151
5.5135,0.26586
5.5492,0.29669
5.6199,0.27646
5.6549,0.26312
5.6897,0.27186
5.7243,0.26199
5.7586,0.25904
5.7928,0.25285
5.8268,0.28184
5.8942,0.23032
5.9275,0.2506
5.9608,0.24529
5.9938,0.21606
6.0593,0.25285
6.0918,0.24309
6.1562,0.22561
6.1882,0.20987
6.22,0.24429
6.2517,0.22739
6.2832,0.25953
6.3145,0.23514
6.3457,0.24159
6.4076,0.22712
6.4383,0.20375
6.4689,0.24553
6.4994,0.22556
6.5297,0.23656
6.5598,0.23203
6.5899,0.22002
6.6791,0.22032
6.7086,0.19251
6.738,0.20903
6.7672,0.22792
6.7963,0.21157
6.8253,0.21551
6.8829,0.20992
6.9115,0.20749
6.94,0.2079
6.9684,0.20382
7.0248,0.22139
7.0529,0.22667
7.1086,0.21606
7.1363,0.19009
7.1639,0.20255
7.1914,0.2114
7.2188,0.18569
7.2461,0.20972
7.2733,0.20442
7.3274,0.19506
7.3543,0.17402
7.3811,0.17481
7.4078,0.20217
7.4344,0.18692
7.4609,0.18239
7.4873,0.24129
7.566,0.19143
7.592,0.18798
7.618,0.161
7.6696,0.18096
7.6953,0.2031
7.7719,0.19527
7.7972,0.19312
7.8225,0.19028
7.8978,0.18386
7.9725,0.18082
8.0218,0.20368
8.0464,0.17537
8.0709,0.18524
8.0953,0.21906
8.1439,0.18982
8.1923,0.17386
8.2403,0.18676
8.2642,0.1995
8.3828,0.13362
8.4063,0.17879
8.4532,0.19202
8.4765,0.16147
8.5461,0.1839
8.638,0.1799
8.7062,0.14049
8.7515,0.18647
8.8189,0.16712
8.8412,0.16665
8.9742,0.1883
9.0181,0.18149
9.17,0.15218
9.2557,0.16889
9.4248,0.13905
9.4457,0.14799
9.4457,0.15413
