0.62832,16.946
0.88858,28.062
1.0883,32.285
1.2566,34.474
1.405,22.725
1.5391,14.018
1.7772,7.3837
1.885,7.1687
1.9869,5.6559
2.0839,4.2132
2.1766,4.0617
2.2654,3.0974
2.351,3.0201
2.5133,2.59
2.5906,2.032
2.6657,1.8475
2.7388,1.6189
2.8099,1.4893
2.8793,1.4788
2.9471,1.4335
3.0781,1.1609
3.1416,1.2445
3.2038,1.1294
3.2648,1.0107
3.3836,0.88233
3.4414,0.91383
3.5543,0.85674
3.6094,0.80174
3.6637,0.82039
3.7172,0.7545
3.7699,0.7022
3.8219,0.6674
3.8732,0.67706
3.9738,0.61851
4.0232,0.63524
4.072,0.58323
4.1202,0.57907
4.1678,0.4849
4.2149,0.54324
4.2615,0.55423
4.3531,0.44169
4.3982,0.51594
4.4429,0.48611
4.4871,0.46599
4.5309,0.48776
4.5742,0.47884
4.6172,0.45034
4.7019,0.41228
4.7437,0.46101
4.7851,0.43409
4.8262,0.40926
4.9073,0.403
4.9474,0.3721
5.0265,0.37225
5.0657,0.37958
5.1045,0.38436
5.143,0.34018
5.1812,0.34052
5.2192,0.35507
5.2569,0.34583
5.3315,0.34625
5.3684,0.32389
5.405,0.33991
5.4414,0.34036
5.4776,0.33523
5.5135,0.35357
5.5492,0.32136
5.6199,0.32911
5.6549,0.29727
5.6897,0.34025
5.7243,0.29656
5.7586,0.32355
5.7928,0.30175
5.8268,0.30061
5.8942,0.32938
5.9275,0.28098
5.9608,0.29349
5.9938,0.32016
6.0593,0.28601
6.0918,0.28653
6.1562,0.36796
6.1882,0.30498
6.22,0.26445
6.2517,0.27119
6.2832,0.26478
6.3145,0.27882
6.3457,0.26428
6.4076,0.27859
6.4383,0.30204
6.4689,0.26066
6.4994,0.24849
6.5297,0.23675
6.5598,0.23756
6.5899,0.2631
6.6791,0.23814
6.7086,0.2254
6.738,0.23946
6.7672,0.22723
6.7963,0.25447
6.8253,0.24378
6.8829,0.22111
6.9115,0.23168
6.94,0.24046
6.9684,0.24826
7.0248,0.23236
7.0529,0.22935
7.1086,0.23032
7.1363,0.21653
7.1639,0.22674
7.1914,0.24251
7.2188,0.23505
7.2461,0.21699
7.2733,0.22015
7.3274,0.19085
7.3543,0.18868
7.3811,0.20061
7.4078,0.21136
7.4344,0.19228
7.4609,0.21673
7.4873,0.21947
7.566,0.21102
7.592,0.23239
7.618,0.20163
7.6696,0.20608
7.6953,0.19832
7.7719,0.2009
7.7972,0.18405
7.8225,0.18459
7.8978,0.19488
7.9725,0.2048
8.0218,0.18535
8.0464,0.20227
8.0709,0.18968
8.0953,0.16819
8.1439,0.19121
8.1923,0.19185
8.2403,0.19501
8.2642,0.20364
8.3828,0.17723
8.4063,0.20769
8.4532,0.19006
8.4765,0.18564
8.5461,0.1908
8.638,0.17679
8.7062,0.19444
8.7515,0.18782
8.8189,0.20807
8.8412,0.19496
8.9742,0.17745
9.0181,0.2146
9.17,0.17839
9.2557,0.17818
9.4248,0.17529
9.4457,0.17017
9.4457,0.18093
