0.62832,9.2984
0.88858,18.297
1.0883,35.524
1.2566,60.621
1.405,69.847
1.5391,47.286
1.7772,17.187
1.885,11.415
1.9869,9.2919
2.0839,8.0159
2.1766,6.6749
2.2654,4.9087
2.351,4.1734
2.5133,2.8437
2.5906,2.7683
2.6657,2.4576
2.7388,2.1342
2.8099,1.9359
2.8793,1.8306
2.9471,1.5329
3.0781,1.3202
3.1416,1.2889
3.2038,1.1571
3.2648,1.1941
3.3836,0.94954
3.4414,0.85727
3.5543,0.79908
3.6094,0.81759
3.6637,0.73913
3.7172,0.7208
3.7699,0.69193
3.8219,0.65229
3.8732,0.61209
3.9738,0.5744
4.0232,0.59972
4.072,0.57164
4.1202,0.53147
4.1678,0.52075
4.2149,0.50605
4.2615,0.4732
4.3531,0.47357
4.3982,0.47073
4.4429,0.44269
4.4871,0.46358
4.5309,0.4275
4.5742,0.42301
4.6172,0.41171
4.7019,0.37396
4.7437,0.36769
4.7851,0.36735
4.8262,0.34878
4.9073,0.32408
4.9474,0.34353
5.0265,0.35032
5.0657,0.33304
5.1045,0.33549
5.143,0.30302
5.1812,0.32135
5.2192,0.30333
5.2569,0.29748
5.3315,0.33234
5.3684,0.28967
5.405,0.29039
5.4414,0.32801
5.4776,0.26863
5.5135,0.27419
5.5492,0.26855
5.6199,0.295
5.6549,0.26155
5.6897,0.26633
5.7243,0.28563
5.7586,0.2472
5.7928,0.2727
5.8268,0.26499
5.8942,0.23908
5.9275,0.24786
5.9608,0.25242
5.9938,0.24458
6.0593,0.23533
6.0918,0.23701
6.1562,0.23683
6.1882,0.23016
6.22,0.25723
6.2517,0.24471
6.2832,0.22695
6.3145,0.24262
6.3457,0.23145
6.4076,0.23725
6.4383,0.23392
6.4689,0.24894
6.4994,0.20647
6.5297,0.20909
6.5598,0.22935
6.5899,0.22711
6.6791,0.22747
6.7086,0.21508
6.738,0.20676
6.7672,0.23218
6.7963,0.2079
6.8253,0.23657
6.8829,0.22054
6.9115,0.24299
6.94,0.21378
6.9684,0.24068
7.0248,0.20996
7.0529,0.22313
7.1086,0.17715
7.1363,0.20546
7.1639,0.21718
7.1914,0.20401
7.2188,0.21726
7.2461,0.19878
7.2733,0.23558
7.3274,0.20112
7.3543,0.22722
7.3811,0.18133
7.4078,0.23055
7.4344,0.22632
7.4609,0.21204
7.4873,0.20542
7.566,0.18483
7.592,0.20717
7.618,0.20515
7.6696,0.17855
7.6953,0.19007
7.7719,0.19192
7.7972,0.18856
7.8225,0.1942
7.8978,0.20676
7.9725,0.17412
8.0218,0.21525
8.0464,0.21298
8.0709,0.19285
8.0953,0.18712
8.1439,0.19905
8.1923,0.19236
8.2403,0.18975
8.2642,0.17606
8.3828,0.20183
8.4063,0.16
8.4532,0.18637
8.4765,0.19354
8.5461,0.17643
8.638,0.18248
8.7062,0.16355
8.7515,0.14983
8.8189,0.1621
8.8412,0.17026
8.9742,0.13979
9.0181,0.16541
9.17,0.16365
9.2557,0.16867
9.4248,0.16692
9.4457,0.19714
9.4457,0.17351
