0.62832,7.8778
0.88858,15.334
1.0883,32.137
1.2566,67.648
1.405,85.558
1.5391,64.738
1.7772,22.702
1.885,13.921
1.9869,11.399
2.0839,8.6673
2.1766,6.4216
2.2654,5.7192
2.351,4.659
2.5133,3.9032
2.5906,2.7581
2.6657,2.7468
2.7388,2.1594
2.8099,2.0845
2.8793,1.7167
2.9471,1.4374
3.0781,1.2401
3.1416,1.29
3.2038,1.1457
3.2648,1.0114
3.3836,0.94331
3.4414,0.91851
3.5543,0.75496
3.6094,0.72669
3.6637,0.6843
3.7172,0.7084
3.7699,0.61631
3.8219,0.65549
3.8732,0.66225
3.9738,0.6079
4.0232,0.56049
4.072,0.51215
4.1202,0.52319
4.1678,0.48916
4.2149,0.48255
4.2615,0.46437
4.3531,0.45329
4.3982,0.44533
4.4429,0.41831
4.4871,0.39918
4.5309,0.38938
4.5742,0.36839
4.6172,0.39226
4.7019,0.35474
4.7437,0.33803
4.7851,0.34642
4.8262,0.37068
4.9073,0.34631
4.9474,0.32316
5.0265,0.35267
5.0657,0.31761
5.1045,0.32104
5.143,0.29277
5.1812,0.30084
5.2192,0.30342
5.2569,0.28009
5.3315,0.28694
5.3684,0.29301
5.405,0.26279
5.4414,0.27587
5.4776,0.27977
5.5135,0.29283
5.5492,0.25294
5.6199,0.26782
5.6549,0.26146
5.6897,0.28897
5.7243,0.27637
5.7586,0.24246
5.7928,0.24468
5.8268,0.26456
5.8942,0.24406
5.9275,0.23974
5.9608,0.25592
5.9938,0.23534
6.0593,0.23595
6.0918,0.2315
6.1562,0.25254
6.1882,0.215
6.22,0.24236
6.2517,0.24175
6.2832,0.2152
6.3145,0.23494
6.3457,0.21601
6.4076,0.22539
6.4383,0.22298
6.4689,0.22618
6.4994,0.21094
6.5297,0.22804
6.5598,0.22008
6.5899,0.22526
6.6791,0.2225
6.7086,0.20642
6.738,0.2054
6.7672,0.21661
6.7963,0.23625
6.8253,0.1957
6.8829,0.21968
6.9115,0.19509
6.94,0.22288
6.9684,0.15224
7.0248,0.18575
7.0529,0.19744
7.1086,0.20604
7.1363,0.20107
7.1639,0.20753
7.1914,0.17999
7.2188,0.19359
7.2461,0.1898
7.2733,0.19587
7.3274,0.1991
7.3543,0.17017
7.3811,0.18674
7.4078,0.17819
7.4344,0.22317
7.4609,0.18612
7.4873,0.20168
7.566,0.17921
7.592,0.17256
7.618,0.22111
7.6696,0.19288
7.6953,0.17705
7.7719,0.15624
7.7972,0.18638
7.8225,0.18586
7.8978,0.17567
7.9725,0.19262
8.0218,0.19687
8.0464,0.19547
8.0709,0.18852
8.0953,0.20135
8.1439,0.17796
8.1923,0.18624
8.2403,0.13755
8.2642,0.19424
8.3828,0.17733
8.4063,0.14991
8.4532,0.18431
8.4765,0.19631
8.5461,0.20273
8.638,0.17496
8.7062,0.16282
8.7515,0.1794
8.8189,0.16634
8.8412,0.1843
8.9742,0.16744
9.0181,0.16433
9.17,0.17001
9.2557,0.13525
9.4248,0.17698
9.4457,0.20521
9.4457,0.18538
