0.62832,6.4905
0.88858,10.617
1.0883,22.519
1.2566,52.827
1.405,90.529
1.5391,74.844
1.7772,26.427
1.885,16.214
1.9869,12.613
2.0839,9.9361
2.1766,6.0188
2.2654,5.5478
2.351,4.9195
2.5133,4.1639
2.5906,3.0639
2.6657,2.9791
2.7388,2.2088
2.8099,2.1931
2.8793,1.8192
2.9471,1.5639
3.0781,1.3651
3.1416,1.1525
3.2038,1.1
3.2648,1.0837
3.3836,0.94926
3.4414,0.89249
3.5543,0.78043
3.6094,0.77288
3.6637,0.67491
3.7172,0.66804
3.7699,0.62231
3.8219,0.66159
3.8732,0.56851
3.9738,0.58241
4.0232,0.53024
4.072,0.50094
4.1202,0.4732
4.1678,0.50918
4.2149,0.47891
4.2615,0.43224
4.3531,0.36203
4.3982,0.45221
4.4429,0.4312
4.4871,0.42253
4.5309,0.43015
4.5742,0.41781
4.6172,0.37779
4.7019,0.33704
4.7437,0.34993
4.7851,0.35342
4.8262,0.32826
4.9073,0.3294
4.9474,0.31374
5.0265,0.32384
5.0657,0.30679
5.1045,0.28588
5.143,0.28333
5.1812,0.28861
5.2192,0.27789
5.2569,0.25823
5.3315,0.25833
5.3684,0.27551
5.405,0.2595
5.4414,0.22436
5.4776,0.22905
5.5135,0.26777
5.5492,0.24572
5.6199,0.24782
5.6549,0.24827
5.6897,0.28011
5.7243,0.26177
5.7586,0.23711
5.7928,0.25184
5.8268,0.25996
5.8942,0.2518
5.9275,0.23074
5.9608,0.24373
5.9938,0.23477
6.0593,0.23407
6.0918,0.24673
6.1562,0.22765
6.1882,0.22659
6.22,0.21785
6.2517,0.2091
6.2832,0.21634
6.3145,0.21877
6.3457,0.22152
6.4076,0.21421
6.4383,0.20823
6.4689,0.2187
6.4994,0.21073
6.5297,0.1811
6.5598,0.20967
6.5899,0.19614
6.6791,0.20192
6.7086,0.20727
6.738,0.17699
6.7672,0.21496
6.7963,0.20203
6.8253,0.18962
6.8829,0.22864
6.9115,0.17931
6.94,0.19945
6.9684,0.15502
7.0248,0.20986
7.0529,0.20845
7.1086,0.18021
7.1363,0.17947
7.1639,0.19887
7.1914,0.18276
7.2188,0.20704
7.2461,0.16829
7.2733,0.18217
7.3274,0.18647
7.3543,0.17821
7.3811,0.18922
7.4078,0.19958
7.4344,0.1921
7.4609,0.20118
7.4873,0.17552
7.566,0.20423
7.592,0.16619
7.618,0.15802
7.6696,0.1729
7.6953,0.19472
7.7719,0.17133
7.7972,0.19544
7.8225,0.19247
7.8978,0.19387
7.9725,0.17716
8.0218,0.18715
8.0464,0.17128
8.0709,0.23974
8.0953,0.16901
8.1439,0.19685
8.1923,0.17279
8.2403,0.17137
8.2642,0.19024
8.3828,0.13861
8.4063,0.15035
8.4532,0.15258
8.4765,0.16118
8.5461,0.173
8.638,0.17401
8.7062,0.14492
8.7515,0.17899
8.8189,0.14684
8.8412,0.18174
8.9742,0.18005
9.0181,0.18385
9.17,0.15062
9.2557,0.17537
9.4248,0.17014
9.4457,0.18555
9.4457,0.17189
