0.62832,19.958
0.88858,23.081
1.0883,23.774
1.2566,16.595
1.405,13.657
1.5391,11.344
1.7772,5.7871
1.885,5.0475
1.9869,4.4783
2.0839,3.4238
2.1766,3.6479
2.2654,3.0644
2.351,2.5417
2.5133,2.0064
2.5906,1.9706
2.6657,1.7571
2.7388,1.6271
2.8099,1.6014
2.8793,1.3931
2.9471,1.3684
3.0781,1.1424
3.1416,1.1403
3.2038,1.0967
3.2648,1.0745
3.3836,0.92686
3.4414,0.86803
3.5543,0.81179
3.6094,0.83406
3.6637,0.74034
3.7172,0.80707
3.7699,0.75287
3.8219,0.72741
3.8732,0.6935
3.9738,0.6297
4.0232,0.63339
4.072,0.55648
4.1202,0.5974
4.1678,0.53231
4.2149,0.58656
4.2615,0.54306
4.3531,0.52425
4.3982,0.51545
4.4429,0.49601
4.4871,0.49898
4.5309,0.45459
4.5742,0.45275
4.6172,0.48985
4.7019,0.47087
4.7437,0.47587
4.7851,0.41688
4.8262,0.44144
4.9073,0.3886
4.9474,0.41776
5.0265,0.41659
5.0657,0.4086
5.1045,0.3821
5.143,0.37022
5.1812,0.3817
5.2192,0.39438
5.2569,0.36242
5.3315,0.35131
5.3684,0.35269
5.405,0.34209
5.4414,0.28986
5.4776,0.3154
5.5135,0.34756
5.5492,0.36039
5.6199,0.33847
5.6549,0.33814
5.6897,0.3452
5.7243,0.313
5.7586,0.32386
5.7928,0.31948
5.8268,0.33568
5.8942,0.32181
5.9275,0.29291
5.9608,0.29384
5.9938,0.28721
6.0593,0.30788
6.0918,0.304
6.1562,0.23636
6.1882,0.26985
6.22,0.26494
6.2517,0.25774
6.2832,0.2774
6.3145,0.2693
6.3457,0.25842
6.4076,0.26352
6.4383,0.28866
6.4689,0.27182
6.4994,0.26982
6.5297,0.26749
6.5598,0.25684
6.5899,0.26707
6.6791,0.2429
6.7086,0.23447
6.738,0.28331
6.7672,0.25045
6.7963,0.25424
6.8253,0.26559
6.8829,0.23962
6.9115,0.24192
6.94,0.2317
6.9684,0.21081
7.0248,0.22072
7.0529,0.22789
7.1086,0.20275
7.1363,0.23492
7.1639,0.25293
7.1914,0.22641
7.2188,0.24062
7.2461,0.24423
7.2733,0.21227
7.3274,0.21034
7.3543,0.24429
7.3811,0.2169
7.4078,0.2045
7.4344,0.1957
7.4609,0.21949
7.4873,0.22449
7.566,0.2195
7.592,0.21797
7.618,0.2371
7.6696,0.20547
7.6953,0.22321
7.7719,0.19184
7.7972,0.19773
7.8225,0.23544
7.8978,0.2101
7.9725,0.19463
8.0218,0.18582
8.0464,0.18352
8.0709,0.20315
8.0953,0.20701
8.1439,0.18647
8.1923,0.18294
8.2403,0.22133
8.2642,0.17097
8.3828,0.2162
8.4063,0.19357
8.4532,0.18296
8.4765,0.18414
8.5461,0.21932
8.638,0.18188
8.7062,0.26087
8.7515,0.17659
8.8189,0.18613
8.8412,0.17366
8.9742,0.1722
9.0181,0.16763
9.17,0.19485
9.2557,0.2099
9.4248,0.17481
9.4457,0.17466
9.4457,0.1504
