0.62832,5.5775
0.88858,10.847
1.0883,24.174
1.2566,74.641
1.405,95.627
1.5391,119.68
1.7772,36.441
1.885,18.573
1.9869,19.118
2.0839,10.521
2.1766,8.9813
2.2654,6.342
2.351,5.2142
2.5133,4.9475
2.5906,3.6587
2.6657,2.9594
2.7388,2.7161
2.8099,2.3746
2.8793,2.0465
2.9471,1.8692
3.0781,1.3591
3.1416,1.282
3.2038,1.1954
3.2648,1.1473
3.3836,0.89889
3.4414,0.89492
3.5543,0.74865
3.6094,0.73188
3.6637,0.64029
3.7172,0.64445
3.7699,0.64329
3.8219,0.71164
3.8732,0.64372
3.9738,0.64075
4.0232,0.55878
4.072,0.50982
4.1202,0.54802
4.1678,0.55738
4.2149,0.46724
4.2615,0.52493
4.3531,0.43158
4.3982,0.4665
4.4429,0.45102
4.4871,0.45067
4.5309,0.42513
4.5742,0.41823
4.6172,0.39701
4.7019,0.34784
4.7437,0.38572
4.7851,0.34659
4.8262,0.34337
4.9073,0.32613
4.9474,0.30802
5.0265,0.43151
5.0657,0.31218
5.1045,0.29271
5.143,0.28086
5.1812,0.30113
5.2192,0.2881
5.2569,0.25359
5.3315,0.26696
5.3684,0.2553
5.405,0.25854
5.4414,0.2422
5.4776,0.23082
5.5135,0.2664
5.5492,0.24295
5.6199,0.24058
5.6549,0.23014
5.6897,0.28832
5.7243,0.23435
5.7586,0.22267
5.7928,0.24141
5.8268,0.24555
5.8942,0.18193
5.9275,0.21541
5.9608,0.22241
5.9938,0.22227
6.0593,0.18935
6.0918,0.23894
6.1562,0.21379
6.1882,0.20012
6.22,0.19621
6.2517,0.22046
6.2832,0.2394
6.3145,0.20754
6.3457,0.18204
6.4076,0.21234
6.4383,0.22011
6.4689,0.1981
6.4994,0.18579
6.5297,0.21367
6.5598,0.21196
6.5899,0.18755
6.6791,0.18749
6.7086,0.17994
6.738,0.20159
6.7672,0.19706
6.7963,0.20158
6.8253,0.20242
6.8829,0.19217
6.9115,0.16906
6.94,0.14985
6.9684,0.16618
7.0248,0.19545
7.0529,0.18018
7.1086,0.14513
7.1363,0.18313
7.1639,0.19612
7.1914,0.18269
7.2188,0.19349
7.2461,0.16872
7.2733,0.17772
7.3274,0.1638
7.3543,0.16535
7.3811,0.17442
7.4078,0.16096
7.4344,0.20489
7.4609,0.1873
7.4873,0.1526
7.566,0.1718
7.592,0.17855
7.618,0.16285
7.6696,0.16303
7.6953,0.16922
7.7719,0.19311
7.7972,0.15736
7.8225,0.17566
7.8978,0.18339
7.9725,0.17108
8.0218,0.16916
8.0464,0.17543
8.0709,0.20194
8.0953,0.13879
8.1439,0.17185
8.1923,0.15893
8.2403,0.17377
8.2642,0.13851
8.3828,0.17037
8.4063,0.17934
8.4532,0.15345
8.4765,0.15742
8.5461,0.18086
8.638,0.1771
8.7062,0.1918
8.7515,0.15294
8.8189,0.15488
8.8412,0.1697
8.9742,0.19854
9.0181,0.2201
9.17,0.16557
9.2557,0.2013
9.4248,0.17816
9.4457,0.17158
9.4457,0.16791
