0.62832,6.2539
0.88858,10.555
1.0883,21.985
1.2566,64.335
1.405,94.624
1.5391,132.39
1.7772,30.985
1.885,18.289
1.9869,17.579
2.0839,12.309
2.1766,6.343
2.2654,6.4338
2.351,5.2083
2.5133,5.014
2.5906,3.997
2.6657,2.943
2.7388,2.5204
2.8099,2.3789
2.8793,2.1732
2.9471,2.0297
3.0781,1.5382
3.1416,1.2378
3.2038,1.2085
3.2648,1.1507
3.3836,0.9602
3.4414,0.86235
3.5543,0.86604
3.6094,0.74897
3.6637,0.70408
3.7172,0.70161
3.7699,0.74894
3.8219,0.70929
3.8732,0.56659
3.9738,0.65694
4.0232,0.58603
4.072,0.55288
4.1202,0.55133
4.1678,0.50992
4.2149,0.50776
4.2615,0.5085
4.3531,0.50697
4.3982,0.48571
4.4429,0.44883
4.4871,0.41378
4.5309,0.40826
4.5742,0.42712
4.6172,0.38792
4.7019,0.3549
4.7437,0.368
4.7851,0.35604
4.8262,0.3368
4.9073,0.31804
4.9474,0.31322
5.0265,0.31581
5.0657,0.30348
5.1045,0.30941
5.143,0.29725
5.1812,0.29005
5.2192,0.29058
5.2569,0.25844
5.3315,0.27187
5.3684,0.26579
5.405,0.25307
5.4414,0.22174
5.4776,0.20412
5.5135,0.25279
5.5492,0.22796
5.6199,0.25426
5.6549,0.2421
5.6897,0.26161
5.7243,0.24404
5.7586,0.23417
5.7928,0.23174
5.8268,0.23054
5.8942,0.20442
5.9275,0.22148
5.9608,0.21588
5.9938,0.20905
6.0593,0.22091
6.0918,0.20594
6.1562,0.15986
6.1882,0.22858
6.22,0.20791
6.2517,0.22458
6.2832,0.21342
6.3145,0.21815
6.3457,0.21756
6.4076,0.23023
6.4383,0.22713
6.4689,0.18754
6.4994,0.193
6.5297,0.19772
6.5598,0.19917
6.5899,0.19913
6.6791,0.19877
6.7086,0.19429
6.738,0.21395
6.7672,0.19895
6.7963,0.19442
6.8253,0.18089
6.8829,0.20909
6.9115,0.20289
6.94,0.17515
6.9684,0.15487
7.0248,0.19196
7.0529,0.16856
7.1086,0.17808
7.1363,0.18974
7.1639,0.14705
7.1914,0.19483
7.2188,0.17372
7.2461,0.19062
7.2733,0.17881
7.3274,0.19099
7.3543,0.17246
7.3811,0.16315
7.4078,0.15085
7.4344,0.20816
7.4609,0.18606
7.4873,0.17091
7.566,0.17628
7.592,0.17731
7.618,0.16083
7.6696,0.17792
7.6953,0.1895
7.7719,0.15273
7.7972,0.17169
7.8225,0.17416
7.8978,0.19937
7.9725,0.17345
8.0218,0.18087
8.0464,0.16218
8.0709,0.16475
8.0953,0.20563
8.1439,0.15236
8.1923,0.17312
8.2403,0.18913
8.2642,0.16178
8.3828,0.16026
8.4063,0.15803
8.4532,0.16211
8.4765,0.19613
8.5461,0.17753
8.638,0.1533
8.7062,0.14308
8.7515,0.17244
8.8189,0.18444
8.8412,0.16664
8.9742,0.17538
9.0181,0.13807
9.17,0.16903
9.2557,0.15365
9.4248,0.18101
9.4457,0.14793
9.4457,0.1969
