0.62832,5.0109
0.88858,3.8501
1.0883,4.3551
1.2566,3.2861
1.405,3.0986
1.5391,2.9054
1.7772,2.2428
1.885,1.9901
1.9869,2.0686
2.0839,1.7869
2.1766,1.5099
2.2654,1.6928
2.351,1.6404
2.5133,1.4018
2.5906,1.274
2.6657,1.2337
2.7388,1.12
2.8099,1.1653
2.8793,1.1657
2.9471,1.1016
3.0781,0.87753
3.1416,0.95355
3.2038,0.98924
3.2648,0.9556
3.3836,0.80195
3.4414,0.75711
3.5543,0.75944
3.6094,0.77351
3.6637,0.70096
3.7172,0.67067
3.7699,0.65151
3.8219,0.68568
3.8732,0.66813
3.9738,0.61876
4.0232,0.62478
4.072,0.62353
4.1202,0.58661
4.1678,0.64368
4.2149,0.57652
4.2615,0.53821
4.3531,0.45245
4.3982,0.49404
4.4429,0.51689
4.4871,0.53771
4.5309,0.47038
4.5742,0.47032
4.6172,0.47763
4.7019,0.47611
4.7437,0.45747
4.7851,0.42386
4.8262,0.43274
4.9073,0.44139
4.9474,0.42783
5.0265,0.49134
5.0657,0.41882
5.1045,0.41594
5.143,0.3729
5.1812,0.37825
5.2192,0.36711
5.2569,0.38197
5.3315,0.36122
5.3684,0.37786
5.405,0.37515
5.4414,0.36086
5.4776,0.3292
5.5135,0.35757
5.5492,0.35443
5.6199,0.37219
5.6549,0.34152
5.6897,0.32685
5.7243,0.32986
5.7586,0.34839
5.7928,0.32389
5.8268,0.33065
5.8942,0.29543
5.9275,0.31094
5.9608,0.30378
5.9938,0.33928
6.0593,0.31566
6.0918,0.30116
6.1562,0.32319
6.1882,0.31628
6.22,0.30972
6.2517,0.24995
6.2832,0.29863
6.3145,0.29756
6.3457,0.26061
6.4076,0.29079
6.4383,0.26108
6.4689,0.26961
6.4994,0.27656
6.5297,0.2706
6.5598,0.2594
6.5899,0.27017
6.6791,0.27107
6.7086,0.26932
6.738,0.25744
6.7672,0.25599
6.7963,0.24898
6.8253,0.23594
6.8829,0.2414
6.9115,0.23345
6.94,0.25011
6.9684,0.27909
7.0248,0.26347
7.0529,0.24603
7.1086,0.23207
7.1363,0.25326
7.1639,0.21776
7.1914,0.24783
7.2188,0.24051
7.2461,0.23835
7.2733,0.23834
7.3274,0.23095
7.3543,0.2463
7.3811,0.22562
7.4078,0.24749
7.4344,0.19608
7.4609,0.22798
7.4873,0.2362
7.566,0.22763
7.592,0.22051
7.618,0.18718
7.6696,0.22348
7.6953,0.21576
7.7719,0.24681
7.7972,0.20003
7.8225,0.21425
7.8978,0.2283
7.9725,0.20846
8.0218,0.20672
8.0464,0.21122
8.0709,0.213
8.0953,0.17855
8.1439,0.2196
8.1923,0.18637
8.2403,0.22404
8.2642,0.22199
8.3828,0.19952
8.4063,0.21638
8.4532,0.22128
8.4765,0.18562
8.5461,0.18708
8.638,0.19003
8.7062,0.20963
8.7515,0.25663
8.8189,0.24072
8.8412,0.19543
8.9742,0.19262
9.0181,0.15368
9.17,0.19216
9.2557,0.177
9.4248,0.18142
9.4457,0.17118
9.4457,0.15682
