0.62832,20.237
0.88858,18.624
1.0883,13.582
1.2566,11.033
1.405,9.0055
1.5391,7.7476
1.7772,4.4012
1.885,4.0456
1.9869,3.5315
2.0839,3.0141
2.1766,2.1575
2.2654,2.4869
2.351,2.2968
2.5133,1.6801
2.5906,1.7768
2.6657,1.6139
2.7388,1.563
2.8099,1.4373
2.8793,1.3698
2.9471,1.3569
3.0781,1.1921
3.1416,1.1073
3.2038,1.0267
3.2648,1.0484
3.3836,0.92519
3.4414,0.86511
3.5543,0.77606
3.6094,0.84317
3.6637,0.75753
3.7172,0.74496
3.7699,0.72648
3.8219,0.73197
3.8732,0.65323
3.9738,0.67582
4.0232,0.62504
4.072,0.64494
4.1202,0.59633
4.1678,0.5956
4.2149,0.57954
4.2615,0.53214
4.3531,0.5197
4.3982,0.53516
4.4429,0.52496
4.4871,0.49595
4.5309,0.51319
4.5742,0.4953
4.6172,0.47669
4.7019,0.46487
4.7437,0.45885
4.7851,0.43243
4.8262,0.43514
4.9073,0.42863
4.9474,0.41549
5.0265,0.44787
5.0657,0.38716
5.1045,0.37682
5.143,0.37719
5.1812,0.36781
5.2192,0.37792
5.2569,0.37105
5.3315,0.35839
5.3684,0.34043
5.405,0.34802
5.4414,0.40805
5.4776,0.30716
5.5135,0.34439
5.5492,0.32745
5.6199,0.33957
5.6549,0.33816
5.6897,0.33888
5.7243,0.34469
5.7586,0.36551
5.7928,0.33037
5.8268,0.3308
5.8942,0.29182
5.9275,0.3138
5.9608,0.31174
5.9938,0.31878
6.0593,0.32299
6.0918,0.30397
6.1562,0.28879
6.1882,0.26659
6.22,0.28055
6.2517,0.30339
6.2832,0.28459
6.3145,0.2696
6.3457,0.27855
6.4076,0.25451
6.4383,0.27436
6.4689,0.27968
6.4994,0.28941
6.5297,0.21731
6.5598,0.24023
6.5899,0.27142
6.6791,0.26171
6.7086,0.26515
6.738,0.27031
6.7672,0.2584
6.7963,0.27431
6.8253,0.22841
6.8829,0.24687
6.9115,0.21022
6.94,0.24475
6.9684,0.24007
7.0248,0.2394
7.0529,0.25825
7.1086,0.24913
7.1363,0.21441
7.1639,0.25143
7.1914,0.22522
7.2188,0.26994
7.2461,0.23939
7.2733,0.20768
7.3274,0.25236
7.3543,0.22543
7.3811,0.22864
7.4078,0.28325
7.4344,0.23793
7.4609,0.21835
7.4873,0.21519
7.566,0.26975
7.592,0.20382
7.618,0.23684
7.6696,0.217
7.6953,0.21708
7.7719,0.18423
7.7972,0.18652
7.8225,0.22019
7.8978,0.23528
7.9725,0.2059
8.0218,0.21393
8.0464,0.21561
8.0709,0.23664
8.0953,0.24036
8.1439,0.19087
8.1923,0.20882
8.2403,0.1944
8.2642,0.21201
8.3828,0.19367
8.4063,0.17359
8.4532,0.18867
8.4765,0.20501
8.5461,0.1804
8.638,0.21056
8.7062,0.1885
8.7515,0.16939
8.8189,0.20906
8.8412,0.21669
8.9742,0.19498
9.0181,0.17247
9.17,0.19049
9.2557,0.2256
9.4248,0.21798
9.4457,0.15237
9.4457,0.13984
