0.62832,7.2891
0.88858,14.184
1.0883,24.429
1.2566,68.7
1.405,93.1
1.5391,61.41
1.7772,27.501
1.885,15.113
1.9869,12.493
2.0839,9.0214
2.1766,7.7854
2.2654,5.3977
2.351,4.7998
2.5133,3.8021
2.5906,3.0493
2.6657,2.5739
2.7388,2.4263
2.8099,1.8385
2.8793,1.8195
2.9471,1.7893
3.0781,1.4362
3.1416,1.1739
3.2038,1.1484
3.2648,1.0781
3.3836,0.927
3.4414,0.91437
3.5543,0.84892
3.6094,0.74719
3.6637,0.68352
3.7172,0.66902
3.7699,0.68808
3.8219,0.64309
3.8732,0.61653
3.9738,0.55608
4.0232,0.54106
4.072,0.52394
4.1202,0.48462
4.1678,0.49237
4.2149,0.48669
4.2615,0.4532
4.3531,0.47899
4.3982,0.43172
4.4429,0.4205
4.4871,0.42286
4.5309,0.44597
4.5742,0.40767
4.6172,0.3792
4.7019,0.39689
4.7437,0.33347
4.7851,0.36033
4.8262,0.35075
4.9073,0.30998
4.9474,0.31217
5.0265,0.32685
5.0657,0.31122
5.1045,0.28323
5.143,0.34809
5.1812,0.29656
5.2192,0.29135
5.2569,0.27874
5.3315,0.2844
5.3684,0.28981
5.405,0.28474
5.4414,0.23652
5.4776,0.233
5.5135,0.27389
5.5492,0.23376
5.6199,0.29099
5.6549,0.25759
5.6897,0.25591
5.7243,0.24551
5.7586,0.26071
5.7928,0.26956
5.8268,0.26348
5.8942,0.22743
5.9275,0.24708
5.9608,0.236
5.9938,0.25017
6.0593,0.22521
6.0918,0.25161
6.1562,0.22654
6.1882,0.21183
6.22,0.215
6.2517,0.21402
6.2832,0.24432
6.3145,0.22236
6.3457,0.20733
6.4076,0.22587
6.4383,0.23805
6.4689,0.21264
6.4994,0.21228
6.5297,0.21544
6.5598,0.22548
6.5899,0.20566
6.6791,0.22539
6.7086,0.1938
6.738,0.22507
6.7672,0.19673
6.7963,0.21186
6.8253,0.18625
6.8829,0.2079
6.9115,0.22798
6.94,0.18092
6.9684,0.15245
7.0248,0.20373
7.0529,0.20488
7.1086,0.19924
7.1363,0.19295
7.1639,0.19346
7.1914,0.19573
7.2188,0.19028
7.2461,0.19434
7.2733,0.20348
7.3274,0.18905
7.3543,0.21752
7.3811,0.15813
7.4078,0.18523
7.4344,0.17985
7.4609,0.18364
7.4873,0.19136
7.566,0.2032
7.592,0.17994
7.618,0.18605
7.6696,0.17895
7.6953,0.18172
7.7719,0.16817
7.7972,0.1843
7.8225,0.18014
7.8978,0.19485
7.9725,0.19176
8.0218,0.16433
8.0464,0.16431
8.0709,0.17928
8.0953,0.15718
8.1439,0.17697
8.1923,0.17417
8.2403,0.19858
8.2642,0.16393
8.3828,0.19352
8.4063,0.14889
8.4532,0.17932
8.4765,0.20579
8.5461,0.16641
8.638,0.18771
8.7062,0.19759
8.7515,0.20332
8.8189,0.19371
8.8412,0.18448
8.9742,0.14408
9.0181,0.17908
9.17,0.15733
9.2557,0.16921
9.4248,0.14736
9.4457,0.17621
9.4457,0.16183
