0.62832,5.4072
0.88858,11.263
1.0883,33.387
1.2566,95.973
1.405,129.54
1.5391,129.04
1.7772,37.857
1.885,22.993
1.9869,15.775
2.0839,15.516
2.1766,8.0346
2.2654,6.0353
2.351,5.0215
2.5133,6.1206
2.5906,4.452
2.6657,3.3386
2.7388,2.9336
2.8099,2.7141
2.8793,2.1971
2.9471,1.6884
3.0781,1.483
3.1416,1.2424
3.2038,1.1668
3.2648,1.0877
3.3836,0.99926
3.4414,0.96738
3.5543,0.61226
3.6094,0.75635
3.6637,0.69952
3.7172,0.78299
3.7699,0.7282
3.8219,0.89005
3.8732,0.67032
3.9738,0.75145
4.0232,0.65683
4.072,0.59944
4.1202,0.61218
4.1678,0.52885
4.2149,0.57621
4.2615,0.55947
4.3531,0.52305
4.3982,0.53357
4.4429,0.51386
4.4871,0.52957
4.5309,0.42296
4.5742,0.45986
4.6172,0.44548
4.7019,0.39551
4.7437,0.43005
4.7851,0.43269
4.8262,0.40691
4.9073,0.32331
4.9474,0.3417
5.0265,0.35393
5.0657,0.32396
5.1045,0.33699
5.143,0.2774
5.1812,0.31882
5.2192,0.30641
5.2569,0.24145
5.3315,0.28107
5.3684,0.26833
5.405,0.27369
5.4414,0.24538
5.4776,0.26129
5.5135,0.26517
5.5492,0.25237
5.6199,0.2422
5.6549,0.26821
5.6897,0.28488
5.7243,0.24991
5.7586,0.21631
5.7928,0.22726
5.8268,0.23686
5.8942,0.18537
5.9275,0.21405
5.9608,0.22226
5.9938,0.2347
6.0593,0.17062
6.0918,0.21559
6.1562,0.24774
6.1882,0.19587
6.22,0.19821
6.2517,0.20267
6.2832,0.20614
6.3145,0.21702
6.3457,0.18474
6.4076,0.21691
6.4383,0.23467
6.4689,0.19101
6.4994,0.18794
6.5297,0.18395
6.5598,0.18909
6.5899,0.20023
6.6791,0.20156
6.7086,0.18029
6.738,0.19919
6.7672,0.17661
6.7963,0.1934
6.8253,0.17126
6.8829,0.22507
6.9115,0.16532
6.94,0.18147
6.9684,0.16952
7.0248,0.18489
7.0529,0.18786
7.1086,0.1589
7.1363,0.17686
7.1639,0.1943
7.1914,0.17388
7.2188,0.19607
7.2461,0.18784
7.2733,0.18202
7.3274,0.16054
7.3543,0.15897
7.3811,0.1808
7.4078,0.15313
7.4344,0.18895
7.4609,0.16703
7.4873,0.16127
7.566,0.17836
7.592,0.14923
7.618,0.13404
7.6696,0.17321
7.6953,0.16992
7.7719,0.16831
7.7972,0.17897
7.8225,0.16567
7.8978,0.14974
7.9725,0.15085
8.0218,0.17229
8.0464,0.17003
8.0709,0.16518
8.0953,0.20072
8.1439,0.17474
8.1923,0.16623
8.2403,0.1888
8.2642,0.15089
8.3828,0.12886
8.4063,0.14117
8.4532,0.14654
8.4765,0.18472
8.5461,0.17268
8.638,0.155
8.7062,0.16883
8.7515,0.16483
8.8189,0.18834
8.8412,0.15368
8.9742,0.18976
9.0181,0.1439
9.17,0.16977
9.2557,0.12599
9.4248,0.1712
9.4457,0.14035
9.4457,0.15383
