0.62832,14.425
0.88858,23.066
1.0883,35.911
1.2566,57.394
1.405,44.593
1.5391,29.174
1.7772,13.611
1.885,9.4514
1.9869,7.2698
2.0839,7.0778
2.1766,6.187
2.2654,3.5854
2.351,3.6476
2.5133,2.539
2.5906,2.3769
2.6657,2.1088
2.7388,1.9228
2.8099,1.5404
2.8793,1.7296
2.9471,1.4704
3.0781,1.2327
3.1416,1.1517
3.2038,1.0562
3.2648,1.0756
3.3836,0.93507
3.4414,0.81843
3.5543,0.80216
3.6094,0.7131
3.6637,0.71528
3.7172,0.68607
3.7699,0.75562
3.8219,0.62468
3.8732,0.69754
3.9738,0.59288
4.0232,0.5886
4.072,0.59483
4.1202,0.5931
4.1678,0.49294
4.2149,0.51433
4.2615,0.4724
4.3531,0.43443
4.3982,0.45683
4.4429,0.47343
4.4871,0.4906
4.5309,0.43905
4.5742,0.44207
4.6172,0.44844
4.7019,0.43784
4.7437,0.42029
4.7851,0.39293
4.8262,0.37171
4.9073,0.36373
4.9474,0.37485
5.0265,0.38885
5.0657,0.35802
5.1045,0.35845
5.143,0.35082
5.1812,0.3471
5.2192,0.34252
5.2569,0.33895
5.3315,0.30076
5.3684,0.31395
5.405,0.31943
5.4414,0.31561
5.4776,0.30331
5.5135,0.30783
5.5492,0.28421
5.6199,0.29325
5.6549,0.32042
5.6897,0.33139
5.7243,0.30569
5.7586,0.26644
5.7928,0.28302
5.8268,0.26759
5.8942,0.28455
5.9275,0.2693
5.9608,0.26471
5.9938,0.27438
6.0593,0.29758
6.0918,0.26282
6.1562,0.2517
6.1882,0.27448
6.22,0.25974
6.2517,0.26047
6.2832,0.26099
6.3145,0.2579
6.3457,0.2517
6.4076,0.24479
6.4383,0.25898
6.4689,0.22725
6.4994,0.24074
6.5297,0.22354
6.5598,0.23431
6.5899,0.23829
6.6791,0.2284
6.7086,0.23263
6.738,0.21647
6.7672,0.24203
6.7963,0.24932
6.8253,0.22667
6.8829,0.22421
6.9115,0.23632
6.94,0.22818
6.9684,0.19273
7.0248,0.22488
7.0529,0.22431
7.1086,0.21276
7.1363,0.22325
7.1639,0.20685
7.1914,0.20512
7.2188,0.21642
7.2461,0.20569
7.2733,0.23587
7.3274,0.20765
7.3543,0.21828
7.3811,0.22357
7.4078,0.21408
7.4344,0.25324
7.4609,0.19771
7.4873,0.19787
7.566,0.18922
7.592,0.21843
7.618,0.18885
7.6696,0.20719
7.6953,0.1937
7.7719,0.18477
7.7972,0.19516
7.8225,0.19683
7.8978,0.21736
7.9725,0.19847
8.0218,0.23352
8.0464,0.26252
8.0709,0.20898
8.0953,0.16044
8.1439,0.1901
8.1923,0.19066
8.2403,0.20133
8.2642,0.19237
8.3828,0.17628
8.4063,0.17971
8.4532,0.15767
8.4765,0.19543
8.5461,0.17374
8.638,0.18143
8.7062,0.19173
8.7515,0.1936
8.8189,0.16758
8.8412,0.17719
8.9742,0.17108
9.0181,0.19673
9.17,0.19578
9.2557,0.16986
9.4248,0.16005
9.4457,0.16302
9.4457,0.13859
