0.62832,15.92
0.88858,30.368
1.0883,33.714
1.2566,34.744
1.405,26.303
1.5391,15.471
1.7772,9.1937
1.885,7.9539
1.9869,5.7999
2.0839,4.8244
2.1766,4.7681
2.2654,3.5325
2.351,3.0337
2.5133,2.1141
2.5906,2.0963
2.6657,1.8607
2.7388,1.726
2.8099,1.7891
2.8793,1.4926
2.9471,1.3389
3.0781,1.2041
3.1416,1.1752
3.2038,1.0819
3.2648,0.98026
3.3836,0.86951
3.4414,0.94092
3.5543,0.79481
3.6094,0.7892
3.6637,0.79326
3.7172,0.69039
3.7699,0.71785
3.8219,0.65407
3.8732,0.66377
3.9738,0.65688
4.0232,0.60245
4.072,0.57316
4.1202,0.58334
4.1678,0.56644
4.2149,0.58087
4.2615,0.55621
4.3531,0.53356
4.3982,0.47148
4.4429,0.48164
4.4871,0.44105
4.5309,0.46945
4.5742,0.45733
4.6172,0.43881
4.7019,0.43751
4.7437,0.45227
4.7851,0.44136
4.8262,0.40433
4.9073,0.40629
4.9474,0.40998
5.0265,0.4095
5.0657,0.35933
5.1045,0.37952
5.143,0.36595
5.1812,0.32615
5.2192,0.3606
5.2569,0.32506
5.3315,0.31902
5.3684,0.34053
5.405,0.34109
5.4414,0.32268
5.4776,0.30946
5.5135,0.32299
5.5492,0.32723
5.6199,0.31867
5.6549,0.30103
5.6897,0.31739
5.7243,0.30171
5.7586,0.31488
5.7928,0.28762
5.8268,0.28748
5.8942,0.31194
5.9275,0.27817
5.9608,0.28287
5.9938,0.31668
6.0593,0.24825
6.0918,0.27463
6.1562,0.24651
6.1882,0.27619
6.22,0.25575
6.2517,0.26418
6.2832,0.26537
6.3145,0.27286
6.3457,0.27564
6.4076,0.25379
6.4383,0.26379
6.4689,0.25023
6.4994,0.25213
6.5297,0.27942
6.5598,0.27853
6.5899,0.25818
6.6791,0.24973
6.7086,0.23765
6.738,0.24334
6.7672,0.24635
6.7963,0.26069
6.8253,0.2417
6.8829,0.26947
6.9115,0.21661
6.94,0.22438
6.9684,0.20725
7.0248,0.21576
7.0529,0.25433
7.1086,0.23262
7.1363,0.21563
7.1639,0.2139
7.1914,0.22909
7.2188,0.19946
7.2461,0.23042
7.2733,0.21664
7.3274,0.20359
7.3543,0.20761
7.3811,0.20779
7.4078,0.25636
7.4344,0.22066
7.4609,0.2209
7.4873,0.20805
7.566,0.21306
7.592,0.21864
7.618,0.22391
7.6696,0.20795
7.6953,0.20296
7.7719,0.23774
7.7972,0.22732
7.8225,0.19687
7.8978,0.19403
7.9725,0.17867
8.0218,0.1622
8.0464,0.19727
8.0709,0.18036
8.0953,0.17419
8.1439,0.20322
8.1923,0.20269
8.2403,0.22765
8.2642,0.20016
8.3828,0.18816
8.4063,0.18711
8.4532,0.17039
8.4765,0.17522
8.5461,0.18958
8.638,0.18931
8.7062,0.19364
8.7515,0.1503
8.8189,0.20161
8.8412,0.18454
8.9742,0.18612
9.0181,0.16735
9.17,0.17447
9.2557,0.20645
9.4248,0.19882
9.4457,0.17138
9.4457,0.1785
