0.62832,15.55
0.88858,13.754
1.0883,10.36
1.2566,8.403
1.405,7.4392
1.5391,6.5028
1.7772,4.436
1.885,3.4795
1.9869,3.1996
2.0839,2.6556
2.1766,2.8835
2.2654,2.1135
2.351,2.1497
2.5133,1.6691
2.5906,1.6912
2.6657,1.5887
2.7388,1.381
2.8099,1.4131
2.8793,1.3718
2.9471,1.2297
3.0781,1.0182
3.1416,1.0555
3.2038,0.93984
3.2648,1.0603
3.3836,0.89181
3.4414,0.86721
3.5543,0.84526
3.6094,0.87718
3.6637,0.73493
3.7172,0.7411
3.7699,0.73095
3.8219,0.64538
3.8732,0.64304
3.9738,0.66767
4.0232,0.6241
4.072,0.6243
4.1202,0.59033
4.1678,0.61455
4.2149,0.58365
4.2615,0.55101
4.3531,0.55135
4.3982,0.54578
4.4429,0.51692
4.4871,0.51629
4.5309,0.49025
4.5742,0.4676
4.6172,0.48641
4.7019,0.44861
4.7437,0.46726
4.7851,0.45805
4.8262,0.45522
4.9073,0.42213
4.9474,0.3955
5.0265,0.42724
5.0657,0.40205
5.1045,0.38911
5.143,0.3608
5.1812,0.37827
5.2192,0.38928
5.2569,0.38084
5.3315,0.36158
5.3684,0.36546
5.405,0.38538
5.4414,0.32815
5.4776,0.30425
5.5135,0.36177
5.5492,0.3243
5.6199,0.31848
5.6549,0.32136
5.6897,0.32605
5.7243,0.32644
5.7586,0.32123
5.7928,0.32158
5.8268,0.32755
5.8942,0.30209
5.9275,0.31463
5.9608,0.31664
5.9938,0.2971
6.0593,0.28402
6.0918,0.31134
6.1562,0.31248
6.1882,0.27056
6.22,0.27006
6.2517,0.27531
6.2832,0.28406
6.3145,0.27797
6.3457,0.25337
6.4076,0.2751
6.4383,0.30445
6.4689,0.27249
6.4994,0.2532
6.5297,0.23896
6.5598,0.25958
6.5899,0.27452
6.6791,0.26566
6.7086,0.25976
6.738,0.25825
6.7672,0.25127
6.7963,0.25823
6.8253,0.21512
6.8829,0.27981
6.9115,0.25072
6.94,0.22841
6.9684,0.22722
7.0248,0.24539
7.0529,0.25022
7.1086,0.23615
7.1363,0.24
7.1639,0.22091
7.1914,0.24146
7.2188,0.2208
7.2461,0.23506
7.2733,0.23036
7.3274,0.20816
7.3543,0.25333
7.3811,0.21185
7.4078,0.20065
7.4344,0.24348
7.4609,0.21848
7.4873,0.23001
7.566,0.21699
7.592,0.21259
7.618,0.22208
7.6696,0.2198
7.6953,0.22849
7.7719,0.21977
7.7972,0.20798
7.8225,0.19906
7.8978,0.24054
7.9725,0.23172
8.0218,0.16596
8.0464,0.22587
8.0709,0.22346
8.0953,0.17751
8.1439,0.20157
8.1923,0.21265
8.2403,0.184
8.2642,0.16492
8.3828,0.25644
8.4063,0.17887
8.4532,0.21854
8.4765,0.18792
8.5461,0.21488
8.638,0.18249
8.7062,0.18961
8.7515,0.19596
8.8189,0.18885
8.8412,0.20175
8.9742,0.18271
9.0181,0.15814
9.17,0.19595
9.2557,0.16103
9.4248,0.20125
9.4457,0.15638
9.4457,0.19126
