0.62832,6.475
0.88858,11.314
1.0883,21.749
1.2566,57.47
1.405,97.029
1.5391,128.43
1.7772,33.563
1.885,18.321
1.9869,18.179
2.0839,11.029
2.1766,8.0435
2.2654,6.4583
2.351,4.998
2.5133,4.5576
2.5906,3.6392
2.6657,3.0852
2.7388,2.9016
2.8099,2.4414
2.8793,2.1528
2.9471,1.9224
3.0781,1.6823
3.1416,1.3196
3.2038,1.1937
3.2648,1.001
3.3836,0.95893
3.4414,0.8573
3.5543,0.81791
3.6094,0.73478
3.6637,0.69875
3.7172,0.72252
3.7699,0.69657
3.8219,0.70811
3.8732,0.59633
3.9738,0.60882
4.0232,0.58329
4.072,0.53172
4.1202,0.57489
4.1678,0.54299
4.2149,0.48502
4.2615,0.5197
4.3531,0.52687
4.3982,0.49563
4.4429,0.43841
4.4871,0.48425
4.5309,0.41638
4.5742,0.41358
4.6172,0.38876
4.7019,0.38327
4.7437,0.37044
4.7851,0.3352
4.8262,0.34317
4.9073,0.33114
4.9474,0.3287
5.0265,0.33748
5.0657,0.31396
5.1045,0.29978
5.143,0.27458
5.1812,0.30545
5.2192,0.2807
5.2569,0.25132
5.3315,0.29182
5.3684,0.27027
5.405,0.26
5.4414,0.2673
5.4776,0.22019
5.5135,0.24812
5.5492,0.21959
5.6199,0.25123
5.6549,0.22749
5.6897,0.2783
5.7243,0.2367
5.7586,0.22763
5.7928,0.25185
5.8268,0.24243
5.8942,0.21908
5.9275,0.20345
5.9608,0.2248
5.9938,0.26142
6.0593,0.20872
6.0918,0.21389
6.1562,0.20951
6.1882,0.22281
6.22,0.21618
6.2517,0.19444
6.2832,0.2117
6.3145,0.21091
6.3457,0.20634
6.4076,0.21743
6.4383,0.19534
6.4689,0.20001
6.4994,0.17624
6.5297,0.21677
6.5598,0.20287
6.5899,0.19849
6.6791,0.20939
6.7086,0.17217
6.738,0.18244
6.7672,0.20278
6.7963,0.20934
6.8253,0.19868
6.8829,0.19434
6.9115,0.18234
6.94,0.16603
6.9684,0.17338
7.0248,0.20057
7.0529,0.1841
7.1086,0.15962
7.1363,0.18
7.1639,0.14344
7.1914,0.17999
7.2188,0.19148
7.2461,0.17924
7.2733,0.18633
7.3274,0.17806
7.3543,0.13059
7.3811,0.16865
7.4078,0.19559
7.4344,0.15915
7.4609,0.18406
7.4873,0.15715
7.566,0.16744
7.592,0.18018
7.618,0.16806
7.6696,0.16735
7.6953,0.18452
7.7719,0.16891
7.7972,0.1799
7.8225,0.18528
7.8978,0.17381
7.9725,0.17011
8.0218,0.16293
8.0464,0.15993
8.0709,0.1796
8.0953,0.15134
8.1439,0.14708
8.1923,0.15876
8.2403,0.1653
8.2642,0.15037
8.3828,0.17264
8.4063,0.15344
8.4532,0.16594
8.4765,0.14575
8.5461,0.16386
8.638,0.16704
8.7062,0.17699
8.7515,0.16542
8.8189,0.18061
8.8412,0.16658
8.9742,0.17167
9.0181,0.16498
9.17,0.15304
9.2557,0.1394
9.4248,0.1297
9.4457,0.14032
9.4457,0.17575
