0.62832,8.7394
0.88858,14.579
1.0883,30.857
1.2566,62.114
1.405,85.325
1.5391,69.16
1.7772,23.716
1.885,14.883
1.9869,10.5
2.0839,8.6977
2.1766,7.1625
2.2654,5.6564
2.351,5.2359
2.5133,3.6455
2.5906,2.8739
2.6657,2.672
2.7388,2.0833
2.8099,2.0684
2.8793,1.7295
2.9471,1.7378
3.0781,1.2695
3.1416,1.219
3.2038,1.1395
3.2648,1.0526
3.3836,0.91584
3.4414,0.98938
3.5543,0.86464
3.6094,0.80839
3.6637,0.76312
3.7172,0.64234
3.7699,0.65747
3.8219,0.64923
3.8732,0.62649
3.9738,0.58958
4.0232,0.53318
4.072,0.52799
4.1202,0.48149
4.1678,0.51652
4.2149,0.45165
4.2615,0.45722
4.3531,0.3993
4.3982,0.44694
4.4429,0.4355
4.4871,0.42017
4.5309,0.37251
4.5742,0.42115
4.6172,0.40092
4.7019,0.37713
4.7437,0.41191
4.7851,0.37802
4.8262,0.35137
4.9073,0.34641
4.9474,0.34354
5.0265,0.33224
5.0657,0.30872
5.1045,0.30703
5.143,0.32874
5.1812,0.31084
5.2192,0.30296
5.2569,0.30889
5.3315,0.30141
5.3684,0.28262
5.405,0.29187
5.4414,0.25182
5.4776,0.27094
5.5135,0.26294
5.5492,0.26042
5.6199,0.2485
5.6549,0.25944
5.6897,0.28052
5.7243,0.27517
5.7586,0.27238
5.7928,0.26848
5.8268,0.25546
5.8942,0.23163
5.9275,0.2421
5.9608,0.23555
5.9938,0.25338
6.0593,0.24096
6.0918,0.23606
6.1562,0.23835
6.1882,0.22687
6.22,0.21656
6.2517,0.24422
6.2832,0.22874
6.3145,0.22991
6.3457,0.21378
6.4076,0.22604
6.4383,0.22881
6.4689,0.21469
6.4994,0.22327
6.5297,0.23189
6.5598,0.21829
6.5899,0.2145
6.6791,0.21861
6.7086,0.21198
6.738,0.19434
6.7672,0.21078
6.7963,0.19293
6.8253,0.20093
6.8829,0.22041
6.9115,0.20491
6.94,0.1862
6.9684,0.21594
7.0248,0.2081
7.0529,0.19905
7.1086,0.18243
7.1363,0.19701
7.1639,0.22645
7.1914,0.21292
7.2188,0.21451
7.2461,0.19757
7.2733,0.20675
7.3274,0.18533
7.3543,0.17189
7.3811,0.20202
7.4078,0.25508
7.4344,0.19112
7.4609,0.18409
7.4873,0.17139
7.566,0.19088
7.592,0.16813
7.618,0.1852
7.6696,0.18726
7.6953,0.15551
7.7719,0.18621
7.7972,0.20231
7.8225,0.20829
7.8978,0.1896
7.9725,0.17046
8.0218,0.18927
8.0464,0.19842
8.0709,0.19395
8.0953,0.18603
8.1439,0.17285
8.1923,0.15534
8.2403,0.16665
8.2642,0.17463
8.3828,0.16824
8.4063,0.17774
8.4532,0.15133
8.4765,0.17093
8.5461,0.18513
8.638,0.1768
8.7062,0.17772
8.7515,0.17587
8.8189,0.19328
8.8412,0.16715
8.9742,0.21338
9.0181,0.19678
9.17,0.15456
9.2557,0.18522
9.4248,0.17293
9.4457,0.15135
9.4457,0.16449
