0.62832,2.6832
0.88858,2.6314
1.0883,2.6455
1.2566,2.4916
1.405,2.0991
1.5391,2.2155
1.7772,2.0672
1.885,1.596
1.9869,1.7169
2.0839,1.4961
2.1766,1.3048
2.2654,1.4688
2.351,1.2954
2.5133,1.2266
2.5906,1.1468
2.6657,1.0463
2.7388,1.0781
2.8099,1.0223
2.8793,0.98162
2.9471,0.98427
3.0781,0.89476
3.1416,0.91157
3.2038,0.89465
3.2648,0.76917
3.3836,0.7811
3.4414,0.81644
3.5543,0.75264
3.6094,0.6761
3.6637,0.6571
3.7172,0.6954
3.7699,0.6937
3.8219,0.59805
3.8732,0.63049
3.9738,0.58025
4.0232,0.58945
4.072,0.59522
4.1202,0.51069
4.1678,0.58517
4.2149,0.58126
4.2615,0.50993
4.3531,0.46734
4.3982,0.53226
4.4429,0.48224
4.4871,0.49317
4.5309,0.49616
4.5742,0.4783
4.6172,0.49556
4.7019,0.46122
4.7437,0.42271
4.7851,0.42137
4.8262,0.4462
4.9073,0.42565
4.9474,0.45218
5.0265,0.44607
5.0657,0.39333
5.1045,0.3844
5.143,0.42304
5.1812,0.37155
5.2192,0.36427
5.2569,0.41059
5.3315,0.38205
5.3684,0.39596
5.405,0.35324
5.4414,0.3796
5.4776,0.3575
5.5135,0.34094
5.5492,0.35985
5.6199,0.35637
5.6549,0.33301
5.6897,0.33073
5.7243,0.31342
5.7586,0.31458
5.7928,0.33814
5.8268,0.33394
5.8942,0.34513
5.9275,0.31588
5.9608,0.33198
5.9938,0.3111
6.0593,0.31128
6.0918,0.30981
6.1562,0.3169
6.1882,0.28133
6.22,0.3015
6.2517,0.30155
6.2832,0.3023
6.3145,0.28695
6.3457,0.29081
6.4076,0.28622
6.4383,0.29041
6.4689,0.29667
6.4994,0.2733
6.5297,0.28554
6.5598,0.26407
6.5899,0.27868
6.6791,0.25423
6.7086,0.25569
6.738,0.26903
6.7672,0.26082
6.7963,0.27804
6.8253,0.27188
6.8829,0.25381
6.9115,0.28218
6.94,0.25604
6.9684,0.23313
7.0248,0.25934
7.0529,0.2276
7.1086,0.21728
7.1363,0.23003
7.1639,0.2431
7.1914,0.23441
7.2188,0.249
7.2461,0.22904
7.2733,0.22034
7.3274,0.24888
7.3543,0.24008
7.3811,0.26493
7.4078,0.23458
7.4344,0.26291
7.4609,0.24374
7.4873,0.2356
7.566,0.2201
7.592,0.23908
7.618,0.21148
7.6696,0.20934
7.6953,0.1893
7.7719,0.22238
7.7972,0.22718
7.8225,0.19908
7.8978,0.2059
7.9725,0.20061
8.0218,0.23408
8.0464,0.22216
8.0709,0.17737
8.0953,0.19277
8.1439,0.20351
8.1923,0.20451
8.2403,0.19133
8.2642,0.19983
8.3828,0.21781
8.4063,0.18169
8.4532,0.19543
8.4765,0.21077
8.5461,0.2312
8.638,0.2027
8.7062,0.20995
8.7515,0.17555
8.8189,0.19141
8.8412,0.18487
8.9742,0.17297
9.0181,0.19172
9.17,0.19255
9.2557,0.21261
9.4248,0.2066
9.4457,0.17059
9.4457,0.1805
