0.62832,5.6671
0.88858,11.217
1.0883,19.307
1.2566,56.93
1.405,90.343
1.5391,92.359
1.7772,25.214
1.885,19.212
1.9869,13.599
2.0839,10.424
2.1766,7.542
2.2654,5.8763
2.351,4.9821
2.5133,5.3077
2.5906,3.2615
2.6657,2.9578
2.7388,2.4287
2.8099,2.1578
2.8793,2.1026
2.9471,1.8755
3.0781,1.3417
3.1416,1.2633
3.2038,1.187
3.2648,1.0508
3.3836,0.84927
3.4414,0.84178
3.5543,0.78403
3.6094,0.68911
3.6637,0.65166
3.7172,0.72
3.7699,0.6747
3.8219,0.68794
3.8732,0.5863
3.9738,0.54982
4.0232,0.52766
4.072,0.47854
4.1202,0.48225
4.1678,0.53828
4.2149,0.47437
4.2615,0.41538
4.3531,0.4486
4.3982,0.41792
4.4429,0.4277
4.4871,0.41299
4.5309,0.38905
4.5742,0.39646
4.6172,0.38123
4.7019,0.35007
4.7437,0.3343
4.7851,0.35171
4.8262,0.31542
4.9073,0.30819
4.9474,0.32728
5.0265,0.32729
5.0657,0.31536
5.1045,0.29694
5.143,0.27316
5.1812,0.29619
5.2192,0.29011
5.2569,0.25594
5.3315,0.26661
5.3684,0.25502
5.405,0.26675
5.4414,0.26947
5.4776,0.21053
5.5135,0.25527
5.5492,0.23584
5.6199,0.26943
5.6549,0.24193
5.6897,0.25704
5.7243,0.24349
5.7586,0.25125
5.7928,0.24117
5.8268,0.25195
5.8942,0.20693
5.9275,0.2114
5.9608,0.21777
5.9938,0.21149
6.0593,0.19616
6.0918,0.23087
6.1562,0.20991
6.1882,0.2018
6.22,0.21962
6.2517,0.18617
6.2832,0.23682
6.3145,0.21237
6.3457,0.20223
6.4076,0.20703
6.4383,0.20369
6.4689,0.20137
6.4994,0.20722
6.5297,0.17711
6.5598,0.1852
6.5899,0.19098
6.6791,0.20058
6.7086,0.19564
6.738,0.21147
6.7672,0.2056
6.7963,0.2135
6.8253,0.18263
6.8829,0.20562
6.9115,0.18297
6.94,0.1609
6.9684,0.19963
7.0248,0.20858
7.0529,0.18899
7.1086,0.18197
7.1363,0.18556
7.1639,0.19949
7.1914,0.18371
7.2188,0.20253
7.2461,0.18819
7.2733,0.17136
7.3274,0.1774
7.3543,0.17236
7.3811,0.14975
7.4078,0.17022
7.4344,0.18012
7.4609,0.1833
7.4873,0.14088
7.566,0.17368
7.592,0.18777
7.618,0.14912
7.6696,0.17098
7.6953,0.18863
7.7719,0.17291
7.7972,0.18974
7.8225,0.18759
7.8978,0.15914
7.9725,0.17206
8.0218,0.17672
8.0464,0.17299
8.0709,0.20837
8.0953,0.15265
8.1439,0.16707
8.1923,0.15963
8.2403,0.15559
8.2642,0.18349
8.3828,0.19228
8.4063,0.15162
8.4532,0.16398
8.4765,0.17909
8.5461,0.16706
8.638,0.17014
8.7062,0.13151
8.7515,0.17388
8.8189,0.18944
8.8412,0.17614
8.9742,0.14547
9.0181,0.17347
9.17,0.14659
9.2557,0.14718
9.4248,0.13996
9.4457,0.18481
9.4457,0.1539
