0.62832,18.997
0.88858,21.877
1.0883,21.489
1.2566,12.812
1.405,10.185
1.5391,7.5946
1.7772,4.6885
1.885,4.2526
1.9869,3.564
2.0839,2.814
2.1766,3.1766
2.2654,2.6249
2.351,2.462
2.5133,1.9959
2.5906,1.7676
2.6657,1.742
2.7388,1.6862
2.8099,1.5272
2.8793,1.3495
2.9471,1.2731
3.0781,1.1197
3.1416,1.1297
3.2038,1.01
3.2648,1.0192
3.3836,0.92613
3.4414,0.85068
3.5543,0.88142
3.6094,0.79297
3.6637,0.8295
3.7172,0.79212
3.7699,0.75768
3.8219,0.66696
3.8732,0.70797
3.9738,0.59021
4.0232,0.63389
4.072,0.60184
4.1202,0.61229
4.1678,0.55376
4.2149,0.60131
4.2615,0.57229
4.3531,0.54043
4.3982,0.50676
4.4429,0.47811
4.4871,0.50162
4.5309,0.5267
4.5742,0.50884
4.6172,0.47159
4.7019,0.50647
4.7437,0.42153
4.7851,0.4704
4.8262,0.43466
4.9073,0.41197
4.9474,0.43644
5.0265,0.40784
5.0657,0.40208
5.1045,0.40462
5.143,0.39113
5.1812,0.37263
5.2192,0.35584
5.2569,0.38607
5.3315,0.34897
5.3684,0.35679
5.405,0.35496
5.4414,0.36611
5.4776,0.31728
5.5135,0.36592
5.5492,0.33339
5.6199,0.3166
5.6549,0.33079
5.6897,0.33302
5.7243,0.31969
5.7586,0.30471
5.7928,0.28779
5.8268,0.33047
5.8942,0.26967
5.9275,0.30638
5.9608,0.2975
5.9938,0.33736
6.0593,0.33515
6.0918,0.30722
6.1562,0.273
6.1882,0.29021
6.22,0.27118
6.2517,0.27646
6.2832,0.27327
6.3145,0.28159
6.3457,0.28932
6.4076,0.26309
6.4383,0.28998
6.4689,0.2911
6.4994,0.26789
6.5297,0.29073
6.5598,0.25425
6.5899,0.27058
6.6791,0.25537
6.7086,0.2549
6.738,0.25703
6.7672,0.26855
6.7963,0.24881
6.8253,0.26676
6.8829,0.26146
6.9115,0.2315
6.94,0.21069
6.9684,0.2543
7.0248,0.24889
7.0529,0.27018
7.1086,0.20984
7.1363,0.21072
7.1639,0.28752
7.1914,0.23962
7.2188,0.21081
7.2461,0.22827
7.2733,0.23472
7.3274,0.21316
7.3543,0.21408
7.3811,0.21868
7.4078,0.21731
7.4344,0.23163
7.4609,0.20462
7.4873,0.23025
7.566,0.20951
7.592,0.23102
7.618,0.20442
7.6696,0.22013
7.6953,0.25812
7.7719,0.2109
7.7972,0.20601
7.8225,0.19528
7.8978,0.19427
7.9725,0.20812
8.0218,0.19059
8.0464,0.2547
8.0709,0.21306
8.0953,0.18356
8.1439,0.19381
8.1923,0.18927
8.2403,0.22287
8.2642,0.17721
8.3828,0.23901
8.4063,0.20034
8.4532,0.19833
8.4765,0.18164
8.5461,0.18847
8.638,0.19121
8.7062,0.16952
8.7515,0.16044
8.8189,0.20455
8.8412,0.17966
8.9742,0.26202
9.0181,0.13782
9.17,0.19627
9.2557,0.17498
9.4248,0.17584
9.4457,0.16842
9.4457,0.18085
