0.62832,6.3966
0.88858,10.071
1.0883,20.087
1.2566,58.41
1.405,98.076
1.5391,118.36
1.7772,31.083
1.885,19.56
1.9869,17.385
2.0839,11.744
2.1766,7.2865
2.2654,6.6963
2.351,5.0455
2.5133,4.6704
2.5906,3.5908
2.6657,3.3175
2.7388,2.6524
2.8099,2.358
2.8793,2.3214
2.9471,1.8933
3.0781,1.4843
3.1416,1.2883
3.2038,1.2291
3.2648,1.0805
3.3836,0.89356
3.4414,0.86437
3.5543,0.69933
3.6094,0.64575
3.6637,0.65012
3.7172,0.65469
3.7699,0.6716
3.8219,0.68469
3.8732,0.66066
3.9738,0.59275
4.0232,0.55486
4.072,0.56274
4.1202,0.56884
4.1678,0.53764
4.2149,0.48548
4.2615,0.49546
4.3531,0.46118
4.3982,0.45126
4.4429,0.4553
4.4871,0.40859
4.5309,0.41553
4.5742,0.42022
4.6172,0.40323
4.7019,0.38231
4.7437,0.34711
4.7851,0.35892
4.8262,0.33285
4.9073,0.29902
4.9474,0.33618
5.0265,0.35649
5.0657,0.33229
5.1045,0.29539
5.143,0.27515
5.1812,0.30209
5.2192,0.30183
5.2569,0.25242
5.3315,0.29922
5.3684,0.26166
5.405,0.26241
5.4414,0.2294
5.4776,0.22964
5.5135,0.25266
5.5492,0.22595
5.6199,0.23656
5.6549,0.25256
5.6897,0.25284
5.7243,0.24353
5.7586,0.23487
5.7928,0.23472
5.8268,0.26102
5.8942,0.17974
5.9275,0.22577
5.9608,0.23299
5.9938,0.21029
6.0593,0.21316
6.0918,0.21383
6.1562,0.22082
6.1882,0.20079
6.22,0.19049
6.2517,0.20713
6.2832,0.21786
6.3145,0.19518
6.3457,0.22387
6.4076,0.20872
6.4383,0.22119
6.4689,0.19455
6.4994,0.1768
6.5297,0.21343
6.5598,0.19294
6.5899,0.19309
6.6791,0.20031
6.7086,0.181
6.738,0.17703
6.7672,0.20598
6.7963,0.19959
6.8253,0.18051
6.8829,0.17577
6.9115,0.16349
6.94,0.15977
6.9684,0.12293
7.0248,0.18872
7.0529,0.19979
7.1086,0.17767
7.1363,0.17742
7.1639,0.19052
7.1914,0.15768
7.2188,0.20012
7.2461,0.18851
7.2733,0.16163
7.3274,0.18929
7.3543,0.17327
7.3811,0.13124
7.4078,0.16678
7.4344,0.19279
7.4609,0.18961
7.4873,0.15795
7.566,0.19363
7.592,0.16588
7.618,0.15047
7.6696,0.16063
7.6953,0.19122
7.7719,0.16443
7.7972,0.17227
7.8225,0.1742
7.8978,0.1721
7.9725,0.16146
8.0218,0.17089
8.0464,0.18488
8.0709,0.16511
8.0953,0.14972
8.1439,0.17846
8.1923,0.16853
8.2403,0.16764
8.2642,0.17444
8.3828,0.12911
8.4063,0.18318
8.4532,0.15925
8.4765,0.17118
8.5461,0.17087
8.638,0.15105
8.7062,0.1744
8.7515,0.16216
8.8189,0.14899
8.8412,0.16161
8.9742,0.18463
9.0181,0.1609
9.17,0.15979
9.2557,0.15657
9.4248,0.17309
9.4457,0.15192
9.4457,0.18569
