0.62832,7.077
0.88858,11.558
1.0883,19.811
1.2566,53.424
1.405,90.576
1.5391,121.12
1.7772,32.59
1.885,17.585
1.9869,16.257
2.0839,11.354
2.1766,6.2663
2.2654,6.6722
2.351,4.8288
2.5133,4.5926
2.5906,3.8955
2.6657,3.0259
2.7388,2.5786
2.8099,2.3281
2.8793,2.0457
2.9471,1.8756
3.0781,1.3062
3.1416,1.3238
3.2038,1.1828
3.2648,1.0652
3.3836,0.96529
3.4414,0.91302
3.5543,0.74825
3.6094,0.66188
3.6637,0.75014
3.7172,0.72547
3.7699,0.6467
3.8219,0.65598
3.8732,0.63103
3.9738,0.62295
4.0232,0.55087
4.072,0.54591
4.1202,0.49128
4.1678,0.44644
4.2149,0.48268
4.2615,0.46703
4.3531,0.45127
4.3982,0.49614
4.4429,0.42052
4.4871,0.42457
4.5309,0.38864
4.5742,0.41217
4.6172,0.38055
4.7019,0.32443
4.7437,0.34384
4.7851,0.37517
4.8262,0.36756
4.9073,0.31693
4.9474,0.31968
5.0265,0.34962
5.0657,0.31324
5.1045,0.3017
5.143,0.29249
5.1812,0.29324
5.2192,0.28279
5.2569,0.25931
5.3315,0.27048
5.3684,0.25489
5.405,0.27509
5.4414,0.23131
5.4776,0.26649
5.5135,0.23952
5.5492,0.23236
5.6199,0.24292
5.6549,0.24191
5.6897,0.24848
5.7243,0.24778
5.7586,0.24832
5.7928,0.2369
5.8268,0.25534
5.8942,0.21146
5.9275,0.22062
5.9608,0.22581
5.9938,0.21474
6.0593,0.16546
6.0918,0.21194
6.1562,0.22142
6.1882,0.20596
6.22,0.21249
6.2517,0.18788
6.2832,0.22162
6.3145,0.21006
6.3457,0.18052
6.4076,0.19941
6.4383,0.22069
6.4689,0.20604
6.4994,0.19477
6.5297,0.16929
6.5598,0.18503
6.5899,0.18773
6.6791,0.20574
6.7086,0.18384
6.738,0.18709
6.7672,0.18543
6.7963,0.1924
6.8253,0.18295
6.8829,0.18767
6.9115,0.15882
6.94,0.17596
6.9684,0.19349
7.0248,0.20006
7.0529,0.1782
7.1086,0.17982
7.1363,0.18167
7.1639,0.17023
7.1914,0.18221
7.2188,0.15617
7.2461,0.18011
7.2733,0.15971
7.3274,0.16873
7.3543,0.19091
7.3811,0.14491
7.4078,0.18084
7.4344,0.17971
7.4609,0.19531
7.4873,0.17622
7.566,0.17499
7.592,0.16662
7.618,0.1702
7.6696,0.17368
7.6953,0.15646
7.7719,0.15554
7.7972,0.17375
7.8225,0.17552
7.8978,0.1827
7.9725,0.18705
8.0218,0.19956
8.0464,0.15692
8.0709,0.18377
8.0953,0.14028
8.1439,0.17999
8.1923,0.16733
8.2403,0.20583
8.2642,0.16324
8.3828,0.1942
8.4063,0.1501
8.4532,0.18462
8.4765,0.17105
8.5461,0.16189
8.638,0.16335
8.7062,0.19004
8.7515,0.19328
8.8189,0.20039
8.8412,0.16765
8.9742,0.17381
9.0181,0.17085
9.17,0.16553
9.2557,0.14203
9.4248,0.14545
9.4457,0.17861
9.4457,0.18314
