0.62832,6.6114
0.88858,10.983
1.0883,20.938
1.2566,66.413
1.405,95.158
1.5391,100.06
1.7772,29.704
1.885,19.721
1.9869,15.766
2.0839,11.949
2.1766,8.65
2.2654,6.7752
2.351,5.0529
2.5133,4.2019
2.5906,3.3741
2.6657,2.8434
2.7388,2.6203
2.8099,2.2792
2.8793,2.1307
2.9471,1.7721
3.0781,1.349
3.1416,1.2748
3.2038,1.2105
3.2648,1.0824
3.3836,0.95454
3.4414,0.91867
3.5543,0.75676
3.6094,0.74231
3.6637,0.66282
3.7172,0.66455
3.7699,0.63163
3.8219,0.63537
3.8732,0.5864
3.9738,0.60952
4.0232,0.52518
4.072,0.50565
4.1202,0.54344
4.1678,0.53929
4.2149,0.46898
4.2615,0.46248
4.3531,0.40613
4.3982,0.42859
4.4429,0.42253
4.4871,0.40642
4.5309,0.37135
4.5742,0.37869
4.6172,0.41146
4.7019,0.39592
4.7437,0.37317
4.7851,0.32781
4.8262,0.35046
4.9073,0.3183
4.9474,0.30007
5.0265,0.36575
5.0657,0.3148
5.1045,0.29019
5.143,0.26414
5.1812,0.28757
5.2192,0.26354
5.2569,0.24994
5.3315,0.25731
5.3684,0.25513
5.405,0.27453
5.4414,0.26824
5.4776,0.22493
5.5135,0.24256
5.5492,0.26149
5.6199,0.23922
5.6549,0.26198
5.6897,0.26221
5.7243,0.23375
5.7586,0.23535
5.7928,0.24105
5.8268,0.24131
5.8942,0.20627
5.9275,0.21482
5.9608,0.22888
5.9938,0.22892
6.0593,0.23242
6.0918,0.24524
6.1562,0.17512
6.1882,0.21291
6.22,0.20389
6.2517,0.22072
6.2832,0.22589
6.3145,0.20956
6.3457,0.22199
6.4076,0.21662
6.4383,0.21147
6.4689,0.21002
6.4994,0.19844
6.5297,0.19355
6.5598,0.20742
6.5899,0.1936
6.6791,0.19934
6.7086,0.21549
6.738,0.1759
6.7672,0.19086
6.7963,0.20401
6.8253,0.19011
6.8829,0.19633
6.9115,0.17738
6.94,0.18963
6.9684,0.17794
7.0248,0.19782
7.0529,0.19007
7.1086,0.19316
7.1363,0.17483
7.1639,0.17351
7.1914,0.20012
7.2188,0.17183
7.2461,0.18414
7.2733,0.17777
7.3274,0.18959
7.3543,0.19609
7.3811,0.15392
7.4078,0.16414
7.4344,0.18331
7.4609,0.1721
7.4873,0.1702
7.566,0.18107
7.592,0.17628
7.618,0.17718
7.6696,0.17092
7.6953,0.17772
7.7719,0.15787
7.7972,0.1899
7.8225,0.17109
7.8978,0.16272
7.9725,0.17342
8.0218,0.18648
8.0464,0.16065
8.0709,0.17309
8.0953,0.1599
8.1439,0.17804
8.1923,0.17677
8.2403,0.18107
8.2642,0.20781
8.3828,0.1756
8.4063,0.16359
8.4532,0.15606
8.4765,0.20779
8.5461,0.1462
8.638,0.18276
8.7062,0.17658
8.7515,0.14254
8.8189,0.18727
8.8412,0.17907
8.9742,0.1872
9.0181,0.16139
9.17,0.16995
9.2557,0.19495
9.4248,0.17898
9.4457,0.19413
9.4457,0.16142
