0.62832,10.875
0.88858,8.8774
1.0883,6.4295
1.2566,6.6763
1.405,5.0032
1.5391,4.4225
1.7772,3.1991
1.885,2.8459
1.9869,2.6565
2.0839,2.2676
2.1766,2.4468
2.2654,2.0577
2.351,1.8405
2.5133,1.8049
2.5906,1.5445
2.6657,1.3999
2.7388,1.3605
2.8099,1.3041
2.8793,1.3556
2.9471,1.23
3.0781,1.0745
3.1416,1.094
3.2038,0.97659
3.2648,1.0133
3.3836,0.87387
3.4414,0.80802
3.5543,0.83132
3.6094,0.81879
3.6637,0.74041
3.7172,0.73075
3.7699,0.72881
3.8219,0.71549
3.8732,0.5953
3.9738,0.62886
4.0232,0.60262
4.072,0.64197
4.1202,0.63325
4.1678,0.60903
4.2149,0.60506
4.2615,0.55752
4.3531,0.56543
4.3982,0.52889
4.4429,0.50926
4.4871,0.51603
4.5309,0.49705
4.5742,0.48207
4.6172,0.48942
4.7019,0.47309
4.7437,0.43866
4.7851,0.45159
4.8262,0.4642
4.9073,0.42333
4.9474,0.41946
5.0265,0.44337
5.0657,0.41114
5.1045,0.38827
5.143,0.38639
5.1812,0.38507
5.2192,0.37295
5.2569,0.37788
5.3315,0.38696
5.3684,0.36618
5.405,0.37331
5.4414,0.35594
5.4776,0.341
5.5135,0.36761
5.5492,0.38529
5.6199,0.35005
5.6549,0.31974
5.6897,0.33133
5.7243,0.31683
5.7586,0.34345
5.7928,0.32954
5.8268,0.33589
5.8942,0.34986
5.9275,0.29819
5.9608,0.31605
5.9938,0.30379
6.0593,0.28323
6.0918,0.29103
6.1562,0.30583
6.1882,0.30675
6.22,0.29181
6.2517,0.27702
6.2832,0.31247
6.3145,0.29534
6.3457,0.28243
6.4076,0.28523
6.4383,0.28952
6.4689,0.27068
6.4994,0.25979
6.5297,0.2444
6.5598,0.29953
6.5899,0.27655
6.6791,0.28498
6.7086,0.27803
6.738,0.24382
6.7672,0.26798
6.7963,0.25999
6.8253,0.24725
6.8829,0.27816
6.9115,0.26248
6.94,0.26453
6.9684,0.30541
7.0248,0.2433
7.0529,0.24147
7.1086,0.22943
7.1363,0.24215
7.1639,0.24802
7.1914,0.24468
7.2188,0.21102
7.2461,0.25426
7.2733,0.22987
7.3274,0.22544
7.3543,0.22732
7.3811,0.24265
7.4078,0.2173
7.4344,0.25328
7.4609,0.2254
7.4873,0.21793
7.566,0.21911
7.592,0.24717
7.618,0.22884
7.6696,0.20411
7.6953,0.21116
7.7719,0.21968
7.7972,0.20266
7.8225,0.18894
7.8978,0.21798
7.9725,0.19435
8.0218,0.20306
8.0464,0.20474
8.0709,0.21993
8.0953,0.20789
8.1439,0.17574
8.1923,0.21887
8.2403,0.19534
8.2642,0.19061
8.3828,0.17361
8.4063,0.19362
8.4532,0.20607
8.4765,0.20007
8.5461,0.18488
8.638,0.20825
8.7062,0.15645
8.7515,0.17455
8.8189,0.21456
8.8412,0.18209
8.9742,0.15945
9.0181,0.16279
9.17,0.17235
9.2557,0.1632
9.4248,0.18001
9.4457,0.14143
9.4457,0.17743
