0.62832,4.0453
0.88858,3.0799
1.0883,2.659
1.2566,2.8834
1.405,2.6554
1.5391,2.2228
1.7772,1.9243
1.885,1.7502
1.9869,1.8371
2.0839,1.6247
2.1766,1.5044
2.2654,1.3949
2.351,1.4297
2.5133,1.2488
2.5906,1.298
2.6657,1.1471
2.7388,1.219
2.8099,1.1514
2.8793,1.0479
2.9471,0.92645
3.0781,1.0275
3.1416,0.92283
3.2038,0.90516
3.2648,0.85767
3.3836,0.78922
3.4414,0.7388
3.5543,0.73646
3.6094,0.69508
3.6637,0.63548
3.7172,0.68265
3.7699,0.7134
3.8219,0.66857
3.8732,0.63716
3.9738,0.57326
4.0232,0.59029
4.072,0.6533
4.1202,0.6105
4.1678,0.50158
4.2149,0.57836
4.2615,0.5164
4.3531,0.50291
4.3982,0.52201
4.4429,0.48448
4.4871,0.51227
4.5309,0.4798
4.5742,0.4638
4.6172,0.47122
4.7019,0.45535
4.7437,0.46426
4.7851,0.43783
4.8262,0.42778
4.9073,0.45535
4.9474,0.43505
5.0265,0.39769
5.0657,0.40502
5.1045,0.41209
5.143,0.41979
5.1812,0.37279
5.2192,0.38946
5.2569,0.35039
5.3315,0.3693
5.3684,0.37888
5.405,0.3739
5.4414,0.30551
5.4776,0.3566
5.5135,0.37803
5.5492,0.3295
5.6199,0.33506
5.6549,0.3381
5.6897,0.31668
5.7243,0.32826
5.7586,0.29746
5.7928,0.32221
5.8268,0.30729
5.8942,0.33703
5.9275,0.3067
5.9608,0.32698
5.9938,0.32493
6.0593,0.31733
6.0918,0.31092
6.1562,0.33902
6.1882,0.29044
6.22,0.33207
6.2517,0.29343
6.2832,0.29593
6.3145,0.2893
6.3457,0.2719
6.4076,0.29604
6.4383,0.26166
6.4689,0.27019
6.4994,0.27087
6.5297,0.25152
6.5598,0.24896
6.5899,0.2852
6.6791,0.2612
6.7086,0.25432
6.738,0.27013
6.7672,0.24493
6.7963,0.27724
6.8253,0.26898
6.8829,0.27152
6.9115,0.24805
6.94,0.25242
6.9684,0.25479
7.0248,0.26351
7.0529,0.23989
7.1086,0.22544
7.1363,0.24964
7.1639,0.22391
7.1914,0.22889
7.2188,0.23256
7.2461,0.25043
7.2733,0.24273
7.3274,0.22857
7.3543,0.2419
7.3811,0.23104
7.4078,0.24851
7.4344,0.25758
7.4609,0.21431
7.4873,0.2073
7.566,0.24438
7.592,0.24421
7.618,0.24326
7.6696,0.22635
7.6953,0.28153
7.7719,0.20783
7.7972,0.22837
7.8225,0.20869
7.8978,0.22764
7.9725,0.20387
8.0218,0.2255
8.0464,0.20346
8.0709,0.24612
8.0953,0.23648
8.1439,0.20034
8.1923,0.22129
8.2403,0.20675
8.2642,0.19404
8.3828,0.20601
8.4063,0.17577
8.4532,0.18057
8.4765,0.19696
8.5461,0.19959
8.638,0.18506
8.7062,0.21271
8.7515,0.19473
8.8189,0.14323
8.8412,0.17695
8.9742,0.13557
9.0181,0.18259
9.17,0.17788
9.2557,0.2011
9.4248,0.16762
9.4457,0.16198
9.4457,0.15971
