0.62832,6.5187
0.88858,12.594
1.0883,20.155
1.2566,54.168
1.405,86.345
1.5391,98.169
1.7772,28.264
1.885,18.513
1.9869,16.206
2.0839,10.194
2.1766,6.2743
2.2654,6.1793
2.351,4.7912
2.5133,4.7981
2.5906,3.3107
2.6657,2.8679
2.7388,2.3362
2.8099,2.2157
2.8793,2.1365
2.9471,1.6009
3.0781,1.3755
3.1416,1.3864
3.2038,1.0849
3.2648,1.0761
3.3836,0.90284
3.4414,0.85794
3.5543,0.75519
3.6094,0.74383
3.6637,0.71949
3.7172,0.73034
3.7699,0.62319
3.8219,0.64407
3.8732,0.62925
3.9738,0.58141
4.0232,0.55537
4.072,0.51992
4.1202,0.50854
4.1678,0.44472
4.2149,0.49782
4.2615,0.45108
4.3531,0.35652
4.3982,0.44806
4.4429,0.4215
4.4871,0.4307
4.5309,0.41549
4.5742,0.41977
4.6172,0.38116
4.7019,0.33802
4.7437,0.33242
4.7851,0.34073
4.8262,0.35696
4.9073,0.30179
4.9474,0.30501
5.0265,0.36024
5.0657,0.30939
5.1045,0.29503
5.143,0.27842
5.1812,0.31428
5.2192,0.28328
5.2569,0.25858
5.3315,0.25962
5.3684,0.29506
5.405,0.25408
5.4414,0.25804
5.4776,0.25395
5.5135,0.26792
5.5492,0.22477
5.6199,0.25178
5.6549,0.25126
5.6897,0.25694
5.7243,0.23357
5.7586,0.26596
5.7928,0.2418
5.8268,0.23301
5.8942,0.19937
5.9275,0.22566
5.9608,0.22727
5.9938,0.22929
6.0593,0.18505
6.0918,0.20796
6.1562,0.16785
6.1882,0.22607
6.22,0.19758
6.2517,0.20196
6.2832,0.22702
6.3145,0.205
6.3457,0.2219
6.4076,0.21204
6.4383,0.20336
6.4689,0.21219
6.4994,0.20092
6.5297,0.18416
6.5598,0.22008
6.5899,0.19964
6.6791,0.18803
6.7086,0.17813
6.738,0.18034
6.7672,0.19636
6.7963,0.20138
6.8253,0.17453
6.8829,0.20701
6.9115,0.18056
6.94,0.17706
6.9684,0.18039
7.0248,0.19621
7.0529,0.19349
7.1086,0.16937
7.1363,0.17499
7.1639,0.19597
7.1914,0.18453
7.2188,0.16757
7.2461,0.15996
7.2733,0.19109
7.3274,0.16241
7.3543,0.18667
7.3811,0.15499
7.4078,0.19145
7.4344,0.17326
7.4609,0.1833
7.4873,0.16817
7.566,0.18547
7.592,0.18585
7.618,0.13543
7.6696,0.16913
7.6953,0.16318
7.7719,0.16285
7.7972,0.18794
7.8225,0.15108
7.8978,0.18011
7.9725,0.16776
8.0218,0.14456
8.0464,0.15188
8.0709,0.15909
8.0953,0.15587
8.1439,0.1692
8.1923,0.17746
8.2403,0.21489
8.2642,0.19098
8.3828,0.15069
8.4063,0.17618
8.4532,0.17721
8.4765,0.18546
8.5461,0.17668
8.638,0.17261
8.7062,0.17517
8.7515,0.16396
8.8189,0.13193
8.8412,0.17489
8.9742,0.16406
9.0181,0.18551
9.17,0.1725
9.2557,0.18857
9.4248,0.14765
9.4457,0.18635
9.4457,0.13915
