0.00100000 
0.31271778 
0.62443556 
0.93615333 
1.24787111 
1.55958889 
1.87130667 
2.18302444 
2.49474222 
2.80646000 
3.11817778 
3.42989556 
3.74161333 
4.05333111 
4.36504889 
4.67676667 
4.98848444 
5.30020222 
5.61192000 
5.92363778 
6.23535556 
6.54707333 
6.85879111 
7.17050889 
7.48222667 
7.79394444 
8.10566222 
8.41738000 
8.72909778 
9.04081556 
9.35253333 
9.66425111 
9.97596889 
10.28768667 
10.59940444 
10.91112222 
11.22284000 
11.53455778 
11.84627556 
12.15799333 
12.46971111 
12.78142889 
13.09314667 
13.40486444 
13.71658222 
14.02830000 
