-0.99,4.3374,7.4541,0.013409
-0.98604,4.329,7.4356,0.013428
-0.98208,4.3205,7.4171,0.013447
-0.97812,4.3119,7.3985,0.013467
-0.97416,4.3033,7.3799,0.013485
-0.9702,4.2949,7.3613,0.013502
-0.96624,4.2864,7.3427,0.013519
-0.96228,4.2778,7.324,0.013537
-0.95832,4.2691,7.3054,0.013555
-0.95436,4.2603,7.2867,0.013573
-0.9504,4.2514,7.268,0.013592
-0.94644,4.2428,7.2493,0.013608
-0.94248,4.2341,7.2305,0.013624
-0.93852,4.2252,7.2118,0.01364
-0.93456,4.2163,7.193,0.013657
-0.9306,4.2073,7.1742,0.013674
-0.92664,4.1983,7.1553,0.013691
-0.92268,4.1892,7.1365,0.013708
-0.91872,4.1803,7.1176,0.013722
-0.91476,4.1713,7.0987,0.013738
-0.9108,4.1621,7.0798,0.013753
-0.90684,4.1529,7.0609,0.013769
-0.90288,4.1436,7.0419,0.013785
-0.89892,4.1342,7.0229,0.0138
-0.89496,4.125,7.0039,0.013814
-0.891,4.1155,6.9849,0.013829
-0.88704,4.1062,6.9658,0.013843
-0.88308,4.0968,6.9467,0.013856
-0.87912,4.0873,6.9276,0.01387
-0.87516,4.0777,6.9085,0.013884
-0.8712,4.068,6.8894,0.013897
-0.86724,4.0585,6.8702,0.01391
-0.86328,4.0488,6.851,0.013922
-0.85932,4.0391,6.8318,0.013935
-0.85536,4.0292,6.8125,0.013947
-0.8514,4.0194,6.7933,0.013959
-0.84744,4.0096,6.774,0.01397
-0.84348,3.9996,6.7546,0.013981
-0.83952,3.9896,6.7353,0.013992
-0.83556,3.9795,6.7159,0.014003
-0.8316,3.9695,6.6965,0.014012
-0.82764,3.9593,6.6771,0.014022
-0.82368,3.9491,6.6576,0.014032
-0.81972,3.9387,6.6382,0.014042
-0.81576,3.9285,6.6186,0.01405
-0.8118,3.9181,6.5991,0.014058
-0.80784,3.9077,6.5795,0.014066
-0.80388,3.8971,6.56,0.014074
-0.79992,3.8866,6.5403,0.014081
-0.79596,3.876,6.5207,0.014088
-0.792,3.8654,6.501,0.014094
-0.78804,3.8546,6.4813,0.014101
-0.78408,3.8437,6.4616,0.014106
-0.78012,3.8329,6.4418,0.014111
-0.77616,3.822,6.422,0.014116
-0.7722,3.811,6.4022,0.01412
-0.76824,3.7999,6.3823,0.014124
-0.76428,3.7888,6.3624,0.014127
-0.76032,3.7776,6.3425,0.01413
-0.75636,3.7663,6.3226,0.014133
-0.7524,3.755,6.3026,0.014135
-0.74844,3.7436,6.2826,0.014136
-0.74448,3.7322,6.2625,0.014136
-0.74052,3.7206,6.2424,0.014137
-0.73656,3.7089,6.2223,0.014136
-0.7326,3.6973,6.2022,0.014135
-0.72864,3.6855,6.182,0.014134
-0.72468,3.6736,6.1618,0.014132
-0.72072,3.6617,6.1415,0.014129
-0.71676,3.6497,6.1213,0.014125
-0.7128,3.6376,6.1009,0.014121
-0.70884,3.6253,6.0806,0.014117
-0.70488,3.6131,6.0602,0.014111
-0.70092,3.6008,6.0398,0.014105
-0.69696,3.5883,6.0193,0.014099
-0.693,3.5758,5.9988,0.014091
-0.68904,3.5632,5.9783,0.014083
-0.68508,3.5505,5.9577,0.014074
-0.68112,3.5377,5.9371,0.014064
-0.67716,3.5248,5.9164,0.014054
-0.6732,3.5118,5.8958,0.014042
-0.66924,3.4987,5.875,0.01403
-0.66528,3.4855,5.8543,0.014017
-0.66132,3.4723,5.8335,0.014003
-0.65736,3.4589,5.8126,0.013988
-0.6534,3.4454,5.7917,0.013973
-0.64944,3.4318,5.7708,0.013956
-0.64548,3.4181,5.7498,0.013938
-0.64152,3.4043,5.7288,0.01392
-0.63756,3.3904,5.7077,0.0139
-0.6336,3.3764,5.6866,0.013879
-0.62964,3.3622,5.6655,0.013858
-0.62568,3.3479,5.6443,0.013835
-0.62172,3.3335,5.6231,0.013811
-0.61776,3.319,5.6018,0.013786
-0.6138,3.3044,5.5805,0.01376
-0.60984,3.2896,5.5591,0.013733
-0.60588,3.2747,5.5377,0.013704
-0.60192,3.2597,5.5162,0.013675
-0.59796,3.2445,5.4947,0.013644
-0.594,3.2292,5.4731,0.013611
-0.59004,3.2138,5.4515,0.013577
-0.58608,3.1982,5.4299,0.013542
-0.58212,3.1824,5.4081,0.013506
-0.57816,3.1666,5.3864,0.013468
-0.5742,3.1505,5.3646,0.013429
-0.57024,3.1343,5.3427,0.013388
-0.56628,3.118,5.3208,0.013346
-0.56232,3.1015,5.2988,0.013302
-0.55836,3.0848,5.2768,0.013256
-0.5544,3.0679,5.2547,0.013209
-0.55044,3.0509,5.2326,0.01316
-0.54648,3.0337,5.2104,0.013109
-0.54252,3.0163,5.1881,0.013056
-0.53856,2.9987,5.1658,0.013002
-0.5346,2.981,5.1435,0.012946
-0.53064,2.963,5.121,0.012888
-0.52668,2.9448,5.0985,0.012827
-0.52272,2.9265,5.076,0.012765
-0.51876,2.9079,5.0534,0.012701
-0.5148,2.8891,5.0307,0.012634
-0.51084,2.87,5.008,0.012566
-0.50688,2.8508,4.9852,0.012495
-0.50292,2.8313,4.9623,0.012421
-0.49896,2.8115,4.9394,0.012346
-0.495,2.7916,4.9164,0.012268
-0.49104,2.7713,4.8934,0.012187
-0.48708,2.7508,4.8702,0.012104
-0.48312,2.73,4.847,0.012018
-0.47916,2.709,4.8238,0.011929
-0.4752,2.6877,4.8004,0.011838
-0.47124,2.666,4.777,0.011743
-0.46728,2.6441,4.7535,0.011646
-0.46332,2.6218,4.73,0.011545
-0.45936,2.5992,4.7064,0.011442
-0.4554,2.5763,4.6826,0.011335
-0.45144,2.553,4.6589,0.011225
-0.44748,2.5294,4.635,0.011112
-0.44352,2.5054,4.611,0.010995
-0.43956,2.481,4.587,0.010874
-0.4356,2.4563,4.5629,0.01075
-0.43164,2.431,4.5387,0.010621
-0.42768,2.4054,4.5144,0.010489
-0.42372,2.3793,4.4901,0.010353
-0.41976,2.3527,4.4656,0.010212
-0.4158,2.3257,4.4411,0.010067
-0.41184,2.2982,4.4165,0.009918
-0.40788,2.2701,4.3917,0.0097641
-0.40392,2.2415,4.3669,0.0096055
-0.39996,2.2123,4.342,0.009442
-0.396,2.1825,4.317,0.0092735
-0.39204,2.152,4.2919,0.0090999
-0.38808,2.121,4.2667,0.008921
-0.38412,2.0891,4.2414,0.008736
-0.38016,2.0565,4.216,0.0085454
-0.3762,2.0233,4.1905,0.0083495
-0.37224,1.9891,4.1648,0.0081469
-0.36828,1.9541,4.1391,0.0079382
-0.36432,1.9182,4.1133,0.0077232
-0.36036,1.8812,4.0873,0.0075008
-0.3564,1.8433,4.0613,0.0072718
-0.35244,1.8042,4.0351,0.0070359
-0.34848,1.764,4.0088,0.0067923
-0.34452,1.7224,3.9824,0.0065407
-0.34056,1.6794,3.9558,0.0062812
-0.3366,1.6349,3.9291,0.0060135
-0.33264,1.5887,3.9024,0.0057373
-0.32868,1.5408,3.8754,0.005452
-0.32472,1.4908,3.8484,0.0051577
-0.32076,1.4386,3.8212,0.0048536
-0.3168,1.384,3.7938,0.0045395
-0.31284,1.3265,3.7664,0.0042154
-0.30888,1.2659,3.7387,0.0038807
-0.30492,1.2016,3.711,0.0035344
-0.30096,1.1329,3.6831,0.0031766
-0.297,1.0591,3.655,0.0028072
-0.29304,0.97884,3.6268,0.0024249
-0.28908,0.89046,3.5984,0.0020298
-0.28512,0.79116,3.5699,0.0016209
-0.28116,0.67617,3.5411,0.0011981
-0.2772,0.53538,3.5123,0.00076042
-0.27324,0.33791,3.4832,0.00030749
-0.26928,0,3.454,0.00012316
-0.26532,0,3.425,0.00036159
-0.26136,0,3.3963,0.00060355
-0.2574,0,3.3679,0.00084908
-0.25344,0,3.3398,0.0010982
-0.24948,0,3.312,0.0013511
-0.24552,0,3.2845,0.0016077
-0.24156,0,3.2573,0.001868
-0.2376,0,3.2303,0.0021322
-0.23364,0,3.2036,0.0024004
-0.22968,0,3.1772,0.0026725
-0.22572,0,3.1511,0.0029486
-0.22176,0,3.1252,0.0032288
-0.2178,0,3.0996,0.0035131
-0.21384,0,3.0742,0.0038017
-0.20988,0,3.0491,0.0040945
-0.20592,0,3.0243,0.0043917
-0.20196,0,2.9996,0.0046933
-0.198,0,2.9753,0.0049993
-0.19404,0,2.9511,0.0053099
-0.19008,0,2.9272,0.0056251
-0.18612,0,2.9035,0.005945
-0.18216,0,2.8801,0.0062697
-0.1782,0,2.8569,0.0065991
-0.17424,0,2.8338,0.0069335
-0.17028,0,2.811,0.0072729
-0.16632,0,2.7885,0.0076173
-0.16236,0,2.7661,0.0079669
-0.1584,0,2.7439,0.0083217
-0.15444,0,2.722,0.0086817
-0.15048,0,2.7002,0.0090472
-0.14652,0,2.6787,0.0094182
-0.14256,0,2.6573,0.0097947
-0.1386,0,2.6362,0.010177
-0.13464,0,2.6152,0.010565
-0.13068,0,2.5944,0.010958
-0.12672,0,2.5738,0.011358
-0.12276,0,2.5534,0.011764
-0.1188,0,2.5332,0.012175
-0.11484,0,2.5131,0.012593
-0.11088,0,2.4932,0.013018
-0.10692,0,2.4735,0.013448
-0.10296,0,2.454,0.013886
-0.099,0,2.4346,0.01433
-0.09504,0,2.4155,0.01478
-0.09108,0,2.3964,0.015238
-0.08712,0,2.3776,0.015702
-0.08316,0,2.3589,0.016174
-0.0792,0,2.3403,0.016652
-0.07524,0,2.3219,0.017138
-0.07128,0,2.3037,0.017632
-0.06732,0,2.2856,0.018133
-0.06336,0,2.2677,0.018641
-0.0594,0,2.2499,0.019158
-0.05544,0,2.2323,0.019682
-0.05148,0,2.2148,0.020215
-0.04752,0,2.1975,0.020756
-0.04356,0,2.1803,0.021305
-0.0396,0,2.1632,0.021863
-0.03564,0,2.1463,0.022429
-0.03168,0,2.1295,0.023004
-0.02772,0,2.1129,0.023588
-0.02376,0,2.0964,0.024182
-0.0198,0,2.08,0.024784
-0.01584,0,2.0637,0.025396
-0.01188,0,2.0476,0.026017
-0.00792,0,2.0316,0.026649
-0.00396,0,2.0158,0.02729
0,0,2,0.027941
0.00396,0,1.9844,0.028603
0.00792,0,1.9689,0.029275
0.01188,0,1.9535,0.029958
0.01584,0,1.9383,0.030652
0.0198,0,1.9231,0.031356
0.02376,0,1.9081,0.032072
0.02772,0,1.8932,0.0328
0.03168,0,1.8784,0.033539
0.03564,0,1.8637,0.03429
0.0396,0,1.8491,0.035053
0.04356,0,1.8346,0.035828
0.04752,0,1.8203,0.036616
0.05148,0,1.806,0.037417
0.05544,0,1.7919,0.038231
0.0594,0,1.7779,0.039058
0.06336,0,1.7639,0.039898
0.06732,0,1.7501,0.040753
0.07128,0,1.7364,0.041621
0.07524,0,1.7227,0.042504
0.0792,0,1.7092,0.043401
0.08316,0,1.6957,0.044313
0.08712,0,1.6824,0.04524
0.09108,0,1.6692,0.046182
0.09504,0,1.656,0.047141
0.099,0,1.643,0.048115
0.10296,0,1.63,0.049105
0.10692,0,1.6171,0.050113
0.11088,0,1.6044,0.051137
0.11484,0,1.5917,0.052178
0.1188,0,1.5791,0.053237
0.12276,0,1.5666,0.054314
0.12672,0,1.5541,0.05541
0.13068,0,1.5418,0.056524
0.13464,0,1.5296,0.057657
0.1386,0,1.5174,0.058809
0.14256,0,1.5053,0.059982
0.14652,0,1.4933,0.061175
0.15048,0,1.4814,0.062388
0.15444,0,1.4695,0.063622
0.1584,0,1.4578,0.064879
0.16236,0,1.4461,0.066156
0.16632,0,1.4345,0.067457
0.17028,0,1.423,0.06878
0.17424,0,1.4115,0.070127
0.1782,0,1.4002,0.071497
0.18216,0,1.3889,0.072892
0.18612,0,1.3777,0.074312
0.19008,0,1.3665,0.075757
0.19404,0,1.3555,0.077228
0.198,0,1.3445,0.078725
0.20196,0,1.3335,0.08025
0.20592,0,1.3227,0.081802
0.20988,0,1.3119,0.083383
0.21384,0,1.3012,0.084992
0.2178,0,1.2905,0.086631
0.22176,0,1.2799,0.0883
0.22572,0,1.2694,0.089999
0.22968,0,1.259,0.09173
0.23364,0,1.2486,0.093494
0.2376,0,1.2383,0.09529
0.24156,0,1.2281,0.09712
0.24552,0,1.2179,0.098984
0.24948,0,1.2078,0.10088
0.25344,0,1.1977,0.10282
0.2574,0,1.1877,0.10479
0.26136,0,1.1778,0.1068
0.26532,0,1.1679,0.10885
0.26928,0,1.1581,0.11094
0.27324,0,1.1484,0.11306
0.2772,0,1.1387,0.11523
0.28116,0,1.1291,0.11745
0.28512,0,1.1195,0.1197
0.28908,0,1.11,0.122
0.29304,0,1.1006,0.12434
0.297,0,1.0912,0.12673
0.30096,0,1.0818,0.12917
0.30492,0,1.0725,0.13166
0.30888,0,1.0633,0.1342
0.31284,0,1.0542,0.13678
0.3168,0,1.045,0.13942
0.32076,0,1.036,0.14212
0.32472,0,1.027,0.14487
0.32868,0,1.018,0.14767
0.33264,0,1.0091,0.15053
0.3366,0,1.0003,0.15346
0.34056,0,0.99148,0.15644
0.34452,0,0.98274,0.15948
0.34848,0,0.97404,0.16259
0.35244,0,0.9654,0.16577
0.3564,0,0.95681,0.16901
0.36036,0,0.94827,0.17232
0.36432,0,0.93977,0.1757
0.36828,0,0.93133,0.17916
0.37224,0,0.92293,0.18268
0.3762,0,0.91459,0.18629
0.38016,0,0.90628,0.18997
0.38412,0,0.89803,0.19374
0.38808,0,0.88982,0.19759
0.39204,0,0.88166,0.20152
0.396,0,0.87355,0.20554
0.39996,0,0.86548,0.20965
0.40392,0,0.85746,0.21386
0.40788,0,0.84948,0.21815
0.41184,0,0.84154,0.22255
0.4158,0,0.83365,0.22705
0.41976,0,0.82581,0.23165
0.42372,0,0.81801,0.23636
0.42768,0,0.81025,0.24117
0.43164,0,0.80253,0.2461
0.4356,0,0.79485,0.25115
0.43956,0,0.78722,0.25631
0.44352,0,0.77963,0.2616
0.44748,0,0.77208,0.26701
0.45144,0,0.76457,0.27256
0.4554,0,0.7571,0.27824
0.45936,0,0.74967,0.28406
0.46332,0,0.74228,0.29002
0.46728,0,0.73494,0.29612
0.47124,0,0.72763,0.30238
0.4752,0,0.72036,0.3088
0.47916,0,0.71312,0.31538
0.48312,0,0.70593,0.32212
0.48708,0,0.69878,0.32904
0.49104,0,0.69166,0.33613
0.495,0,0.68458,0.34341
0.49896,0,0.67753,0.35088
0.50292,0,0.67053,0.35854
0.50688,0,0.66356,0.3664
0.51084,0,0.65663,0.37447
0.5148,0,0.64973,0.38276
0.51876,0,0.64287,0.39127
0.52272,0,0.63604,0.40001
0.52668,0,0.62925,0.40899
0.53064,0,0.6225,0.41822
0.5346,0,0.61578,0.4277
0.53856,0,0.60909,0.43745
0.54252,0,0.60244,0.44747
0.54648,0,0.59582,0.45777
0.55044,0,0.58924,0.46837
0.5544,0,0.58268,0.47928
0.55836,0,0.57617,0.4905
0.56232,0,0.56968,0.50204
0.56628,0,0.56323,0.51393
0.57024,0,0.55681,0.52617
0.5742,0,0.55042,0.53877
0.57816,0,0.54406,0.55176
0.58212,0,0.53774,0.56514
0.58608,0,0.53145,0.57893
0.59004,0,0.52518,0.59315
0.594,0,0.51895,0.60781
0.59796,0,0.51275,0.62293
0.60192,0,0.50658,0.63853
0.60588,0,0.50044,0.65463
0.60984,0,0.49433,0.67125
0.6138,0,0.48825,0.68841
0.61776,0,0.48221,0.70614
0.62172,0,0.47618,0.72445
0.62568,0,0.47019,0.74338
0.62964,0,0.46423,0.76295
0.6336,0,0.4583,0.78318
0.63756,0,0.45239,0.80411
0.64152,0,0.44652,0.82578
0.64548,0,0.44067,0.8482
0.64944,0,0.43485,0.87142
0.6534,0,0.42906,0.89547
0.65736,0,0.42329,0.92039
0.66132,0,0.41756,0.94623
0.66528,0,0.41185,0.97302
0.66924,0,0.40616,1.0008
0.6732,0,0.40051,1.0297
0.67716,0,0.39488,1.0596
0.68112,0,0.38927,1.0907
0.68508,0,0.3837,1.123
0.68904,0,0.37815,1.1566
0.693,0,0.37262,1.1916
0.69696,0,0.36712,1.2279
0.70092,0,0.36165,1.2658
0.70488,0,0.3562,1.3052
0.70884,0,0.35078,1.3462
0.7128,0,0.34538,1.389
0.71676,0,0.34001,1.4337
0.72072,0,0.33466,1.4803
0.72468,0,0.32934,1.5289
0.72864,0,0.32404,1.5797
0.7326,0,0.31877,1.6328
0.73656,0,0.31352,1.6884
0.74052,0,0.30829,1.7465
0.74448,0,0.30309,1.8074
0.74844,0,0.29791,1.8712
0.7524,0,0.29275,1.9381
0.75636,0,0.28762,2.0082
0.76032,0,0.28251,2.0819
0.76428,0,0.27743,2.1594
0.76824,0,0.27236,2.2408
0.7722,0,0.26732,2.3264
0.77616,0,0.26231,2.4167
0.78012,0,0.25731,2.5118
0.78408,0,0.25234,2.6121
0.78804,0,0.24739,2.718
0.792,0,0.24246,2.83
0.79596,0,0.23756,2.9484
0.79992,0,0.23267,3.0738
0.80388,0,0.22781,3.2067
0.80784,0,0.22297,3.3477
0.8118,0,0.21815,3.4974
0.81576,0,0.21336,3.6566
0.81972,0,0.20858,3.8262
0.82368,0,0.20383,4.0068
0.82764,0,0.19909,4.1997
0.8316,0,0.19438,4.4057
0.83556,0,0.18969,4.6262
0.83952,0,0.18502,4.8625
0.84348,0,0.18037,5.1161
0.84744,0,0.17574,5.3887
0.8514,0,0.17113,5.6822
0.85536,0,0.16655,5.9987
0.85932,0,0.16198,6.3407
0.86328,0,0.15744,6.7108
0.86724,0,0.15291,7.1122
0.8712,0,0.14841,7.5485
0.87516,0,0.14393,8.0236
0.87912,0,0.13947,8.5422
0.88308,0,0.13503,9.1096
0.88704,0,0.13061,9.7321
0.891,0,0.12621,10.417
0.89496,0,0.12183,11.172
0.89892,0,0.11748,12.007
0.90288,0,0.11315,12.933
0.90684,0,0.10884,13.965
0.9108,0,0.10455,15.117
0.91476,0,0.10029,16.409
0.91872,0,0.096052,17.863
0.92268,0,0.09184,19.506
0.92664,0,0.087656,21.371
0.9306,0,0.083499,23.497
0.93456,0,0.079373,25.932
0.93852,0,0.075279,28.737
0.94248,0,0.07122,31.982
0.94644,0,0.067198,35.761
0.9504,0,0.063219,40.184
0.95436,0,0.059286,45.394
0.95832,0,0.055405,51.57
0.96228,0,0.051582,58.939
0.96624,0,0.047824,67.79
0.9702,0,0.044141,78.496
0.97416,0,0.040542,91.536
0.97812,0,0.037039,107.53
0.98208,0,0.033644,127.3
0.98604,0,0.030371,151.9
0.99,0,0.027233,182.72
