-0.99,3.268,2.6602,1.0803
-0.98604,3.2884,2.675,0.74583
-0.98208,3.2979,2.6886,0.73706
-0.97812,3.3067,2.7014,0.71692
-0.97416,3.3163,2.7134,0.67102
-0.9702,3.3265,2.7245,0.61493
-0.96624,3.3347,2.7348,0.584
-0.96228,3.3435,2.7444,0.55056
-0.95832,3.3519,2.7535,0.52163
-0.95436,3.3591,2.7621,0.50247
-0.9504,3.3661,2.7703,0.48467
-0.94644,3.3737,2.7781,0.46237
-0.94248,3.3805,2.7855,0.44571
-0.93852,3.3865,2.7926,0.43313
-0.93456,3.3927,2.7994,0.41954
-0.9306,3.3993,2.8059,0.4042
-0.92664,3.4053,2.8122,0.39205
-0.92268,3.4107,2.8182,0.38227
-0.91872,3.4156,2.824,0.37429
-0.91476,3.4215,2.8296,0.3625
-0.9108,3.427,2.835,0.35252
-0.90684,3.4321,2.8403,0.34411
-0.90288,3.4368,2.8453,0.33694
-0.89892,3.4411,2.8502,0.33075
-0.89496,3.4461,2.8549,0.3226
-0.891,3.4509,2.8595,0.31496
-0.88704,3.4555,2.864,0.30828
-0.88308,3.4597,2.8683,0.30236
-0.87912,3.4637,2.8725,0.29708
-0.87516,3.4674,2.8765,0.29234
-0.8712,3.4717,2.8805,0.28628
-0.86724,3.4759,2.8843,0.28055
-0.86328,3.4798,2.8881,0.27536
-0.85932,3.4835,2.8917,0.27064
-0.85536,3.4871,2.8952,0.2663
-0.8514,3.4904,2.8986,0.2623
-0.84744,3.4936,2.902,0.25858
-0.84348,3.4972,2.9052,0.25407
-0.83952,3.5007,2.9084,0.24972
-0.83556,3.504,2.9114,0.24567
-0.8316,3.5072,2.9144,0.2419
-0.82764,3.5103,2.9173,0.23837
-0.82368,3.5132,2.9202,0.23503
-0.81972,3.516,2.9229,0.23188
-0.81576,3.5187,2.9256,0.22888
-0.8118,3.5214,2.9283,0.22573
-0.80784,3.5243,2.9308,0.22234
-0.80388,3.5271,2.9333,0.21912
-0.79992,3.5298,2.9357,0.21607
-0.79596,3.5323,2.9381,0.21316
-0.792,3.5348,2.9404,0.21038
-0.78804,3.5372,2.9426,0.20771
-0.78408,3.5394,2.9448,0.20514
-0.78012,3.5416,2.9469,0.20265
-0.77616,3.5437,2.9489,0.20025
-0.7722,3.5457,2.9509,0.19792
-0.76824,3.5478,2.9529,0.19542
-0.76428,3.55,2.9548,0.19291
-0.76032,3.552,2.9566,0.19048
-0.75636,3.554,2.9584,0.18814
-0.7524,3.5559,2.9601,0.18587
-0.74844,3.5577,2.9618,0.18366
-0.74448,3.5595,2.9635,0.18151
-0.74052,3.5611,2.9651,0.17942
-0.73656,3.5627,2.9666,0.17738
-0.7326,3.5643,2.9681,0.17538
-0.72864,3.5657,2.9696,0.17343
-0.72468,3.5671,2.971,0.17152
-0.72072,3.5685,2.9723,0.16964
-0.71676,3.5697,2.9736,0.1678
-0.7128,3.5709,2.9749,0.16599
-0.70884,3.5721,2.9762,0.1642
-0.70488,3.5733,2.9773,0.16237
-0.70092,3.5745,2.9785,0.16055
-0.69696,3.5756,2.9796,0.15877
-0.693,3.5766,2.9807,0.15701
-0.68904,3.5776,2.9817,0.15529
-0.68508,3.5785,2.9827,0.1536
-0.68112,3.5793,2.9836,0.15194
-0.67716,3.5801,2.9845,0.15031
-0.6732,3.5809,2.9854,0.1487
-0.66924,3.5815,2.9862,0.14711
-0.66528,3.5821,2.987,0.14554
-0.66132,3.5827,2.9877,0.144
-0.65736,3.5832,2.9885,0.14248
-0.6534,3.5836,2.9891,0.14097
-0.64944,3.5839,2.9898,0.13949
-0.64548,3.5842,2.9904,0.13802
-0.64152,3.5845,2.9909,0.13657
-0.63756,3.5847,2.9915,0.13514
-0.6336,3.5848,2.9919,0.13372
-0.62964,3.5849,2.9924,0.13232
-0.62568,3.5849,2.9928,0.13093
-0.62172,3.5848,2.9932,0.12956
-0.61776,3.5847,2.9935,0.1282
-0.6138,3.5845,2.9938,0.12685
-0.60984,3.5842,2.9941,0.12552
-0.60588,3.5839,2.9943,0.1242
-0.60192,3.5835,2.9945,0.12289
-0.59796,3.5831,2.9947,0.1216
-0.594,3.5826,2.9948,0.12032
-0.59004,3.582,2.9949,0.11905
-0.58608,3.5813,2.995,0.11779
-0.58212,3.5806,2.995,0.11654
-0.57816,3.5798,2.995,0.1153
-0.5742,3.5789,2.9949,0.11407
-0.57024,3.578,2.9948,0.11286
-0.56628,3.577,2.9947,0.11165
-0.56232,3.5759,2.9946,0.11046
-0.55836,3.5747,2.9944,0.10927
-0.5544,3.5734,2.9941,0.1081
-0.55044,3.5721,2.9939,0.10692
-0.54648,3.5708,2.9936,0.10574
-0.54252,3.5694,2.9932,0.10457
-0.53856,3.5679,2.9928,0.10341
-0.5346,3.5663,2.9924,0.10226
-0.53064,3.5646,2.992,0.10111
-0.52668,3.5629,2.9915,0.099978
-0.52272,3.561,2.991,0.098852
-0.51876,3.5591,2.9904,0.097735
-0.5148,3.557,2.9898,0.096626
-0.51084,3.5549,2.9891,0.095526
-0.50688,3.5526,2.9885,0.094433
-0.50292,3.5503,2.9877,0.093348
-0.49896,3.5478,2.987,0.092271
-0.495,3.5453,2.9862,0.091192
-0.49104,3.5428,2.9853,0.090108
-0.48708,3.5401,2.9845,0.089032
-0.48312,3.5373,2.9835,0.087964
-0.47916,3.5344,2.9826,0.086903
-0.4752,3.5314,2.9816,0.08585
-0.47124,3.5283,2.9805,0.084804
-0.46728,3.525,2.9794,0.083764
-0.46332,3.5216,2.9783,0.082731
-0.45936,3.5181,2.9771,0.081694
-0.4554,3.5146,2.9759,0.080657
-0.45144,3.5109,2.9747,0.079627
-0.44748,3.5071,2.9733,0.078603
-0.44352,3.5032,2.972,0.077586
-0.43956,3.499,2.9706,0.076574
-0.4356,3.4948,2.9691,0.075569
-0.43164,3.4905,2.9677,0.074557
-0.42768,3.486,2.9661,0.07355
-0.42372,3.4814,2.9645,0.072549
-0.41976,3.4766,2.9629,0.071553
-0.4158,3.4716,2.9612,0.070562
-0.41184,3.4665,2.9594,0.069573
-0.40788,3.4613,2.9576,0.068583
-0.40392,3.456,2.9558,0.067598
-0.39996,3.4504,2.9539,0.066617
-0.396,3.4446,2.9519,0.065641
-0.39204,3.4387,2.9499,0.064665
-0.38808,3.4326,2.9478,0.063691
-0.38412,3.4263,2.9457,0.062721
-0.38016,3.4198,2.9435,0.061754
-0.3762,3.4131,2.9413,0.06079
-0.37224,3.4063,2.939,0.059827
-0.36828,3.3992,2.9366,0.058867
-0.36432,3.3919,2.9342,0.05791
-0.36036,3.3844,2.9317,0.056955
-0.3564,3.3766,2.9291,0.056001
-0.35244,3.3686,2.9264,0.055051
-0.34848,3.3604,2.9237,0.054103
-0.34452,3.3519,2.921,0.053156
-0.34056,3.3432,2.9181,0.052212
-0.3366,3.3341,2.9152,0.05127
-0.33264,3.3249,2.9122,0.05033
-0.32868,3.3153,2.9091,0.049392
-0.32472,3.3054,2.9059,0.048457
-0.32076,3.2952,2.9027,0.047523
-0.3168,3.2846,2.8994,0.046591
-0.31284,3.2738,2.8959,0.045661
-0.30888,3.2626,2.8924,0.044732
-0.30492,3.251,2.8888,0.043806
-0.30096,3.2391,2.8852,0.042882
-0.297,3.2268,2.8814,0.041959
-0.29304,3.214,2.8775,0.041039
-0.28908,3.2009,2.8735,0.04012
-0.28512,3.1873,2.8694,0.039204
-0.28116,3.1732,2.8652,0.038289
-0.2772,3.1587,2.8609,0.037376
-0.27324,3.1436,2.8565,0.036465
-0.26928,3.1281,2.8519,0.035556
-0.26532,3.1119,2.8473,0.034648
-0.26136,3.0952,2.8425,0.033744
-0.2574,3.0779,2.8376,0.032841
-0.25344,3.06,2.8325,0.031939
-0.24948,3.0414,2.8273,0.031041
-0.24552,3.0221,2.822,0.030144
-0.24156,3.0021,2.8165,0.02925
-0.2376,2.9812,2.8109,0.028357
-0.23364,2.9596,2.8051,0.027467
-0.22968,2.9371,2.7991,0.026579
-0.22572,2.9136,2.793,0.025694
-0.22176,2.8892,2.7866,0.024811
-0.2178,2.8637,2.7801,0.02393
-0.21384,2.8372,2.7735,0.023053
-0.20988,2.8095,2.7666,0.022179
-0.20592,2.7805,2.7595,0.021306
-0.20196,2.7502,2.7521,0.020437
-0.198,2.7184,2.7446,0.019571
-0.19404,2.6851,2.7368,0.018708
-0.19008,2.6501,2.7288,0.017848
-0.18612,2.6134,2.7205,0.016993
-0.18216,2.5747,2.7119,0.01614
-0.1782,2.5339,2.7031,0.015291
-0.17424,2.4908,2.6939,0.014446
-0.17028,2.4452,2.6845,0.013605
-0.16632,2.3968,2.6747,0.012769
-0.16236,2.3454,2.6646,0.011937
-0.1584,2.2906,2.6541,0.01111
-0.15444,2.232,2.6432,0.010286
-0.15048,2.1692,2.6319,0.0094692
-0.14652,2.1016,2.6202,0.0086572
-0.14256,2.0286,2.608,0.0078508
-0.1386,1.9492,2.5954,0.0070502
-0.13464,1.8624,2.5822,0.0062559
-0.13068,1.7668,2.5685,0.0054685
-0.12672,1.6605,2.5543,0.0046879
-0.12276,1.5409,2.5394,0.0039141
-0.1188,1.4041,2.5238,0.0031483
-0.11484,1.2436,2.5075,0.0023905
-0.11088,1.0479,2.4905,0.0016411
-0.10692,0.78983,2.4727,0.00090076
-0.10296,0.34849,2.454,0.00016984
-0.09654,0,2.4227,0.00056956
-0.09256,0,2.4035,0.00095328
-0.08858,0,2.3845,0.0013488
-0.0846,0,2.3656,0.0017565
-0.08062,0,2.347,0.0021766
-0.07664,0,2.3284,0.0026094
-0.07266,0,2.31,0.0030553
-0.06868,0,2.2918,0.0035145
-0.0647,0,2.2738,0.0039875
-0.06072,0,2.2558,0.0044746
-0.05674,0,2.2381,0.0049761
-0.05276,0,2.2204,0.0054924
-0.04878,0,2.203,0.0060239
-0.0448,0,2.1856,0.006571
-0.04082,0,2.1685,0.007134
-0.03684,0,2.1514,0.0077134
-0.03286,0,2.1345,0.0083096
-0.02888,0,2.1177,0.008923
-0.0249,0,2.1011,0.0095541
-0.02092,0,2.0846,0.010203
-0.01694,0,2.0682,0.010871
-0.01296,0,2.052,0.011558
-0.00898,0,2.0359,0.012264
-0.005,0,2.0199,0.012991
-0.00102,0,2.004,0.013738
0.00296,0,1.9883,0.014506
0.00694,0,1.9727,0.015296
0.01092,0,1.9572,0.016108
0.0149,0,1.9419,0.016943
0.01888,0,1.9266,0.017801
0.02286,0,1.9115,0.018683
0.02684,0,1.8965,0.01959
0.03082,0,1.8816,0.020523
0.0348,0,1.8668,0.021481
0.03878,0,1.8521,0.022466
0.04276,0,1.8376,0.023478
0.04674,0,1.8231,0.024518
0.05072,0,1.8088,0.025587
0.0547,0,1.7945,0.026686
0.05868,0,1.7804,0.027815
0.06266,0,1.7664,0.028976
0.06664,0,1.7524,0.030168
0.07062,0,1.7386,0.031393
0.0746,0,1.7249,0.032652
0.07858,0,1.7113,0.033946
0.08256,0,1.6978,0.035275
0.08654,0,1.6844,0.036641
0.09052,0,1.671,0.038045
0.0945,0,1.6578,0.039487
0.09848,0,1.6447,0.040969
0.10246,0,1.6316,0.042491
0.10644,0,1.6187,0.044056
0.11042,0,1.6058,0.045663
0.1144,0,1.5931,0.047315
0.11838,0,1.5804,0.049012
0.12236,0,1.5678,0.050755
0.12634,0,1.5553,0.052547
0.13032,0,1.5429,0.054388
0.1343,0,1.5306,0.05628
0.13828,0,1.5184,0.058224
0.14226,0,1.5062,0.060221
0.14624,0,1.4942,0.062273
0.15022,0,1.4822,0.064382
0.1542,0,1.4703,0.06655
0.15818,0,1.4584,0.068777
0.16216,0,1.4467,0.071066
0.16614,0,1.435,0.073418
0.17012,0,1.4235,0.075835
0.1741,0,1.412,0.07832
0.17808,0,1.4005,0.080873
0.18206,0,1.3892,0.083497
0.18604,0,1.3779,0.086195
0.19002,0,1.3667,0.088967
0.194,0,1.3556,0.091817
0.19798,0,1.3445,0.094747
0.20196,0,1.3335,0.097758
0.20594,0,1.3226,0.10085
0.20992,0,1.3118,0.10404
0.2139,0,1.301,0.10731
0.21788,0,1.2903,0.11067
0.22186,0,1.2797,0.11413
0.22584,0,1.2691,0.11769
0.22982,0,1.2586,0.12135
0.2338,0,1.2482,0.12511
0.23778,0,1.2379,0.12897
0.24176,0,1.2276,0.13295
0.24574,0,1.2173,0.13704
0.24972,0,1.2072,0.14125
0.2537,0,1.1971,0.14558
0.25768,0,1.187,0.15003
0.26166,0,1.1771,0.15461
0.26564,0,1.1671,0.15933
0.26962,0,1.1573,0.16418
0.2736,0,1.1475,0.16917
0.27758,0,1.1378,0.1743
0.28156,0,1.1281,0.17958
0.28554,0,1.1185,0.18502
0.28952,0,1.109,0.19062
0.2935,0,1.0995,0.19638
0.29748,0,1.09,0.20231
0.30146,0,1.0807,0.20841
0.30544,0,1.0713,0.2147
0.30942,0,1.0621,0.22117
0.3134,0,1.0529,0.22783
0.31738,0,1.0437,0.23469
0.32136,0,1.0346,0.24176
0.32534,0,1.0256,0.24904
0.32932,0,1.0166,0.25654
0.3333,0,1.0077,0.26426
0.33728,0,0.99878,0.27222
0.34126,0,0.98995,0.28042
0.34524,0,0.98117,0.28887
0.34922,0,0.97244,0.29758
0.3532,0,0.96376,0.30655
0.35718,0,0.95514,0.3158
0.36116,0,0.94656,0.32534
0.36514,0,0.93804,0.33517
0.36912,0,0.92956,0.34531
0.3731,0,0.92113,0.35576
0.37708,0,0.91275,0.36654
0.38106,0,0.90442,0.37766
0.38504,0,0.89614,0.38913
0.38902,0,0.8879,0.40096
0.393,0,0.87971,0.41317
0.39698,0,0.87157,0.42577
0.40096,0,0.86347,0.43878
0.40494,0,0.85542,0.4522
0.40892,0,0.84741,0.46606
0.4129,0,0.83945,0.48036
0.41688,0,0.83153,0.49513
0.42086,0,0.82366,0.51038
0.42484,0,0.81583,0.52614
0.42882,0,0.80804,0.54241
0.4328,0,0.8003,0.55923
0.43678,0,0.7926,0.5766
0.44076,0,0.78494,0.59456
0.44474,0,0.77732,0.61311
0.44872,0,0.76975,0.6323
0.4527,0,0.76221,0.65213
0.45668,0,0.75472,0.67264
0.46066,0,0.74727,0.69385
0.46464,0,0.73985,0.71579
0.46862,0,0.73248,0.73849
0.4726,0,0.72515,0.76198
0.47658,0,0.71786,0.78628
0.48056,0,0.7106,0.81144
0.48454,0,0.70339,0.83749
0.48852,0,0.69621,0.86446
0.4925,0,0.68907,0.89239
0.49648,0,0.68197,0.92132
0.50046,0,0.67491,0.95129
0.50444,0,0.66788,0.98235
0.50842,0,0.66089,1.0145
0.5124,0,0.65394,1.0479
0.51638,0,0.64702,1.0825
0.52036,0,0.64014,1.1184
0.52434,0,0.63329,1.1556
0.52832,0,0.62648,1.1942
0.5323,0,0.61971,1.2342
0.53628,0,0.61297,1.2758
0.54026,0,0.60626,1.319
0.54424,0,0.59959,1.3638
0.54822,0,0.59296,1.4103
0.5522,0,0.58636,1.4587
0.55618,0,0.57979,1.5089
0.56016,0,0.57325,1.5611
0.56414,0,0.56675,1.6154
0.56812,0,0.56028,1.6718
0.5721,0,0.55384,1.7305
0.57608,0,0.54744,1.7916
0.58006,0,0.54107,1.8551
0.58404,0,0.53472,1.9213
0.58802,0,0.52842,1.9902
0.592,0,0.52214,2.0619
0.59598,0,0.51589,2.1366
0.59996,0,0.50968,2.2145
0.60394,0,0.50349,2.2956
0.60792,0,0.49734,2.3802
0.6119,0,0.49121,2.4685
0.61588,0,0.48512,2.5605
0.61986,0,0.47906,2.6566
0.62384,0,0.47302,2.7569
0.62782,0,0.46702,2.8617
0.6318,0,0.46104,2.9711
0.63578,0,0.4551,3.0854
0.63976,0,0.44918,3.2049
0.64374,0,0.44329,3.3298
0.64772,0,0.43743,3.4606
0.6517,0,0.4316,3.5973
0.65568,0,0.42579,3.7405
0.65966,0,0.42001,3.8904
0.66364,0,0.41427,4.0475
0.66762,0,0.40854,4.2121
0.6716,0,0.40285,4.3847
0.67558,0,0.39718,4.5656
0.67956,0,0.39154,4.7555
0.68354,0,0.38593,4.9549
0.68752,0,0.38034,5.1642
0.6915,0,0.37478,5.3841
0.69548,0,0.36924,5.6152
0.69946,0,0.36373,5.8583
0.70344,0,0.35825,6.114
0.70742,0,0.35279,6.3831
0.7114,0,0.34736,6.6665
0.71538,0,0.34195,6.9651
0.71936,0,0.33657,7.2798
0.72334,0,0.33121,7.6117
0.72732,0,0.32588,7.9619
0.7313,0,0.32058,8.3316
0.73528,0,0.31529,8.7222
0.73926,0,0.31003,9.135
0.74324,0,0.3048,9.5715
0.74722,0,0.29959,10.033
0.7512,0,0.2944,10.522
0.75518,0,0.28924,11.041
0.75916,0,0.2841,11.59
0.76314,0,0.27898,12.172
0.76712,0,0.27389,12.791
0.7711,0,0.26882,13.447
0.77508,0,0.26377,14.146
0.77906,0,0.25875,14.888
0.78304,0,0.25375,15.679
0.78702,0,0.24877,16.52
0.791,0,0.24381,17.418
0.79498,0,0.23888,18.375
0.79896,0,0.23397,19.398
0.80294,0,0.22908,20.49
0.80692,0,0.22421,21.658
0.8109,0,0.21937,22.908
0.81488,0,0.21454,24.248
0.81886,0,0.20974,25.684
0.82284,0,0.20496,27.226
0.82682,0,0.2002,28.881
0.8308,0,0.19547,30.662
0.83478,0,0.19075,32.579
0.83876,0,0.18606,34.644
0.84274,0,0.18138,36.872
0.84672,0,0.17673,39.277
0.8507,0,0.1721,41.878
0.85468,0,0.16749,44.692
0.85866,0,0.16291,47.742
0.86264,0,0.15834,51.05
0.86662,0,0.15379,54.644
0.8706,0,0.14927,58.553
0.87458,0,0.14477,62.81
0.87856,0,0.14028,67.453
0.88254,0,0.13582,72.524
0.88652,0,0.13139,78.069
0.8905,0,0.12697,84.143
0.89448,0,0.12257,90.806
0.89846,0,0.1182,98.125
0.90244,0,0.11385,106.18
0.90642,0,0.10953,115.05
0.9104,0,0.10522,124.85
0.91438,0,0.10095,135.68
0.91836,0,0.096694,147.67
0.92234,0,0.092468,160.96
0.92632,0,0.088269,175.7
0.9303,0,0.084099,192.09
0.93428,0,0.079959,210.3
0.93826,0,0.075853,230.54
0.94224,0,0.071781,253.03
0.94622,0,0.067748,277.94
0.9502,0,0.063758,305.45
0.95418,0,0.059813,335.6
0.95816,0,0.055921,368.28
0.96214,0,0.052087,403.02
0.96612,0,0.048318,438.77
0.9701,0,0.044622,473.4
0.97408,0,0.041011,502.92
0.97806,0,0.037494,520.13
0.98204,0,0.034084,512.14
0.98602,0,0.030794,456.1
0.99,0,0.027638,311.43