-0.99,3.268,2.6602,1.0803
-0.98604,3.2884,2.675,0.74583
-0.98208,3.2979,2.6886,0.73706
-0.97812,3.3067,2.7014,0.71692
-0.97416,3.3163,2.7134,0.67102
-0.9702,3.3265,2.7245,0.61493
-0.96624,3.3347,2.7348,0.584
-0.96228,3.3435,2.7444,0.55056
-0.95832,3.3519,2.7535,0.52163
-0.95436,3.3591,2.7621,0.50247
-0.9504,3.3661,2.7703,0.48467
-0.94644,3.3737,2.7781,0.46237
-0.94248,3.3805,2.7855,0.44571
-0.93852,3.3865,2.7926,0.43313
-0.93456,3.3927,2.7994,0.41954
-0.9306,3.3993,2.8059,0.4042
-0.92664,3.4053,2.8122,0.39205
-0.92268,3.4107,2.8182,0.38227
-0.91872,3.4156,2.824,0.37429
-0.91476,3.4215,2.8296,0.3625
-0.9108,3.427,2.835,0.35252
-0.90684,3.4321,2.8403,0.34411
-0.90288,3.4368,2.8453,0.33694
-0.89892,3.4411,2.8502,0.33075
-0.89496,3.4461,2.8549,0.3226
-0.891,3.4509,2.8595,0.31496
-0.88704,3.4555,2.864,0.30828
-0.88308,3.4597,2.8683,0.30236
-0.87912,3.4637,2.8725,0.29708
-0.87516,3.4674,2.8765,0.29234
-0.8712,3.4717,2.8805,0.28628
-0.86724,3.4759,2.8843,0.28055
-0.86328,3.4798,2.8881,0.27536
-0.85932,3.4835,2.8917,0.27064
-0.85536,3.4871,2.8952,0.2663
-0.8514,3.4904,2.8986,0.2623
-0.84744,3.4936,2.902,0.25858
-0.84348,3.4972,2.9052,0.25407
-0.83952,3.5007,2.9084,0.24972
-0.83556,3.504,2.9114,0.24567
-0.8316,3.5072,2.9144,0.2419
-0.82764,3.5103,2.9173,0.23837
-0.82368,3.5132,2.9202,0.23503
-0.81972,3.516,2.9229,0.23188
-0.81576,3.5187,2.9256,0.22888
-0.8118,3.5214,2.9283,0.22573
-0.80784,3.5243,2.9308,0.22234
-0.80388,3.5271,2.9333,0.21912
-0.79992,3.5298,2.9357,0.21607
-0.79596,3.5323,2.9381,0.21316
-0.792,3.5348,2.9404,0.21038
-0.78804,3.5372,2.9426,0.20771
-0.78408,3.5394,2.9448,0.20514
-0.78012,3.5416,2.9469,0.20265
-0.77616,3.5437,2.9489,0.20025
-0.7722,3.5457,2.9509,0.19792
-0.76824,3.5478,2.9529,0.19542
-0.76428,3.55,2.9548,0.19291
-0.76032,3.552,2.9566,0.19048
-0.75636,3.554,2.9584,0.18814
-0.7524,3.5559,2.9601,0.18587
-0.74844,3.5577,2.9618,0.18366
-0.74448,3.5595,2.9635,0.18151
-0.74052,3.5611,2.9651,0.17942
-0.73656,3.5627,2.9666,0.17738
-0.7326,3.5643,2.9681,0.17538
-0.72864,3.5657,2.9696,0.17343
-0.72468,3.5671,2.971,0.17152
-0.72072,3.5685,2.9723,0.16964
-0.71676,3.5697,2.9736,0.1678
-0.7128,3.5709,2.9749,0.16599
-0.70884,3.5721,2.9762,0.1642
-0.70488,3.5733,2.9773,0.16237
-0.70092,3.5745,2.9785,0.16055
-0.69696,3.5756,2.9796,0.15877
-0.693,3.5766,2.9807,0.15701
-0.68904,3.5776,2.9817,0.15529
-0.68508,3.5785,2.9827,0.1536
-0.68112,3.5793,2.9836,0.15194
-0.67716,3.5801,2.9845,0.15031
-0.6732,3.5809,2.9854,0.1487
-0.66924,3.5815,2.9862,0.14711
-0.66528,3.5821,2.987,0.14554
-0.66132,3.5827,2.9877,0.144
-0.65736,3.5832,2.9885,0.14248
-0.6534,3.5836,2.9891,0.14097
-0.64944,3.5839,2.9898,0.13949
-0.64548,3.5842,2.9904,0.13802
-0.64152,3.5845,2.9909,0.13657
-0.63756,3.5847,2.9915,0.13514
-0.6336,3.5848,2.9919,0.13372
-0.62964,3.5849,2.9924,0.13232
-0.62568,3.5849,2.9928,0.13093
-0.62172,3.5848,2.9932,0.12956
-0.61776,3.5847,2.9935,0.1282
-0.6138,3.5845,2.9938,0.12685
-0.60984,3.5842,2.9941,0.12552
-0.60588,3.5839,2.9943,0.1242
-0.60192,3.5835,2.9945,0.12289
-0.59796,3.5831,2.9947,0.1216
-0.594,3.5826,2.9948,0.12032
-0.59004,3.582,2.9949,0.11905
-0.58608,3.5813,2.995,0.11779
-0.58212,3.5806,2.995,0.11654
-0.57816,3.5798,2.995,0.1153
-0.5742,3.5789,2.9949,0.11407
-0.57024,3.578,2.9948,0.11286
-0.56628,3.577,2.9947,0.11165
-0.56232,3.5759,2.9946,0.11046
-0.55836,3.5747,2.9944,0.10927
-0.5544,3.5734,2.9941,0.1081
-0.55044,3.5721,2.9939,0.10692
-0.54648,3.5708,2.9936,0.10574
-0.54252,3.5694,2.9932,0.10457
-0.53856,3.5679,2.9928,0.10341
-0.5346,3.5663,2.9924,0.10226
-0.53064,3.5646,2.992,0.10111
-0.52668,3.5629,2.9915,0.099978
-0.52272,3.561,2.991,0.098852
-0.51876,3.5591,2.9904,0.097735
-0.5148,3.557,2.9898,0.096626
-0.51084,3.5549,2.9891,0.095526
-0.50688,3.5526,2.9885,0.094433
-0.50292,3.5503,2.9877,0.093348
-0.49896,3.5478,2.987,0.092271
-0.495,3.5453,2.9862,0.091192
-0.49104,3.5428,2.9853,0.090108
-0.48708,3.5401,2.9845,0.089032
-0.48312,3.5373,2.9835,0.087964
-0.47916,3.5344,2.9826,0.086903
-0.4752,3.5314,2.9816,0.08585
-0.47124,3.5283,2.9805,0.084804
-0.46728,3.525,2.9794,0.083764
-0.46332,3.5216,2.9783,0.082731
-0.45936,3.5181,2.9771,0.081694
-0.4554,3.5146,2.9759,0.080657
-0.45144,3.5109,2.9747,0.079627
-0.44748,3.5071,2.9733,0.078603
-0.44352,3.5032,2.972,0.077586
-0.43956,3.499,2.9706,0.076574
-0.4356,3.4948,2.9691,0.075569
-0.43164,3.4905,2.9677,0.074557
-0.42768,3.486,2.9661,0.07355
-0.42372,3.4814,2.9645,0.072549
-0.41976,3.4766,2.9629,0.071553
-0.4158,3.4716,2.9612,0.070562
-0.41184,3.4665,2.9594,0.069573
-0.40788,3.4613,2.9576,0.068583
-0.40392,3.456,2.9558,0.067598
-0.39996,3.4504,2.9539,0.066617
-0.396,3.4446,2.9519,0.065641
-0.39204,3.4387,2.9499,0.064665
-0.38808,3.4326,2.9478,0.063691
-0.38412,3.4263,2.9457,0.062721
-0.38016,3.4198,2.9435,0.061754
-0.3762,3.4131,2.9413,0.06079
-0.37224,3.4063,2.939,0.059827
-0.36828,3.3992,2.9366,0.058867
-0.36432,3.3919,2.9342,0.05791
-0.36036,3.3844,2.9317,0.056955
-0.3564,3.3766,2.9291,0.056001
-0.35244,3.3686,2.9264,0.055051
-0.34848,3.3604,2.9237,0.054103
-0.34452,3.3519,2.921,0.053156
-0.34056,3.3432,2.9181,0.052212
-0.3366,3.3341,2.9152,0.05127
-0.33264,3.3249,2.9122,0.05033
-0.32868,3.3153,2.9091,0.049392
-0.32472,3.3054,2.9059,0.048457
-0.32076,3.2952,2.9027,0.047523
-0.3168,3.2846,2.8994,0.046591
-0.31284,3.2738,2.8959,0.045661
-0.30888,3.2626,2.8924,0.044732
-0.30492,3.251,2.8888,0.043806
-0.30096,3.2391,2.8852,0.042882
-0.297,3.2268,2.8814,0.041959
-0.29304,3.214,2.8775,0.041039
-0.28908,3.2009,2.8735,0.04012
-0.28512,3.1873,2.8694,0.039204
-0.28116,3.1732,2.8652,0.038289
-0.2772,3.1587,2.8609,0.037376
-0.27324,3.1436,2.8565,0.036465
-0.26928,3.1281,2.8519,0.035556
-0.26532,3.1119,2.8473,0.034648
-0.26136,3.0952,2.8425,0.033744
-0.2574,3.0779,2.8376,0.032841
-0.25344,3.06,2.8325,0.031939
-0.24948,3.0414,2.8273,0.031041
-0.24552,3.0221,2.822,0.030144
-0.24156,3.0021,2.8165,0.02925
-0.2376,2.9812,2.8109,0.028357
-0.23364,2.9596,2.8051,0.027467
-0.22968,2.9371,2.7991,0.026579
-0.22572,2.9136,2.793,0.025694
-0.22176,2.8892,2.7866,0.024811
-0.2178,2.8637,2.7801,0.02393
-0.21384,2.8372,2.7735,0.023053
-0.20988,2.8095,2.7666,0.022179
-0.20592,2.7805,2.7595,0.021306
-0.20196,2.7502,2.7521,0.020437
-0.198,2.7184,2.7446,0.019571
-0.19404,2.6851,2.7368,0.018708
-0.19008,2.6501,2.7288,0.017848
-0.18612,2.6134,2.7205,0.016993
-0.18216,2.5747,2.7119,0.01614
-0.1782,2.5339,2.7031,0.015291
-0.17424,2.4908,2.6939,0.014446
-0.17028,2.4452,2.6845,0.013605
-0.16632,2.3968,2.6747,0.012769
-0.16236,2.3454,2.6646,0.011937
-0.1584,2.2906,2.6541,0.01111
-0.15444,2.232,2.6432,0.010286
-0.15048,2.1692,2.6319,0.0094692
-0.14652,2.1016,2.6202,0.0086572
-0.14256,2.0286,2.608,0.0078508
-0.1386,1.9492,2.5954,0.0070502
-0.13464,1.8624,2.5822,0.0062559
-0.13068,1.7668,2.5685,0.0054685
-0.12672,1.6605,2.5543,0.0046879
-0.12276,1.5409,2.5394,0.0039141
-0.1188,1.4041,2.5238,0.0031483
-0.11484,1.2436,2.5075,0.0023905
-0.11088,1.0479,2.4905,0.0016411
-0.10692,0.78983,2.4727,0.00090076
-0.10296,0.34849,2.454,0.00016984
-0.099,0,2.4346,0.00030228
-0.09504,0,2.4155,0.00067856
-0.09108,0,2.3964,0.0010665
-0.08712,0,2.3776,0.0014664
-0.08316,0,2.3589,0.0018785
-0.0792,0,2.3403,0.0023031
-0.07524,0,2.3219,0.0027406
-0.07128,0,2.3037,0.0031913
-0.06732,0,2.2856,0.0036556
-0.06336,0,2.2677,0.0041337
-0.0594,0,2.2499,0.004626
-0.05544,0,2.2323,0.0051329
-0.05148,0,2.2148,0.0056548
-0.04752,0,2.1975,0.006192
-0.04356,0,2.1803,0.0067449
-0.0396,0,2.1632,0.007314
-0.03564,0,2.1463,0.0078996
-0.03168,0,2.1295,0.0085021
-0.02772,0,2.1129,0.0091221
-0.02376,0,2.0964,0.0097599
-0.0198,0,2.08,0.010416
-0.01584,0,2.0637,0.011091
-0.01188,0,2.0476,0.011785
-0.00792,0,2.0316,0.012499
-0.00396,0,2.0157,0.013233
0,0,2,0.013988
0.00396,0,1.9844,0.014765
0.00792,0,1.9689,0.015563
0.01188,0,1.9535,0.016384
0.01584,0,1.9382,0.017228
0.0198,0,1.9231,0.018095
0.02376,0,1.9081,0.018987
0.02772,0,1.8932,0.019903
0.03168,0,1.8784,0.020846
0.03564,0,1.8637,0.021814
0.0396,0,1.8491,0.02281
0.04356,0,1.8346,0.023833
0.04752,0,1.8203,0.024884
0.05148,0,1.806,0.025965
0.05544,0,1.7919,0.027076
0.0594,0,1.7779,0.028217
0.06336,0,1.7639,0.02939
0.06732,0,1.7501,0.030595
0.07128,0,1.7363,0.031834
0.07524,0,1.7227,0.033106
0.0792,0,1.7092,0.034414
0.08316,0,1.6957,0.035758
0.08712,0,1.6824,0.037139
0.09108,0,1.6692,0.038557
0.09504,0,1.656,0.040015
0.099,0,1.643,0.041513
0.10296,0,1.63,0.043053
0.10692,0,1.6171,0.044634
0.11088,0,1.6044,0.046259
0.11484,0,1.5917,0.047929
0.1188,0,1.5791,0.049645
0.12276,0,1.5666,0.051408
0.12672,0,1.5541,0.05322
0.13068,0,1.5418,0.055081
0.13464,0,1.5296,0.056994
0.1386,0,1.5174,0.058959
0.14256,0,1.5053,0.060979
0.14652,0,1.4933,0.063054
0.15048,0,1.4814,0.065187
0.15444,0,1.4695,0.067379
0.1584,0,1.4578,0.069631
0.16236,0,1.4461,0.071946
0.16632,0,1.4345,0.074325
0.17028,0,1.423,0.076769
0.17424,0,1.4115,0.079282
0.1782,0,1.4002,0.081865
0.18216,0,1.3889,0.084519
0.18612,0,1.3777,0.087247
0.19008,0,1.3665,0.090052
0.19404,0,1.3555,0.092934
0.198,0,1.3445,0.095898
0.20196,0,1.3335,0.098944
0.20592,0,1.3227,0.10208
0.20988,0,1.3119,0.1053
0.21384,0,1.3012,0.10861
0.2178,0,1.2905,0.11201
0.22176,0,1.28,0.11551
0.22572,0,1.2694,0.11911
0.22968,0,1.259,0.12281
0.23364,0,1.2486,0.12661
0.2376,0,1.2383,0.13053
0.24156,0,1.2281,0.13455
0.24552,0,1.2179,0.13869
0.24948,0,1.2078,0.14295
0.25344,0,1.1977,0.14733
0.2574,0,1.1877,0.15184
0.26136,0,1.1778,0.15647
0.26532,0,1.1679,0.16124
0.26928,0,1.1581,0.16615
0.27324,0,1.1484,0.1712
0.2772,0,1.1387,0.1764
0.28116,0,1.1291,0.18175
0.28512,0,1.1195,0.18725
0.28908,0,1.11,0.19291
0.29304,0,1.1006,0.19875
0.297,0,1.0912,0.20475
0.30096,0,1.0818,0.21093
0.30492,0,1.0726,0.21729
0.30888,0,1.0633,0.22384
0.31284,0,1.0542,0.23059
0.3168,0,1.0451,0.23754
0.32076,0,1.036,0.24469
0.32472,0,1.027,0.25206
0.32868,0,1.018,0.25966
0.33264,0,1.0091,0.26748
0.3366,0,1.0003,0.27554
0.34056,0,0.99149,0.28384
0.34452,0,0.98275,0.2924
0.34848,0,0.97406,0.30122
0.35244,0,0.96542,0.31031
0.3564,0,0.95682,0.31967
0.36036,0,0.94828,0.32933
0.36432,0,0.93979,0.33929
0.36828,0,0.93134,0.34956
0.37224,0,0.92295,0.36015
0.3762,0,0.9146,0.37107
0.38016,0,0.9063,0.38233
0.38412,0,0.89805,0.39395
0.38808,0,0.88984,0.40594
0.39204,0,0.88168,0.41831
0.396,0,0.87357,0.43107
0.39996,0,0.8655,0.44424
0.40392,0,0.85748,0.45784
0.40788,0,0.8495,0.47188
0.41184,0,0.84156,0.48637
0.4158,0,0.83367,0.50133
0.41976,0,0.82583,0.51679
0.42372,0,0.81803,0.53275
0.42768,0,0.81027,0.54924
0.43164,0,0.80255,0.56627
0.4356,0,0.79488,0.58388
0.43956,0,0.78724,0.60207
0.44352,0,0.77965,0.62087
0.44748,0,0.7721,0.64031
0.45144,0,0.76459,0.6604
0.4554,0,0.75712,0.68118
0.45936,0,0.7497,0.70267
0.46332,0,0.74231,0.7249
0.46728,0,0.73496,0.7479
0.47124,0,0.72765,0.77169
0.4752,0,0.72038,0.79632
0.47916,0,0.71315,0.82181
0.48312,0,0.70596,0.8482
0.48708,0,0.6988,0.87552
0.49104,0,0.69169,0.90381
0.495,0,0.68461,0.93312
0.49896,0,0.67756,0.96348
0.50292,0,0.67056,0.99494
0.50688,0,0.66359,1.0275
0.51084,0,0.65666,1.0613
0.5148,0,0.64976,1.0964
0.51876,0,0.6429,1.1327
0.52272,0,0.63608,1.1704
0.52668,0,0.62929,1.2095
0.53064,0,0.62253,1.25
0.5346,0,0.61581,1.2921
0.53856,0,0.60913,1.3358
0.54252,0,0.60247,1.3812
0.54648,0,0.59586,1.4283
0.55044,0,0.58927,1.4772
0.5544,0,0.58272,1.5281
0.55836,0,0.5762,1.5809
0.56232,0,0.56972,1.6358
0.56628,0,0.56327,1.6929
0.57024,0,0.55685,1.7523
0.5742,0,0.55046,1.814
0.57816,0,0.54411,1.8783
0.58212,0,0.53778,1.9452
0.58608,0,0.53149,2.0148
0.59004,0,0.52523,2.0873
0.594,0,0.519,2.1628
0.59796,0,0.5128,2.2414
0.60192,0,0.50663,2.3234
0.60588,0,0.50049,2.4088
0.60984,0,0.49438,2.4979
0.6138,0,0.4883,2.5908
0.61776,0,0.48226,2.6877
0.62172,0,0.47624,2.7889
0.62568,0,0.47025,2.8945
0.62964,0,0.46428,3.0048
0.6336,0,0.45835,3.1199
0.63756,0,0.45245,3.2403
0.64152,0,0.44657,3.3661
0.64548,0,0.44073,3.4976
0.64944,0,0.43491,3.6352
0.6534,0,0.42912,3.7792
0.65736,0,0.42335,3.9298
0.66132,0,0.41762,4.0876
0.66528,0,0.41191,4.2528
0.66924,0,0.40623,4.4259
0.6732,0,0.40057,4.6074
0.67716,0,0.39494,4.7976
0.68112,0,0,0
0.68508,0,0,0
0.68904,0,0,0
0.693,0,0,0
0.69696,0,0,0
0.70092,0,0,0
0.70488,0,0,0
0.70884,0,0,0
0.7128,0,0,0
0.71676,0,0,0
0.72072,0,0,0
0.72468,0,0,0
0.72864,0,0,0
0.7326,0,0,0
0.73656,0,0,0
0.74052,0,0,0
0.74448,0,0,0
0.74844,0,0,0
0.7524,0,0,0
0.75636,0,0,0
0.76032,0,0,0
0.76428,0,0,0
0.76824,0,0,0
0.7722,0,0,0
0.77616,0,0,0
0.78012,0,0,0
0.78408,0,0,0
0.78804,0,0,0
0.792,0,0,0
0.79596,0,0,0
0.79992,0,0,0
0.80388,0,0,0
0.80784,0,0,0
0.8118,0,0,0
0.81576,0,0,0
0.81972,0,0,0
0.82368,0,0,0
0.82764,0,0,0
0.8316,0,0,0
0.83556,0,0,0
0.83952,0,0,0
0.84348,0,0,0
0.84744,0,0,0
0.8514,0,0,0
0.85536,0,0,0
0.85932,0,0,0
0.86328,0,0,0
0.86724,0,0,0
0.8712,0,0,0
0.87516,0,0,0
0.87912,0,0,0
0.88308,0,0,0
0.88704,0,0,0
0.891,0,0,0
0.89496,0,0,0
0.89892,0,0,0
0.90288,0,0,0
0.90684,0,0,0
0.9108,0,0,0
0.91476,0,0,0
0.91872,0,0,0
0.92268,0,0,0
0.92664,0,0,0
0.9306,0,0,0
0.93456,0,0,0
0.93852,0,0,0
0.94248,0,0,0
0.94644,0,0,0
0.9504,0,0,0
0.95436,0,0,0
0.95832,0,0,0
0.96228,0,0,0
0.96624,0,0,0
0.9702,0,0,0
0.97416,0,0,0
0.97812,0,0,0
0.98208,0,0,0
0.98604,0,0,0
0.99,0,0,0
