-1,3.7539,2.8064,11.239
-0.99602,3.7541,2.8103,11.117
-0.99204,3.7542,2.8142,10.995
-0.98806,3.7544,2.8181,10.875
-0.98408,3.7546,2.8219,10.756
-0.9801,3.7547,2.8257,10.638
-0.97612,3.7548,2.8295,10.521
-0.97214,3.755,2.8332,10.405
-0.96816,3.7551,2.8368,10.291
-0.96418,3.7552,2.8404,10.177
-0.9602,3.7553,2.8439,10.065
-0.95622,3.7554,2.8475,9.953
-0.95224,3.7555,2.8509,9.8426
-0.94826,3.7556,2.8543,9.7333
-0.94428,3.7556,2.8577,9.6251
-0.9403,3.7557,2.861,9.5179
-0.93632,3.7557,2.8643,9.4118
-0.93234,3.7557,2.8676,9.3067
-0.92836,3.7557,2.8707,9.2027
-0.92438,3.7557,2.8739,9.0997
-0.9204,3.7557,2.877,8.9978
-0.91642,3.7557,2.8801,8.897
-0.91244,3.7557,2.8831,8.7971
-0.90846,3.7556,2.8861,8.6983
-0.90448,3.7555,2.889,8.6005
-0.9005,3.7555,2.8919,8.5038
-0.89652,3.7554,2.8947,8.408
-0.89254,3.7552,2.8975,8.3133
-0.88856,3.7551,2.9003,8.2195
-0.88458,3.755,2.903,8.1268
-0.8806,3.7548,2.9057,8.035
-0.87662,3.7546,2.9083,7.9442
-0.87264,3.7545,2.9109,7.8544
-0.86866,3.7542,2.9135,7.7655
-0.86468,3.754,2.916,7.6777
-0.8607,3.7538,2.9184,7.5907
-0.85672,3.7535,2.9209,7.5047
-0.85274,3.7532,2.9233,7.4197
-0.84876,3.7529,2.9256,7.3356
-0.84478,3.7526,2.9279,7.2524
-0.8408,3.7523,2.9302,7.1701
-0.83682,3.7519,2.9324,7.0887
-0.83284,3.7515,2.9346,7.0082
-0.82886,3.7511,2.9367,6.9287
-0.82488,3.7507,2.9388,6.8499
-0.8209,3.7502,2.9409,6.7721
-0.81692,3.7498,2.9429,6.6952
-0.81294,3.7493,2.9449,6.6191
-0.80896,3.7488,2.9468,6.5438
-0.80498,3.7482,2.9487,6.4694
-0.801,3.7476,2.9506,6.3958
-0.79702,3.7471,2.9524,6.3231
-0.79304,3.7464,2.9542,6.2512
-0.78906,3.7458,2.956,6.18
-0.78508,3.7451,2.9577,6.1097
-0.7811,3.7444,2.9594,6.0402
-0.77712,3.7437,2.961,5.9714
-0.77314,3.7429,2.9626,5.9034
-0.76916,3.7421,2.9642,5.8362
-0.76518,3.7413,2.9657,5.7697
-0.7612,3.7405,2.9672,5.704
-0.75722,3.7396,2.9686,5.639
-0.75324,3.7387,2.97,5.5748
-0.74926,3.7377,2.9714,5.5112
-0.74528,3.7367,2.9727,5.4484
-0.7413,3.7357,2.974,5.3863
-0.73732,3.7347,2.9753,5.3249
-0.73334,3.7336,2.9765,5.2641
-0.72936,3.7325,2.9777,5.204
-0.72538,3.7313,2.9788,5.1446
-0.7214,3.7301,2.9799,5.0859
-0.71742,3.7289,2.981,5.0278
-0.71344,3.7276,2.9821,4.9703
-0.70946,3.7263,2.9831,4.9135
-0.70548,3.7249,2.984,4.8572
-0.7015,3.7236,2.985,4.801
-0.69752,3.7222,2.9858,4.7454
-0.69354,3.7208,2.9867,4.6905
-0.68956,3.7193,2.9875,4.6361
-0.68558,3.7178,2.9883,4.5823
-0.6816,3.7163,2.989,4.5292
-0.67762,3.7147,2.9898,4.4766
-0.67364,3.713,2.9904,4.4245
-0.66966,3.7112,2.9911,4.374
-0.66568,3.7095,2.9917,4.3229
-0.6617,3.7077,2.9922,4.2724
-0.65772,3.7059,2.9928,4.2224
-0.65374,3.704,2.9933,4.1729
-0.64976,3.702,2.9937,4.124
-0.64578,3.7,2.9941,4.0755
-0.6418,3.698,2.9945,4.0276
-0.63782,3.6959,2.9949,3.9802
-0.63384,3.6937,2.9952,3.9332
-0.62986,3.6915,2.9954,3.8867
-0.62588,3.6892,2.9957,3.8407
-0.6219,3.6869,2.9959,3.7948
-0.61792,3.6846,2.996,3.7493
-0.61394,3.6822,2.9962,3.7043
-0.60996,3.6797,2.9963,3.6598
-0.60598,3.6772,2.9963,3.6157
-0.602,3.6746,2.9963,3.572
-0.59802,3.6719,2.9963,3.5287
-0.59404,3.6692,2.9963,3.4859
-0.59006,3.6664,2.9962,3.4435
-0.58608,3.6635,2.996,3.4014
-0.5821,3.6606,2.9959,3.3596
-0.57812,3.6576,2.9956,3.318
-0.57414,3.6546,2.9954,3.2769
-0.57016,3.6515,2.9951,3.2361
-0.56618,3.6483,2.9948,3.1957
-0.5622,3.645,2.9944,3.1557
-0.55822,3.6416,2.994,3.116
-0.55424,3.6381,2.9936,3.0767
-0.55026,3.6346,2.9931,3.0376
-0.54628,3.6311,2.9926,2.9987
-0.5423,3.6274,2.992,2.9602
-0.53832,3.6237,2.9914,2.922
-0.53434,3.6198,2.9908,2.8842
-0.53036,3.6159,2.9901,2.8466
-0.52638,3.6118,2.9894,2.8094
-0.5224,3.6077,2.9886,2.7723
-0.51842,3.6036,2.9878,2.7355
-0.51444,3.5993,2.9869,2.699
-0.51046,3.5949,2.986,2.6628
-0.50648,3.5904,2.9851,2.6269
-0.5025,3.5858,2.9841,2.5912
-0.49852,3.5811,2.9831,2.5558
-0.49454,3.5763,2.982,2.5205
-0.49056,3.5714,2.9809,2.4856
-0.48658,3.5664,2.9798,2.4509
-0.4826,3.5612,2.9786,2.4164
-0.47862,3.556,2.9773,2.3821
-0.47464,3.5506,2.976,2.3481
-0.47066,3.5452,2.9747,2.3143
-0.46668,3.5395,2.9733,2.2807
-0.4627,3.5338,2.9719,2.2473
-0.45872,3.5279,2.9704,2.2141
-0.45474,3.5219,2.9688,2.1812
-0.45076,3.5158,2.9673,2.1484
-0.44678,3.5095,2.9656,2.1158
-0.4428,3.5031,2.9639,2.0835
-0.43882,3.4965,2.9622,2.0513
-0.43484,3.4898,2.9604,2.0193
-0.43086,3.4829,2.9586,1.9875
-0.42688,3.4759,2.9567,1.9559
-0.4229,3.4687,2.9547,1.9245
-0.41892,3.4613,2.9527,1.8932
-0.41494,3.4538,2.9506,1.8621
-0.41096,3.4461,2.9485,1.8312
-0.40698,3.4382,2.9463,1.8005
-0.403,3.4301,2.9441,1.7699
-0.39902,3.4218,2.9418,1.7395
-0.39504,3.4133,2.9394,1.7093
-0.39106,3.4047,2.937,1.6792
-0.38708,3.3958,2.9345,1.6493
-0.3831,3.3866,2.9319,1.6195
-0.37912,3.3773,2.9293,1.5899
-0.37514,3.3677,2.9266,1.5604
-0.37116,3.3579,2.9238,1.5311
-0.36718,3.3479,2.921,1.502
-0.3632,3.3376,2.9181,1.473
-0.35922,3.327,2.9151,1.4441
-0.35524,3.3162,2.9121,1.4154
-0.35126,3.3051,2.909,1.3868
-0.34728,3.2937,2.9058,1.3584
-0.3433,3.282,2.9025,1.3301
-0.33932,3.27,2.8991,1.3019
-0.33534,3.2576,2.8957,1.2739
-0.33136,3.245,2.8921,1.246
-0.32738,3.232,2.8885,1.2183
-0.3234,3.2186,2.8848,1.1907
-0.31942,3.2049,2.881,1.1633
-0.31544,3.1908,2.8771,1.136
-0.31146,3.1762,2.8731,1.1088
-0.30748,3.1613,2.869,1.0817
-0.3035,3.1459,2.8648,1.0548
-0.29952,3.1301,2.8605,1.0281
-0.29554,3.1138,2.8561,1.0015
-0.29156,3.0971,2.8516,0.97498
-0.28758,3.0798,2.847,0.94865
-0.2836,3.0619,2.8422,0.92244
-0.27962,3.0435,2.8374,0.89638
-0.27564,3.0246,2.8324,0.87047
-0.27166,3.005,2.8273,0.84471
-0.26768,2.9848,2.822,0.8191
-0.2637,2.9639,2.8167,0.79364
-0.25972,2.9423,2.8111,0.76832
-0.25574,2.9199,2.8055,0.74316
-0.25176,2.8968,2.7997,0.71816
-0.24778,2.8728,2.7937,0.69331
-0.2438,2.848,2.7876,0.66863
-0.23982,2.8223,2.7814,0.64413
-0.23584,2.7956,2.7749,0.6198
-0.23186,2.7678,2.7683,0.5956
-0.22788,2.739,2.7615,0.57159
-0.2239,2.709,2.7545,0.5478
-0.21992,2.6777,2.7474,0.52413
-0.21594,2.6452,2.74,0.50072
-0.21196,2.6111,2.7324,0.47743
-0.20798,2.5756,2.7246,0.45439
-0.204,2.5385,2.7166,0.43154
-0.20002,2.4996,2.7083,0.40891
-0.19604,2.4588,2.6998,0.38649
-0.19206,2.4159,2.691,0.36427
-0.18808,2.3708,2.682,0.34233
-0.1841,2.3232,2.6727,0.32057
-0.18012,2.2729,2.6631,0.29909
-0.17614,2.2196,2.6531,0.27786
-0.17216,2.1631,2.6429,0.25689
-0.16818,2.1029,2.6324,0.23621
-0.1642,2.0387,2.6214,0.21582
-0.16022,1.9696,2.6101,0.1957
-0.15624,1.8953,2.5985,0.1759
-0.15226,1.8149,2.5864,0.15643
-0.14828,1.7272,2.5739,0.13729
-0.1443,1.6308,2.5609,0.1185
-0.14032,1.5239,2.5474,0.10007
-0.13634,1.4037,2.5335,0.082039
-0.13236,1.266,2.5189,0.064407
-0.12838,1.1038,2.5038,0.047195
-0.1244,0.90322,2.4881,0.030429
-0.12042,0.62749,2.4718,0.01413
-0.11644,0,2.4547,0.0013899
-0.11246,0,2.4374,0.0091787
-0.10848,0,2.4203,0.016953
-0.1045,0,2.4033,0.024715
-0.10052,0,2.3864,0.032463
-0.09654,0,2.3697,0.040199
-0.09256,0,2.3531,0.047923
-0.08858,0,2.3366,0.055636
-0.0846,0,2.3202,0.063338
-0.08062,0,2.304,0.071029
-0.07664,0,2.2879,0.07871
-0.07266,0,2.2719,0.086382
-0.06868,0,2.2561,0.094045
-0.0647,0,2.2403,0.1017
-0.06072,0,2.2247,0.10934
-0.05674,0,2.2092,0.11698
-0.05276,0,2.1938,0.12461
-0.04878,0,2.1785,0.13224
-0.0448,0,2.1633,0.13985
-0.04082,0,2.1483,0.14747
-0.03684,0,2.1333,0.15507
-0.03286,0,2.1185,0.16267
-0.02888,0,2.1038,0.17027
-0.0249,0,2.0891,0.17786
-0.02092,0,2.0746,0.18545
-0.01694,0,2.0602,0.19303
-0.01296,0,2.0459,0.20062
-0.00898,0,2.0317,0.20819
-0.005,0,2.0176,0.21577
-0.00102,0,2.0036,0.22334
0.00296,0,1.9897,0.23092
0.00694,0,1.9759,0.23849
0.01092,0,1.9621,0.24606
0.0149,0,1.9485,0.25363
0.01888,0,1.935,0.2612
0.02286,0,1.9216,0.26877
0.02684,0,1.9083,0.27634
0.03082,0,1.895,0.28392
0.0348,0,1.8819,0.29149
0.03878,0,1.8688,0.29906
0.04276,0,1.8558,0.30664
0.04674,0,1.843,0.31422
0.05072,0,1.8302,0.3218
0.0547,0,1.8175,0.32939
0.05868,0,1.8049,0.33698
0.06266,0,1.7923,0.34457
0.06664,0,1.7799,0.35217
0.07062,0,1.7675,0.35977
0.0746,0,1.7552,0.36737
0.07858,0,1.743,0.37498
0.08256,0,1.7309,0.3826
0.08654,0,1.7189,0.39022
0.09052,0,1.7069,0.39785
0.0945,0,1.695,0.40548
0.09848,0,1.6832,0.41312
0.10246,0,1.6715,0.42077
0.10644,0,1.6599,0.42842
0.11042,0,1.6483,0.43608
0.1144,0,1.6368,0.44374
0.11838,0,1.6254,0.45142
0.12236,0,1.614,0.4591
0.12634,0,1.6028,0.46679
0.13032,0,1.5916,0.47449
0.1343,0,1.5804,0.4822
0.13828,0,1.5694,0.48991
0.14226,0,1.5584,0.49764
0.14624,0,1.5475,0.50537
0.15022,0,1.5366,0.51311
0.1542,0,1.5259,0.52087
0.15818,0,1.5151,0.52863
0.16216,0,1.5045,0.5364
0.16614,0,1.4939,0.54418
0.17012,0,1.4834,0.55197
0.1741,0,1.473,0.55978
0.17808,0,1.4626,0.56759
0.18206,0,1.4523,0.57541
0.18604,0,1.442,0.58325
0.19002,0,1.4319,0.59109
0.194,0,1.4217,0.59895
0.19798,0,1.4117,0.60681
0.20196,0,1.4017,0.61469
0.20594,0,1.3917,0.62258
0.20992,0,1.3819,0.63048
0.2139,0,1.3721,0.63839
0.21788,0,1.3623,0.64631
0.22186,0,1.3526,0.65425
0.22584,0,1.343,0.66219
0.22982,0,1.3334,0.67015
0.2338,0,1.3239,0.67811
0.23778,0,1.3144,0.68609
0.24176,0,1.305,0.69408
0.24574,0,1.2957,0.70208
0.24972,0,1.2864,0.71009
0.2537,0,1.2771,0.71811
0.25768,0,1.2679,0.72615
0.26166,0,1.2588,0.73419
0.26564,0,1.2498,0.74224
0.26962,0,1.2407,0.75031
0.2736,0,1.2318,0.75838
0.27758,0,1.2229,0.76647
0.28156,0,1.214,0.77457
0.28554,0,1.2052,0.78267
0.28952,0,1.1964,0.79079
0.2935,0,1.1877,0.79891
0.29748,0,1.1791,0.80704
0.30146,0,1.1705,0.81519
0.30544,0,1.1619,0.82334
0.30942,0,1.1535,0.8315
0.3134,0,1.145,0.83966
0.31738,0,1.1366,0.84784
0.32136,0,1.1283,0.85602
0.32534,0,1.12,0.86421
0.32932,0,1.1117,0.87241
0.3333,0,1.1035,0.88061
0.33728,0,1.0953,0.88882
0.34126,0,1.0872,0.89703
0.34524,0,1.0792,0.90525
0.34922,0,1.0712,0.91347
0.3532,0,1.0632,0.9217
0.35718,0,1.0553,0.92993
0.36116,0,1.0474,0.93816
0.36514,0,1.0396,0.9464
0.36912,0,1.0318,0.95464
0.3731,0,1.024,0.96287
0.37708,0,1.0163,0.97111
0.38106,0,1.0087,0.97935
0.38504,0,1.0011,0.98759
0.38902,0,0.99352,0.99583
0.393,0,0.98601,1.0041
0.39698,0,0.97853,1.0123
0.40096,0,0.9711,1.0205
0.40494,0,0.96371,1.0288
0.40892,0,0.95636,1.037
0.4129,0,0.94906,1.0452
0.41688,0,0.9418,1.0534
0.42086,0,0.93458,1.0616
0.42484,0,0.9274,1.0698
0.42882,0,0.92026,1.078
0.4328,0,0.91316,1.0862
0.43678,0,0.90611,1.0943
0.44076,0,0.8991,1.1025
0.44474,0,0.89212,1.1106
0.44872,0,0.88519,1.1188
0.4527,0,0.8783,1.1269
0.45668,0,0.87144,1.135
0.46066,0,0.86463,1.1431
0.46464,0,0.85786,1.1511
0.46862,0,0.85112,1.1592
0.4726,0,0.84443,1.1672
0.47658,0,0.83777,1.1752
0.48056,0,0.83115,1.1832
0.48454,0,0.82457,1.1912
0.48852,0,0.81803,1.1991
0.4925,0,0.81153,1.207
0.49648,0,0.80506,1.2149
0.50046,0,0.79863,1.2228
0.50444,0,0.79225,1.2306
0.50842,0,0.78589,1.2385
0.5124,0,0.77958,1.2462
0.51638,0,0.7733,1.254
0.52036,0,0.76706,1.2617
0.52434,0,0.76086,1.2694
0.52832,0,0.75469,1.277
0.5323,0,0.74856,1.2846
0.53628,0,0.74246,1.2922
0.54026,0,0.7364,1.2998
0.54424,0,0.73038,1.3073
0.54822,0,0.7244,1.3147
0.5522,0,0.71845,1.3221
0.55618,0,0.71253,1.3295
0.56016,0,0.70665,1.3368
0.56414,0,0.70081,1.3441
0.56812,0,0.695,1.3513
0.5721,0,0.68922,1.3585
0.57608,0,0.68348,1.3656
0.58006,0,0.67778,1.3727
0.58404,0,0.67211,1.3797
0.58802,0,0.66648,1.3867
0.592,0,0.66087,1.3936
0.59598,0,0.65531,1.4005
0.59996,0,0.64978,1.4073
0.60394,0,0.64428,1.414
0.60792,0,0.63881,1.4207
0.6119,0,0.63338,1.4273
0.61588,0,0.62799,1.4339
0.61986,0,0.62262,1.4404
0.62384,0,0.61729,1.4468
0.62782,0,0.612,1.4532
0.6318,0,0.60673,1.4595
0.63578,0,0.6015,1.4657
0.63976,0,0.59631,1.4719
0.64374,0,0.59114,1.4779
0.64772,0,0.58601,1.4839
0.6517,0,0.58091,1.4899
0.65568,0,0.57585,1.4957
0.65966,0,0.57081,1.5015
0.66364,0,0.56581,1.5072
0.66762,0,0.56084,1.5128
0.6716,0,0.55591,1.5184
0.67558,0,0.551,1.5238
0.67956,0,0.54613,1.5292
0.68354,0,0.54129,1.5345
0.68752,0,0.53648,1.5397
0.6915,0,0.5317,1.5448
0.69548,0,0.52696,1.5498
0.69946,0,0.52224,1.5548
0.70344,0,0.51756,1.5596
0.70742,0,0.51291,1.5644
0.7114,0,0.50829,1.5691
0.71538,0,0.5037,1.5737
0.71936,0,0.49914,1.5781
0.72334,0,0.49461,1.5825
0.72732,0,0.49012,1.5868
0.7313,0,0.48565,1.591
0.73528,0,0.48122,1.5951
0.73926,0,0.47681,1.5991
0.74324,0,0.47244,1.603
0.74722,0,0.4681,1.6068
0.7512,0,0.46378,1.6105
0.75518,0,0.4595,1.6141
0.75916,0,0.45525,1.6176
0.76314,0,0.45102,1.621
0.76712,0,0.44683,1.6243
0.7711,0,0.44267,1.6275
0.77508,0,0.43853,1.6306
0.77906,0,0.43443,1.6335
0.78304,0,0.43035,1.6364
0.78702,0,0.42631,1.6392
0.791,0,0.42229,1.6418
0.79498,0,0.41831,1.6443
0.79896,0,0.41435,1.6468
0.80294,0,0.41042,1.6491
0.80692,0,0.40652,1.6513
0.8109,0,0.40265,1.6534
0.81488,0,0.39881,1.6554
0.81886,0,0.395,1.6573
0.82284,0,0.39121,1.6591
0.82682,0,0.38746,1.6607
0.8308,0,0.38373,1.6623
0.83478,0,0.38003,1.6637
0.83876,0,0.37636,1.6651
0.84274,0,0.37271,1.6663
0.84672,0,0.3691,1.6674
0.8507,0,0.36551,1.6684
0.85468,0,0.36195,1.6693
0.85866,0,0.35842,1.67
0.86264,0,0.35491,1.6707
0.86662,0,0.35144,1.6712
0.8706,0,0.34799,1.6716
0.87458,0,0.34456,1.672
0.87856,0,0.34117,1.6722
0.88254,0,0.3378,1.6723
0.88652,0,0.33446,1.6722
0.8905,0,0.33114,1.6721
0.89448,0,0.32785,1.6719
0.89846,0,0.32459,1.6715
0.90244,0,0.32136,1.6711
0.90642,0,0.31815,1.6705
0.9104,0,0.31496,1.6698
0.91438,0,0.31181,1.669
0.91836,0,0.30868,1.6681
0.92234,0,0.30557,1.6671
0.92632,0,0.30249,1.666
0.9303,0,0.29944,1.6648
0.93428,0,0.29641,1.6634
0.93826,0,0.29341,1.662
0.94224,0,0.29043,1.6604
0.94622,0,0.28748,1.6588
0.9502,0,0.28455,1.657
0.95418,0,0.28165,1.6552
0.95816,0,0.27877,1.6532
0.96214,0,0.27592,1.6511
0.96612,0,0.27309,1.649
0.9701,0,0.27029,1.6467
0.97408,0,0.26751,1.6443
0.97806,0,0.26476,1.6418
0.98204,0,0.26203,1.6393
0.98602,0,0.25932,1.6366
0.99,0,0.25664,1.6338
