-1,4.2419,3.097,0.15688
-0.99602,4.2408,3.0993,0.15565
-0.99204,4.2396,3.1015,0.15443
-0.98806,4.2384,3.1037,0.15323
-0.98408,4.2372,3.106,0.15203
-0.9801,4.2359,3.1081,0.15084
-0.97612,4.2346,3.1103,0.14967
-0.97214,4.2333,3.1124,0.1485
-0.96816,4.232,3.1145,0.14734
-0.96418,4.2307,3.1166,0.14619
-0.9602,4.2294,3.1187,0.14503
-0.95622,4.2281,3.1208,0.14389
-0.95224,4.2267,3.1228,0.14275
-0.94826,4.2254,3.1248,0.14162
-0.94428,4.224,3.1268,0.1405
-0.9403,4.2226,3.1287,0.13939
-0.93632,4.2211,3.1307,0.13829
-0.93234,4.2197,3.1326,0.1372
-0.92836,4.2182,3.1345,0.13611
-0.92438,4.2167,3.1364,0.13504
-0.9204,4.2151,3.1382,0.13397
-0.91642,4.2136,3.14,0.13292
-0.91244,4.212,3.1419,0.13187
-0.90846,4.2104,3.1436,0.13083
-0.90448,4.2087,3.1454,0.1298
-0.9005,4.207,3.1471,0.12877
-0.89652,4.2053,3.1488,0.12776
-0.89254,4.2036,3.1505,0.12675
-0.88856,4.2018,3.1522,0.12575
-0.88458,4.2,3.1538,0.12476
-0.8806,4.1983,3.1555,0.12377
-0.87662,4.1965,3.157,0.12278
-0.87264,4.1947,3.1586,0.1218
-0.86866,4.1929,3.1602,0.12083
-0.86468,4.191,3.1617,0.11986
-0.8607,4.1891,3.1632,0.1189
-0.85672,4.1872,3.1647,0.11795
-0.85274,4.1852,3.1661,0.11701
-0.84876,4.1832,3.1675,0.11607
-0.84478,4.1812,3.1689,0.11514
-0.8408,4.1791,3.1703,0.11422
-0.83682,4.177,3.1717,0.1133
-0.83284,4.1749,3.173,0.1124
-0.82886,4.1727,3.1743,0.1115
-0.82488,4.1705,3.1756,0.1106
-0.8209,4.1683,3.1768,0.10972
-0.81692,4.1661,3.1781,0.10883
-0.81294,4.1638,3.1793,0.10795
-0.80896,4.1616,3.1804,0.10707
-0.80498,4.1593,3.1816,0.1062
-0.801,4.1569,3.1827,0.10533
-0.79702,4.1545,3.1838,0.10447
-0.79304,4.1521,3.1849,0.10362
-0.78906,4.1497,3.1859,0.10278
-0.78508,4.1471,3.1869,0.10194
-0.7811,4.1446,3.1879,0.10111
-0.77712,4.142,3.1889,0.10028
-0.77314,4.1394,3.1898,0.099461
-0.76916,4.1367,3.1908,0.098647
-0.76518,4.134,3.1916,0.097832
-0.7612,4.1314,3.1925,0.09702
-0.75722,4.1286,3.1933,0.096214
-0.75324,4.1259,3.1941,0.095414
-0.74926,4.1231,3.1949,0.094621
-0.74528,4.1202,3.1957,0.093833
-0.7413,4.1173,3.1964,0.093051
-0.73732,4.1143,3.1971,0.092274
-0.73334,4.1113,3.1977,0.091504
-0.72936,4.1083,3.1984,0.090738
-0.72538,4.1052,3.199,0.089978
-0.7214,4.1021,3.1996,0.089218
-0.71742,4.099,3.2001,0.08846
-0.71344,4.0958,3.2006,0.087708
-0.70946,4.0925,3.2011,0.086962
-0.70548,4.0893,3.2016,0.086221
-0.7015,4.0859,3.202,0.085484
-0.69752,4.0825,3.2024,0.084754
-0.69354,4.0791,3.2028,0.084028
-0.68956,4.0756,3.2031,0.083307
-0.68558,4.072,3.2034,0.082589
-0.6816,4.0685,3.2037,0.081871
-0.67762,4.0649,3.2039,0.081158
-0.67364,4.0612,3.2041,0.08045
-0.66966,4.0575,3.2043,0.079747
-0.66568,4.0537,3.2045,0.079048
-0.6617,4.0498,3.2046,0.078354
-0.65772,4.0459,3.2046,0.077665
-0.65374,4.0419,3.2047,0.07698
-0.64976,4.0379,3.2047,0.076295
-0.64578,4.0339,3.2047,0.075613
-0.6418,4.0298,3.2046,0.074936
-0.63782,4.0256,3.2046,0.074263
-0.63384,4.0214,3.2044,0.073594
-0.62986,4.0171,3.2043,0.07293
-0.62588,4.0127,3.2041,0.07227
-0.6219,4.0082,3.2039,0.071612
-0.61792,4.0038,3.2036,0.070956
-0.61394,3.9993,3.2033,0.070303
-0.60996,3.9946,3.203,0.069654
-0.60598,3.9899,3.2026,0.06901
-0.602,3.9852,3.2022,0.068369
-0.59802,3.9803,3.2018,0.067731
-0.59404,3.9754,3.2013,0.067096
-0.59006,3.9705,3.2008,0.066463
-0.58608,3.9654,3.2002,0.065833
-0.5821,3.9603,3.1996,0.065207
-0.57812,3.9551,3.199,0.064584
-0.57414,3.9498,3.1983,0.063965
-0.57016,3.9444,3.1976,0.063348
-0.56618,3.939,3.1968,0.062733
-0.5622,3.9335,3.196,0.062121
-0.55822,3.9279,3.1952,0.061512
-0.55424,3.9222,3.1943,0.060907
-0.55026,3.9164,3.1934,0.060304
-0.54628,3.9105,3.1924,0.059703
-0.5423,3.9046,3.1914,0.059105
-0.53832,3.8985,3.1904,0.058509
-0.53434,3.8924,3.1893,0.057916
-0.53036,3.8861,3.1881,0.057327
-0.52638,3.8798,3.1869,0.056739
-0.5224,3.8734,3.1857,0.056153
-0.51842,3.8668,3.1844,0.05557
-0.51444,3.8602,3.1831,0.054989
-0.51046,3.8534,3.1817,0.054411
-0.50648,3.8465,3.1803,0.053835
-0.5025,3.8396,3.1788,0.053261
-0.49852,3.8325,3.1773,0.052689
-0.49454,3.8253,3.1757,0.052119
-0.49056,3.8179,3.1741,0.051552
-0.48658,3.8105,3.1724,0.050986
-0.4826,3.8029,3.1707,0.050423
-0.47862,3.7952,3.1689,0.049862
-0.47464,3.7874,3.1671,0.049302
-0.47066,3.7794,3.1652,0.048745
-0.46668,3.7713,3.1632,0.048189
-0.4627,3.7631,3.1612,0.047635
-0.45872,3.7547,3.1592,0.047083
-0.45474,3.7462,3.157,0.046533
-0.45076,3.7375,3.1549,0.045984
-0.44678,3.7287,3.1526,0.045437
-0.4428,3.7197,3.1503,0.044892
-0.43882,3.7106,3.148,0.044348
-0.43484,3.7012,3.1455,0.043805
-0.43086,3.6918,3.1431,0.043265
-0.42688,3.6821,3.1405,0.042725
-0.4229,3.6723,3.1379,0.042187
-0.41892,3.6623,3.1352,0.041651
-0.41494,3.6521,3.1325,0.041116
-0.41096,3.6417,3.1296,0.040582
-0.40698,3.6311,3.1267,0.040049
-0.403,3.6203,3.1238,0.039517
-0.39902,3.6093,3.1207,0.038987
-0.39504,3.5981,3.1176,0.038457
-0.39106,3.5867,3.1144,0.037929
-0.38708,3.575,3.1112,0.037402
-0.3831,3.5631,3.1078,0.036876
-0.37912,3.551,3.1044,0.03635
-0.37514,3.5386,3.1009,0.035826
-0.37116,3.5259,3.0973,0.035302
-0.36718,3.513,3.0936,0.034779
-0.3632,3.4999,3.0898,0.034257
-0.35922,3.4864,3.086,0.033735
-0.35524,3.4727,3.082,0.033214
-0.35126,3.4586,3.078,0.032694
-0.34728,3.4443,3.0739,0.032174
-0.3433,3.4296,3.0696,0.031654
-0.33932,3.4146,3.0653,0.031135
-0.33534,3.3993,3.0609,0.030616
-0.33136,3.3836,3.0563,0.030098
-0.32738,3.3675,3.0517,0.029579
-0.3234,3.3511,3.0469,0.029062
-0.31942,3.3343,3.0421,0.028543
-0.31544,3.3171,3.0371,0.028025
-0.31146,3.2994,3.032,0.027508
-0.30748,3.2813,3.0268,0.026989
-0.3035,3.2628,3.0215,0.026471
-0.29952,3.2438,3.016,0.025953
-0.29554,3.2242,3.0104,0.025434
-0.29156,3.2042,3.0047,0.024914
-0.28758,3.1836,2.9988,0.024395
-0.2836,3.1625,2.9928,0.023875
-0.27962,3.1409,2.9867,0.023354
-0.27564,3.1185,2.9804,0.022832
-0.27166,3.0956,2.974,0.02231
-0.26768,3.072,2.9674,0.021787
-0.2637,3.0476,2.9606,0.021263
-0.25972,3.0226,2.9537,0.020738
-0.25574,2.9968,2.9466,0.020212
-0.25176,2.9702,2.9393,0.019685
-0.24778,2.9427,2.9319,0.019155
-0.2438,2.9143,2.9243,0.018625
-0.23982,2.885,2.9164,0.018093
-0.23584,2.8547,2.9084,0.017559
-0.23186,2.8233,2.9002,0.017024
-0.22788,2.7908,2.8917,0.016486
-0.2239,2.7571,2.883,0.015947
-0.21992,2.7221,2.8741,0.015405
-0.21594,2.6859,2.865,0.014861
-0.21196,2.6481,2.8556,0.014314
-0.20798,2.6087,2.846,0.013764
-0.204,2.5678,2.8361,0.013212
-0.20002,2.525,2.8259,0.012656
-0.19604,2.4804,2.8155,0.012098
-0.19206,2.4336,2.8047,0.011535
-0.18808,2.3845,2.7936,0.010969
-0.1841,2.333,2.7823,0.010399
-0.18012,2.2787,2.7705,0.0098242
-0.17614,2.2214,2.7585,0.009245
-0.17216,2.1609,2.746,0.0086612
-0.16818,2.0966,2.7332,0.0080727
-0.1642,2.0282,2.72,0.0074782
-0.16022,1.955,2.7063,0.0068779
-0.15624,1.8765,2.6922,0.0062717
-0.15226,1.7917,2.6777,0.0056583
-0.14828,1.6995,2.6626,0.0050383
-0.1443,1.5985,2.6471,0.0044104
-0.14032,1.4867,2.631,0.0037743
-0.13634,1.3611,2.6143,0.0031297
-0.13236,1.2171,2.597,0.0024754
-0.12838,1.0467,2.5791,0.0018109
-0.1244,0.83333,2.5605,0.0011355
-0.12042,0.52616,2.5412,0.00044822
-0.11644,0.013317,2.5212,0.00015157
-0.11246,0.012907,2.5011,0.00051027
-0.10848,0.013316,2.4813,0.0008782
-0.1045,0.012906,2.4616,0.0012556
-0.10052,0,2.4421,0.0016426
-0.09654,0,2.4227,0.0020394
-0.09256,0,2.4035,0.0024463
-0.08858,0,2.3845,0.0028634
-0.0846,0,2.3656,0.0032911
-0.08062,0,2.3469,0.0037294
-0.07664,0,2.3284,0.0041786
-0.07266,0,2.31,0.004639
-0.06868,0,2.2918,0.0051108
-0.0647,0,2.2737,0.0055942
-0.06072,0,2.2558,0.0060895
-0.05674,0,2.2381,0.006597
-0.05276,0,2.2204,0.0071168
-0.04878,0,2.203,0.0076493
-0.0448,0,2.1856,0.0081947
-0.04082,0,2.1685,0.0087534
-0.03684,0,2.1514,0.0093255
-0.03286,0,2.1345,0.0099115
-0.02888,0,2.1177,0.010512
-0.0249,0,2.1011,0.011126
-0.02092,0,2.0846,0.011755
-0.01694,0,2.0682,0.012399
-0.01296,0,2.052,0.013059
-0.00898,0,2.0359,0.013734
-0.005,0,2.0199,0.014425
-0.00102,0,2.004,0.015133
0.00296,0,1.9883,0.015857
0.00694,0,1.9727,0.016599
0.01092,0,1.9572,0.017358
0.0149,0,1.9419,0.018134
0.01888,0,1.9266,0.01893
0.02286,0,1.9115,0.019743
0.02684,0,1.8965,0.020576
0.03082,0,1.8816,0.021429
0.0348,0,1.8668,0.022301
0.03878,0,1.8521,0.023194
0.04276,0,1.8375,0.024107
0.04674,0,1.8231,0.025042
0.05072,0,1.8088,0.025999
0.0547,0,1.7945,0.026977
0.05868,0,1.7804,0.027979
0.06266,0,1.7664,0.029004
0.06664,0,1.7524,0.030053
0.07062,0,1.7386,0.031126
0.0746,0,1.7249,0.032224
0.07858,0,1.7113,0.033348
0.08256,0,1.6978,0.034498
0.08654,0,1.6843,0.035674
0.09052,0,1.671,0.036878
0.0945,0,1.6578,0.03811
0.09848,0,1.6447,0.03937
0.10246,0,1.6316,0.040659
0.10644,0,1.6187,0.041979
0.11042,0,1.6058,0.043328
0.1144,0,1.5931,0.04471
0.11838,0,1.5804,0.046123
0.12236,0,1.5678,0.047569
0.12634,0,1.5553,0.049049
0.13032,0,1.5429,0.050563
0.1343,0,1.5306,0.052112
0.13828,0,1.5184,0.053698
0.14226,0,1.5062,0.05532
0.14624,0,1.4941,0.05698
0.15022,0,1.4822,0.058678
0.1542,0,1.4702,0.060417
0.15818,0,1.4584,0.062196
0.16216,0,1.4467,0.064016
0.16614,0,1.435,0.065879
0.17012,0,1.4234,0.067785
0.1741,0,1.4119,0.069736
0.17808,0,1.4005,0.071733
0.18206,0,1.3892,0.073777
0.18604,0,1.3779,0.075869
0.19002,0,1.3667,0.07801
0.194,0,1.3555,0.080201
0.19798,0,1.3445,0.082444
0.20196,0,1.3335,0.08474
0.20594,0,1.3226,0.08709
0.20992,0,1.3118,0.089496
0.2139,0,1.301,0.091959
0.21788,0,1.2903,0.094481
0.22186,0,1.2797,0.097062
0.22584,0,1.2691,0.099705
0.22982,0,1.2586,0.10241
0.2338,0,1.2482,0.10518
0.23778,0,1.2378,0.10802
0.24176,0,1.2275,0.11092
0.24574,0,1.2173,0.1139
0.24972,0,1.2071,0.11695
0.2537,0,1.197,0.12007
0.25768,0,1.187,0.12326
0.26166,0,1.177,0.12654
0.26564,0,1.1671,0.12989
0.26962,0,1.1573,0.13332
0.2736,0,1.1475,0.13684
0.27758,0,1.1378,0.14044
0.28156,0,1.1281,0.14414
0.28554,0,1.1185,0.14792
0.28952,0,1.1089,0.1518
0.2935,0,1.0994,0.15577
0.29748,0,1.09,0.15984
0.30146,0,1.0806,0.16401
0.30544,0,1.0713,0.16829
0.30942,0,1.0621,0.17267
0.3134,0,1.0528,0.17716
0.31738,0,1.0437,0.18176
0.32136,0,1.0346,0.18648
0.32534,0,1.0256,0.19132
0.32932,0,1.0166,0.19628
0.3333,0,1.0076,0.20137
0.33728,0,0.99875,0.20659
0.34126,0,0.98992,0.21194
0.34524,0,0.98114,0.21742
0.34922,0,0.97241,0.22305
0.3532,0,0.96373,0.22883
0.35718,0,0.95511,0.23475
0.36116,0,0.94653,0.24082
0.36514,0,0.93801,0.24706
0.36912,0,0.92953,0.25345
0.3731,0,0.9211,0.26002
0.37708,0,0.91272,0.26676
0.38106,0,0.90439,0.27367
0.38504,0,0.89611,0.28077
0.38902,0,0.88787,0.28806
0.393,0,0.87968,0.29554
0.39698,0,0.87153,0.30322
0.40096,0,0.86344,0.31111
0.40494,0,0.85538,0.31921
0.40892,0,0.84738,0.32753
0.4129,0,0.83941,0.33608
0.41688,0,0.8315,0.34487
0.42086,0,0.82362,0.35389
0.42484,0,0.81579,0.36316
0.42882,0,0.808,0.37269
0.4328,0,0.80026,0.38248
0.43678,0,0.79256,0.39255
0.44076,0,0.7849,0.4029
0.44474,0,0.77728,0.41354
0.44872,0,0.76971,0.42448
0.4527,0,0.76217,0.43574
0.45668,0,0.75468,0.44731
0.46066,0,0.74723,0.45922
0.46464,0,0.73981,0.47147
0.46862,0,0.73244,0.48408
0.4726,0,0.72511,0.49705
0.47658,0,0.71782,0.5104
0.48056,0,0.71056,0.52415
0.48454,0,0.70334,0.5383
0.48852,0,0.69617,0.55287
0.4925,0,0.68903,0.56788
0.49648,0,0.68193,0.58334
0.50046,0,0.67486,0.59927
0.50444,0,0.66783,0.61568
0.50842,0,0.66084,0.63259
0.5124,0,0.65389,0.65002
0.51638,0,0.64697,0.668
0.52036,0,0.64009,0.68652
0.52434,0,0.63325,0.70563
0.52832,0,0.62644,0.72534
0.5323,0,0.61966,0.74567
0.53628,0,0.61292,0.76665
0.54026,0,0.60621,0.7883
0.54424,0,0.59954,0.81065
0.54822,0,0.59291,0.83372
0.5522,0,0.5863,0.85755
0.55618,0,0.57973,0.88215
0.56016,0,0.5732,0.90758
0.56414,0,0.56669,0.93384
0.56812,0,0.56022,0.96099
0.5721,0,0.55379,0.98905
0.57608,0,0.54738,1.0181
0.58006,0,0.54101,1.0481
0.58404,0,0.53467,1.0791
0.58802,0,0.52836,1.1112
0.592,0,0.52208,1.1445
0.59598,0,0.51583,1.1789
0.59996,0,0.50962,1.2145
0.60394,0,0.50343,1.2514
0.60792,0,0.49728,1.2897
0.6119,0,0.49115,1.3293
0.61588,0,0.48506,1.3704
0.61986,0,0.47899,1.413
0.62384,0,0.47296,1.4571
0.62782,0,0.46695,1.503
0.6318,0,0.46098,1.5505
0.63578,0,0.45503,1.5999
0.63976,0,0.44911,1.6512
0.64374,0,0.44322,1.7045
0.64772,0,0.43736,1.7598
0.6517,0,0.43152,1.8173
0.65568,0,0.42572,1.8772
0.65966,0,0.41994,1.9394
0.66364,0,0.41419,2.0042
0.66762,0,0.40847,2.0716
0.6716,0,0.40277,2.1418
0.67558,0,0.3971,2.2149
0.67956,0,0.39146,2.2912
0.68354,0,0.38585,2.3706
0.68752,0,0.38026,2.4535
0.6915,0,0.3747,2.54
0.69548,0,0.36916,2.6303
0.69946,0,0.36365,2.7247
0.70344,0,0.35816,2.8232
0.70742,0,0.35271,2.9263
0.7114,0,0.34727,3.034
0.71538,0,0.34186,3.1468
0.71936,0,0.33648,3.2649
0.72334,0,0.33112,3.3886
0.72732,0,0.32579,3.5183
0.7313,0,0.32048,3.6542
0.73528,0,0.31519,3.7969
0.73926,0,0.30993,3.9467
0.74324,0,0.3047,4.1041
0.74722,0,0.29948,4.2696
0.7512,0,0.2943,4.4437
0.75518,0,0.28913,4.6269
0.75916,0,0.28399,4.8199
0.76314,0,0.27887,5.0233
0.76712,0,0.27378,5.238
0.7711,0,0.26871,5.4645
0.77508,0,0.26366,5.7039
0.77906,0,0.25863,5.9571
0.78304,0,0.25363,6.2249
0.78702,0,0.24865,6.5087
0.791,0,0.24369,6.8095
0.79498,0,0.23875,7.1287
0.79896,0,0.23384,7.4678
0.80294,0,0.22895,7.8283
0.80692,0,0.22408,8.2119
0.8109,0,0.21923,8.6207
0.81488,0,0.2144,9.0568
0.81886,0,0.2096,9.5225
0.82284,0,0.20482,10.02
0.82682,0,0.20005,10.553
0.8308,0,0.19531,11.125
0.83478,0,0.19059,11.738
0.83876,0,0.1859,12.398
0.84274,0,0.18122,13.107
0.84672,0,0.17657,13.873
0.8507,0,0.17193,14.699
0.85468,0,0.16732,15.594
0.85866,0,0.16273,16.563
0.86264,0,0.15815,17.615
0.86662,0,0.1536,18.76
0.8706,0,0.14907,20.008
0.87458,0,0.14457,21.372
0.87856,0,0.14008,22.866
0.88254,0,0.13561,24.506
0.88652,0,0.13117,26.31
0.8905,0,0.12675,28.301
0.89448,0,0.12235,30.505
0.89846,0,0.11797,32.952
0.90244,0,0.11361,35.676
0.90642,0,0.10928,38.72
0.9104,0,0.10497,42.133
0.91438,0,0.10068,45.976
0.91836,0,0.09642,50.319
0.92234,0,0.092185,55.25
0.92632,0,0.087976,60.873
0.9303,0,0.083797,67.318
0.93428,0,0.079647,74.742
0.93826,0,0.07553,83.344
0.94224,0,0.071448,93.368
0.94622,0,0.067405,105.12
0.9502,0,0.063403,119
0.95418,0,0.059448,135.5
0.95816,0,0.055545,155.27
0.96214,0,0.0517,179.12
0.96612,0,0.047922,208.16
0.9701,0,0.044218,243.8
0.97408,0,0.0406,287.93
0.97806,0,0.037077,343.07
0.98204,0,0.033664,412.58
0.98602,0,0.030374,501.02
0.99,0,0.02722,614.55
