-1,4.2367,3.2608,4.2395
-0.99602,4.2347,3.2616,4.217
-0.99204,4.2327,3.2624,4.1946
-0.98806,4.2306,3.2632,4.1722
-0.98408,4.2286,3.264,4.1495
-0.9801,4.2266,3.2647,4.1269
-0.97612,4.2245,3.2655,4.1044
-0.97214,4.2224,3.2662,4.0819
-0.96816,4.2203,3.2669,4.0595
-0.96418,4.2182,3.2676,4.0372
-0.9602,4.216,3.2683,4.0149
-0.95622,4.2139,3.2689,3.9927
-0.95224,4.2116,3.2696,3.9706
-0.94826,4.2094,3.2702,3.9485
-0.94428,4.2071,3.2708,3.9266
-0.9403,4.2048,3.2714,3.9046
-0.93632,4.2025,3.272,3.8828
-0.93234,4.2001,3.2726,3.861
-0.92836,4.1978,3.2731,3.839
-0.92438,4.1954,3.2736,3.817
-0.9204,4.193,3.2741,3.795
-0.91642,4.1906,3.2746,3.7732
-0.91244,4.1882,3.2751,3.7513
-0.90846,4.1857,3.2755,3.7296
-0.90448,4.1832,3.276,3.7079
-0.9005,4.1807,3.2764,3.6863
-0.89652,4.1781,3.2768,3.6647
-0.89254,4.1755,3.2772,3.6432
-0.88856,4.1729,3.2775,3.6218
-0.88458,4.1702,3.2779,3.6004
-0.8806,4.1675,3.2782,3.5791
-0.87662,4.1649,3.2785,3.5575
-0.87264,4.1622,3.2788,3.5361
-0.86866,4.1594,3.2791,3.5146
-0.86468,4.1567,3.2793,3.4933
-0.8607,4.1539,3.2795,3.472
-0.85672,4.151,3.2797,3.4507
-0.85274,4.1481,3.2799,3.4295
-0.84876,4.1452,3.2801,3.4084
-0.84478,4.1423,3.2803,3.3874
-0.8408,4.1393,3.2804,3.3663
-0.83682,4.1362,3.2805,3.3454
-0.83284,4.1332,3.2806,3.3243
-0.82886,4.1302,3.2807,3.3032
-0.82488,4.1271,3.2807,3.2822
-0.8209,4.124,3.2807,3.2612
-0.81692,4.1209,3.2807,3.2403
-0.81294,4.1177,3.2807,3.2194
-0.80896,4.1144,3.2807,3.1986
-0.80498,4.1111,3.2806,3.1779
-0.801,4.1078,3.2806,3.1572
-0.79702,4.1044,3.2805,3.1366
-0.79304,4.1011,3.2804,3.1158
-0.78906,4.0977,3.2802,3.095
-0.78508,4.0943,3.2801,3.0743
-0.7811,4.0908,3.2799,3.0537
-0.77712,4.0873,3.2797,3.0331
-0.77314,4.0837,3.2794,3.0126
-0.76916,4.0801,3.2792,2.9921
-0.76518,4.0764,3.2789,2.9717
-0.7612,4.0727,3.2786,2.9513
-0.75722,4.069,3.2783,2.9308
-0.75324,4.0652,3.2779,2.9104
-0.74926,4.0615,3.2776,2.89
-0.74528,4.0576,3.2772,2.8696
-0.7413,4.0537,3.2768,2.8493
-0.73732,4.0497,3.2763,2.8291
-0.73334,4.0457,3.2759,2.8088
-0.72936,4.0417,3.2754,2.7887
-0.72538,4.0376,3.2748,2.7684
-0.7214,4.0335,3.2743,2.7482
-0.71742,4.0293,3.2737,2.728
-0.71344,4.0251,3.2731,2.7079
-0.70946,4.0208,3.2725,2.6878
-0.70548,4.0165,3.2719,2.6678
-0.7015,4.0121,3.2712,2.6478
-0.69752,4.0077,3.2705,2.6278
-0.69354,4.0032,3.2698,2.6078
-0.68956,3.9987,3.269,2.5878
-0.68558,3.9941,3.2683,2.5678
-0.6816,3.9895,3.2675,2.5479
-0.67762,3.9848,3.2666,2.5281
-0.67364,3.98,3.2658,2.5082
-0.66966,3.9752,3.2649,2.4884
-0.66568,3.9703,3.264,2.4685
-0.6617,3.9654,3.263,2.4487
-0.65772,3.9604,3.262,2.4289
-0.65374,3.9554,3.261,2.4092
-0.64976,3.9503,3.26,2.3895
-0.64578,3.9451,3.2589,2.3698
-0.6418,3.9399,3.2578,2.3501
-0.63782,3.9346,3.2567,2.3304
-0.63384,3.9292,3.2556,2.3108
-0.62986,3.9238,3.2544,2.2912
-0.62588,3.9182,3.2531,2.2716
-0.6219,3.9127,3.2519,2.2521
-0.61792,3.907,3.2506,2.2325
-0.61394,3.9013,3.2493,2.213
-0.60996,3.8955,3.2479,2.1935
-0.60598,3.8897,3.2466,2.174
-0.602,3.8837,3.2451,2.1545
-0.59802,3.8777,3.2437,2.1351
-0.59404,3.8716,3.2422,2.1156
-0.59006,3.8654,3.2407,2.0962
-0.58608,3.8592,3.2391,2.0768
-0.5821,3.8528,3.2375,2.0575
-0.57812,3.8464,3.2359,2.0381
-0.57414,3.8399,3.2342,2.0188
-0.57016,3.8333,3.2325,1.9995
-0.56618,3.8266,3.2308,1.9802
-0.5622,3.8198,3.229,1.9609
-0.55822,3.813,3.2271,1.9416
-0.55424,3.806,3.2253,1.9224
-0.55026,3.7989,3.2234,1.9032
-0.54628,3.7918,3.2214,1.884
-0.5423,3.7845,3.2195,1.8648
-0.53832,3.7771,3.2174,1.8456
-0.53434,3.7697,3.2154,1.8264
-0.53036,3.7621,3.2133,1.8073
-0.52638,3.7544,3.2111,1.7882
-0.5224,3.7466,3.2089,1.769
-0.51842,3.7387,3.2067,1.75
-0.51444,3.7307,3.2044,1.7309
-0.51046,3.7225,3.202,1.7118
-0.50648,3.7142,3.1997,1.6928
-0.5025,3.7059,3.1972,1.6737
-0.49852,3.6973,3.1948,1.6547
-0.49454,3.6887,3.1922,1.6357
-0.49056,3.6799,3.1897,1.6167
-0.48658,3.671,3.187,1.5977
-0.4826,3.6619,3.1844,1.5788
-0.47862,3.6528,3.1816,1.5598
-0.47464,3.6434,3.1789,1.5409
-0.47066,3.6339,3.176,1.522
-0.46668,3.6243,3.1732,1.5031
-0.4627,3.6145,3.1702,1.4842
-0.45872,3.6046,3.1672,1.4653
-0.45474,3.5944,3.1642,1.4464
-0.45076,3.5842,3.1611,1.4276
-0.44678,3.5737,3.1579,1.4087
-0.4428,3.5631,3.1547,1.3899
-0.43882,3.5523,3.1514,1.3711
-0.43484,3.5413,3.148,1.3523
-0.43086,3.5301,3.1446,1.3335
-0.42688,3.5187,3.1411,1.3147
-0.4229,3.5072,3.1376,1.2959
-0.41892,3.4954,3.134,1.2772
-0.41494,3.4834,3.1303,1.2584
-0.41096,3.4712,3.1265,1.2397
-0.40698,3.4588,3.1227,1.221
-0.403,3.4461,3.1188,1.2023
-0.39902,3.4332,3.1149,1.1836
-0.39504,3.4201,3.1108,1.1649
-0.39106,3.4067,3.1067,1.1462
-0.38708,3.3931,3.1025,1.1276
-0.3831,3.3792,3.0982,1.1089
-0.37912,3.365,3.0939,1.0903
-0.37514,3.3505,3.0895,1.0717
-0.37116,3.3358,3.0849,1.0531
-0.36718,3.3208,3.0803,1.0345
-0.3632,3.3054,3.0757,1.0159
-0.35922,3.2897,3.0709,0.99735
-0.35524,3.2737,3.066,0.9788
-0.35126,3.2574,3.061,0.96025
-0.34728,3.2407,3.056,0.94173
-0.3433,3.2236,3.0508,0.92322
-0.33932,3.2062,3.0456,0.90471
-0.33534,3.1883,3.0402,0.88623
-0.33136,3.1701,3.0347,0.86776
-0.32738,3.1514,3.0292,0.84929
-0.3234,3.1323,3.0235,0.83085
-0.31942,3.1128,3.0177,0.81244
-0.31544,3.0928,3.0118,0.79402
-0.31146,3.0723,3.0057,0.77562
-0.30748,3.0513,2.9996,0.75725
-0.3035,3.0297,2.9933,0.73888
-0.29952,3.0076,2.9869,0.72054
-0.29554,2.9849,2.9804,0.70221
-0.29156,2.9616,2.9737,0.6839
-0.28758,2.9377,2.9669,0.6656
-0.2836,2.9131,2.9599,0.64733
-0.27962,2.8878,2.9528,0.62909
-0.27564,2.8618,2.9456,0.61087
-0.27166,2.835,2.9382,0.59265
-0.26768,2.8074,2.9306,0.57446
-0.2637,2.7791,2.9229,0.55631
-0.25972,2.7498,2.915,0.53817
-0.25574,2.7195,2.907,0.52005
-0.25176,2.6883,2.8987,0.50199
-0.24778,2.656,2.8903,0.48391
-0.2438,2.6226,2.8817,0.46591
-0.23982,2.588,2.8729,0.44789
-0.23584,2.5523,2.8638,0.42995
-0.23186,2.5151,2.8546,0.41202
-0.22788,2.4765,2.8452,0.39412
-0.2239,2.4363,2.8355,0.37625
-0.21992,2.3946,2.8256,0.35843
-0.21594,2.3511,2.8154,0.34066
-0.21196,2.3056,2.805,0.32292
-0.20798,2.2581,2.7944,0.30523
-0.204,2.2083,2.7834,0.28759
-0.20002,2.1561,2.7722,0.27
-0.19604,2.1011,2.7607,0.25246
-0.19206,2.0431,2.7489,0.23497
-0.18808,1.9818,2.7368,0.21755
-0.1841,1.9168,2.7244,0.20018
-0.18012,1.8476,2.7116,0.18288
-0.17614,1.7736,2.6984,0.16565
-0.17216,1.694,2.6849,0.1485
-0.16818,1.608,2.671,0.13142
-0.1642,1.5143,2.6567,0.11443
-0.16022,1.4112,2.6419,0.097533
-0.15624,1.2962,2.6267,0.08072
-0.15226,1.1657,2.611,0.06401
-0.14828,1.0133,2.5949,0.047406
-0.1443,0.82678,2.5782,0.030919
-0.14032,0.57299,2.5609,0.014551
-0.13634,0.014667,2.5431,0.0015335
-0.13236,0,2.5252,0.0095794
-0.12838,0,2.5073,0.017571
-0.1244,0,2.4897,0.025509
-0.12042,0,2.4721,0.033395
-0.11644,0,2.4547,0.041229
-0.11246,0,2.4374,0.049013
-0.10848,0,2.4203,0.056746
-0.1045,0,2.4033,0.06443
-0.10052,0,2.3864,0.072065
-0.09654,0,2.3697,0.079652
-0.09256,0,2.3531,0.087191
-0.08858,0,2.3366,0.094684
-0.0846,0,2.3202,0.10213
-0.08062,0,2.304,0.10953
-0.07664,0,2.2879,0.11689
-0.07266,0,2.2719,0.1242
-0.06868,0,2.2561,0.13147
-0.0647,0,2.2403,0.13869
-0.06072,0,2.2247,0.14588
-0.05674,0,2.2092,0.15302
-0.05276,0,2.1938,0.16012
-0.04878,0,2.1785,0.16718
-0.0448,0,2.1633,0.17419
-0.04082,0,2.1483,0.18117
-0.03684,0,2.1333,0.18811
-0.03286,0,2.1185,0.19501
-0.02888,0,2.1038,0.20188
-0.0249,0,2.0891,0.2087
-0.02092,0,2.0746,0.21549
-0.01694,0,2.0602,0.22224
-0.01296,0,2.0459,0.22895
-0.00898,0,2.0317,0.23563
-0.005,0,2.0176,0.24227
-0.00102,0,2.0036,0.24888
0.00296,0,1.9897,0.25546
0.00694,0,1.9759,0.262
0.01092,0,1.9621,0.2685
0.0149,0,1.9485,0.27497
0.01888,0,1.935,0.28141
0.02286,0,1.9216,0.28782
0.02684,0,1.9083,0.2942
0.03082,0,1.895,0.30054
0.0348,0,1.8819,0.30685
0.03878,0,1.8688,0.31313
0.04276,0,1.8558,0.31938
0.04674,0,1.843,0.3256
0.05072,0,1.8302,0.33179
0.0547,0,1.8175,0.33795
0.05868,0,1.8049,0.34408
0.06266,0,1.7923,0.35018
0.06664,0,1.7799,0.35625
0.07062,0,1.7675,0.3623
0.0746,0,1.7552,0.36831
0.07858,0,1.743,0.3743
0.08256,0,1.7309,0.38026
0.08654,0,1.7189,0.38619
0.09052,0,1.7069,0.3921
0.0945,0,1.695,0.39798
0.09848,0,1.6832,0.40383
0.10246,0,1.6715,0.40966
0.10644,0,1.6599,0.41546
0.11042,0,1.6483,0.42123
0.1144,0,1.6368,0.42698
0.11838,0,1.6254,0.4327
0.12236,0,1.614,0.4384
0.12634,0,1.6028,0.44407
0.13032,0,1.5916,0.44972
0.1343,0,1.5804,0.45534
0.13828,0,1.5694,0.46094
0.14226,0,1.5584,0.46652
0.14624,0,1.5475,0.47207
0.15022,0,1.5366,0.47759
0.1542,0,1.5259,0.4831
0.15818,0,1.5151,0.48858
0.16216,0,1.5045,0.49403
0.16614,0,1.4939,0.49946
0.17012,0,1.4834,0.50487
0.1741,0,1.473,0.51026
0.17808,0,1.4626,0.51562
0.18206,0,1.4523,0.52096
0.18604,0,1.442,0.52628
0.19002,0,1.4319,0.53157
0.194,0,1.4217,0.53685
0.19798,0,1.4117,0.54209
0.20196,0,1.4017,0.54732
0.20594,0,1.3917,0.55253
0.20992,0,1.3819,0.55771
0.2139,0,1.3721,0.56287
0.21788,0,1.3623,0.56801
0.22186,0,1.3526,0.57312
0.22584,0,1.343,0.57822
0.22982,0,1.3334,0.58329
0.2338,0,1.3239,0.58834
0.23778,0,1.3144,0.59336
0.24176,0,1.305,0.59837
0.24574,0,1.2957,0.60335
0.24972,0,1.2864,0.60831
0.2537,0,1.2771,0.61325
0.25768,0,1.2679,0.61817
0.26166,0,1.2588,0.62306
0.26564,0,1.2498,0.62793
0.26962,0,1.2407,0.63278
0.2736,0,1.2318,0.63761
0.27758,0,1.2229,0.64241
0.28156,0,1.214,0.6472
0.28554,0,1.2052,0.65196
0.28952,0,1.1964,0.65669
0.2935,0,1.1877,0.66141
0.29748,0,1.1791,0.6661
0.30146,0,1.1705,0.67077
0.30544,0,1.1619,0.67541
0.30942,0,1.1535,0.68003
0.3134,0,1.145,0.68463
0.31738,0,1.1366,0.6892
0.32136,0,1.1283,0.69375
0.32534,0,1.12,0.69828
0.32932,0,1.1117,0.70278
0.3333,0,1.1035,0.70726
0.33728,0,1.0953,0.71171
0.34126,0,1.0872,0.71614
0.34524,0,1.0792,0.72055
0.34922,0,1.0712,0.72493
0.3532,0,1.0632,0.72928
0.35718,0,1.0553,0.73361
0.36116,0,1.0474,0.73791
0.36514,0,1.0396,0.74219
0.36912,0,1.0318,0.74644
0.3731,0,1.024,0.75066
0.37708,0,1.0163,0.75486
0.38106,0,1.0087,0.75903
0.38504,0,1.0011,0.76317
0.38902,0,0.99352,0.76728
0.393,0,0.98601,0.77137
0.39698,0,0.97853,0.77543
0.40096,0,0.9711,0.77946
0.40494,0,0.96371,0.78346
0.40892,0,0.95636,0.78743
0.4129,0,0.94906,0.79137
0.41688,0,0.9418,0.79529
0.42086,0,0.93458,0.79917
0.42484,0,0.9274,0.80302
0.42882,0,0.92026,0.80684
0.4328,0,0.91316,0.81063
0.43678,0,0.90611,0.81439
0.44076,0,0.8991,0.81812
0.44474,0,0.89212,0.82181
0.44872,0,0.88519,0.82547
0.4527,0,0.8783,0.8291
0.45668,0,0.87144,0.83269
0.46066,0,0.86463,0.83625
0.46464,0,0.85786,0.83978
0.46862,0,0.85112,0.84327
0.4726,0,0.84443,0.84673
0.47658,0,0.83777,0.85015
0.48056,0,0.83115,0.85353
0.48454,0,0.82457,0.85688
0.48852,0,0.81803,0.86019
0.4925,0,0.81153,0.86346
0.49648,0,0.80506,0.8667
0.50046,0,0.79863,0.8699
0.50444,0,0.79225,0.87306
0.50842,0,0.78589,0.87618
0.5124,0,0.77958,0.87926
0.51638,0,0.7733,0.8823
0.52036,0,0.76706,0.8853
0.52434,0,0.76086,0.88826
0.52832,0,0.75469,0.89118
0.5323,0,0.74856,0.89406
0.53628,0,0.74246,0.89689
0.54026,0,0.7364,0.89969
0.54424,0,0.73038,0.90244
0.54822,0,0.7244,0.90514
0.5522,0,0.71845,0.9078
0.55618,0,0.71253,0.91042
0.56016,0,0.70665,0.91299
0.56414,0,0.70081,0.91552
0.56812,0,0.695,0.918
0.5721,0,0.68922,0.92044
0.57608,0,0.68348,0.92283
0.58006,0,0.67778,0.92517
0.58404,0,0.67211,0.92747
0.58802,0,0.66648,0.92971
0.592,0,0.66087,0.93191
0.59598,0,0.65531,0.93406
0.59996,0,0.64978,0.93616
0.60394,0,0.64428,0.93822
0.60792,0,0.63881,0.94022
0.6119,0,0.63338,0.94217
0.61588,0,0.62799,0.94407
0.61986,0,0.62262,0.94592
0.62384,0,0.61729,0.94772
0.62782,0,0.612,0.94947
0.6318,0,0.60673,0.95116
0.63578,0,0.6015,0.9528
0.63976,0,0.59631,0.95439
0.64374,0,0.59114,0.95593
0.64772,0,0.58601,0.95741
0.6517,0,0.58091,0.95884
0.65568,0,0.57585,0.96021
0.65966,0,0.57081,0.96153
0.66364,0,0.56581,0.9628
0.66762,0,0.56084,0.96401
0.6716,0,0.55591,0.96516
0.67558,0,0.551,0.96626
0.67956,0,0.54613,0.9673
0.68354,0,0.54129,0.96829
0.68752,0,0.53648,0.96922
0.6915,0,0.5317,0.9701
0.69548,0,0.52696,0.97091
0.69946,0,0.52224,0.97167
0.70344,0,0.51756,0.97238
0.70742,0,0.51291,0.97302
0.7114,0,0.50829,0.97361
0.71538,0,0.5037,0.97414
0.71936,0,0.49914,0.97461
0.72334,0,0.49461,0.97503
0.72732,0,0.49012,0.97538
0.7313,0,0.48565,0.97568
0.73528,0,0.48122,0.97592
0.73926,0,0.47681,0.9761
0.74324,0,0.47244,0.97623
0.74722,0,0.4681,0.97629
0.7512,0,0.46378,0.9763
0.75518,0,0.4595,0.97625
0.75916,0,0.45525,0.97613
0.76314,0,0.45102,0.97596
0.76712,0,0.44683,0.97574
0.7711,0,0.44267,0.97545
0.77508,0,0.43853,0.9751
0.77906,0,0.43443,0.9747
0.78304,0,0.43035,0.97424
0.78702,0,0.42631,0.97372
0.791,0,0.42229,0.97314
0.79498,0,0.41831,0.9725
0.79896,0,0.41435,0.97181
0.80294,0,0.41042,0.97106
0.80692,0,0.40652,0.97025
0.8109,0,0.40265,0.96938
0.81488,0,0.39881,0.96845
0.81886,0,0.395,0.96747
0.82284,0,0.39121,0.96643
0.82682,0,0.38746,0.96534
0.8308,0,0.38373,0.96418
0.83478,0,0.38003,0.96298
0.83876,0,0.37636,0.96171
0.84274,0,0.37271,0.96039
0.84672,0,0.3691,0.95902
0.8507,0,0.36551,0.95759
0.85468,0,0.36195,0.9561
0.85866,0,0.35842,0.95456
0.86264,0,0.35491,0.95297
0.86662,0,0.35144,0.95132
0.8706,0,0.34799,0.94962
0.87458,0,0.34456,0.94787
0.87856,0,0.34117,0.94607
0.88254,0,0.3378,0.94421
0.88652,0,0.33446,0.9423
0.8905,0,0.33114,0.94034
0.89448,0,0.32785,0.93833
0.89846,0,0.32459,0.93627
0.90244,0,0.32136,0.93415
0.90642,0,0.31815,0.93199
0.9104,0,0.31496,0.92978
0.91438,0,0.31181,0.92753
0.91836,0,0.30868,0.92522
0.92234,0,0.30557,0.92287
0.92632,0,0.30249,0.92046
0.9303,0,0.29944,0.91802
0.93428,0,0.29641,0.91553
0.93826,0,0.29341,0.91299
0.94224,0,0.29043,0.91041
0.94622,0,0.28748,0.90778
0.9502,0,0.28455,0.90511
0.95418,0,0.28165,0.9024
0.95816,0,0.27877,0.89964
0.96214,0,0.27592,0.89684
0.96612,0,0.27309,0.894
0.9701,0,0.27029,0.89113
0.97408,0,0.26751,0.88821
0.97806,0,0.26476,0.88525
0.98204,0,0.26203,0.88225
0.98602,0,0.25932,0.87922
0.99,0,0.25664,0.87615
