-1,4.3809,3.6845,0.068193
-0.99602,4.3783,3.6842,0.067911
-0.99204,4.3757,3.6839,0.06763
-0.98806,4.373,3.6836,0.067351
-0.98408,4.3703,3.6832,0.067072
-0.9801,4.3676,3.6828,0.066795
-0.97612,4.3649,3.6825,0.066518
-0.97214,4.3621,3.682,0.066243
-0.96816,4.3593,3.6816,0.065969
-0.96418,4.3565,3.6812,0.065694
-0.9602,4.3537,3.6807,0.065414
-0.95622,4.3509,3.6803,0.065136
-0.95224,4.348,3.6798,0.064858
-0.94826,4.3452,3.6793,0.064582
-0.94428,4.3422,3.6788,0.064307
-0.9403,4.3393,3.6782,0.064033
-0.93632,4.3363,3.6777,0.06376
-0.93234,4.3333,3.6771,0.063488
-0.92836,4.3302,3.6765,0.063217
-0.92438,4.3272,3.6759,0.062947
-0.9204,4.3241,3.6753,0.062675
-0.91642,4.321,3.6747,0.0624
-0.91244,4.3179,3.674,0.062126
-0.90846,4.3148,3.6733,0.061853
-0.90448,4.3116,3.6726,0.061582
-0.9005,4.3084,3.6719,0.061311
-0.89652,4.3051,3.6712,0.061042
-0.89254,4.3019,3.6705,0.060773
-0.88856,4.2985,3.6697,0.060505
-0.88458,4.2952,3.6689,0.060238
-0.8806,4.2918,3.6681,0.059969
-0.87662,4.2885,3.6673,0.059698
-0.87264,4.2851,3.6664,0.059428
-0.86866,4.2816,3.6656,0.059159
-0.86468,4.2782,3.6647,0.05889
-0.8607,4.2746,3.6638,0.058623
-0.85672,4.2711,3.6629,0.058357
-0.85274,4.2675,3.6619,0.058092
-0.84876,4.2638,3.661,0.057827
-0.84478,4.2602,3.66,0.05756
-0.8408,4.2566,3.659,0.057292
-0.83682,4.2529,3.658,0.057024
-0.83284,4.2491,3.6569,0.056758
-0.82886,4.2454,3.6559,0.056492
-0.82488,4.2415,3.6548,0.056228
-0.8209,4.2377,3.6537,0.055964
-0.81692,4.2337,3.6526,0.0557
-0.81294,4.2298,3.6514,0.055437
-0.80896,4.2259,3.6502,0.05517
-0.80498,4.2219,3.649,0.054905
-0.801,4.2179,3.6478,0.05464
-0.79702,4.2138,3.6466,0.054376
-0.79304,4.2097,3.6453,0.054112
-0.78906,4.2055,3.644,0.05385
-0.78508,4.2013,3.6427,0.053588
-0.7811,4.1971,3.6414,0.053324
-0.77712,4.1928,3.6401,0.05306
-0.77314,4.1886,3.6387,0.052796
-0.76916,4.1842,3.6373,0.052532
-0.76518,4.1798,3.6359,0.052269
-0.7612,4.1753,3.6344,0.052007
-0.75722,4.1708,3.6329,0.051746
-0.75324,4.1663,3.6314,0.051484
-0.74926,4.1618,3.6299,0.05122
-0.74528,4.1572,3.6284,0.050957
-0.7413,4.1525,3.6268,0.050694
-0.73732,4.1478,3.6252,0.050432
-0.73334,4.143,3.6235,0.05017
-0.72936,4.1382,3.6219,0.049909
-0.72538,4.1333,3.6202,0.049647
-0.7214,4.1284,3.6185,0.049384
-0.71742,4.1235,3.6168,0.049121
-0.71344,4.1185,3.615,0.048859
-0.70946,4.1134,3.6132,0.048597
-0.70548,4.1083,3.6114,0.048335
-0.7015,4.1031,3.6095,0.048074
-0.69752,4.0979,3.6077,0.047811
-0.69354,4.0927,3.6058,0.047548
-0.68956,4.0873,3.6038,0.047285
-0.68558,4.082,3.6019,0.047023
-0.6816,4.0765,3.5999,0.046761
-0.67762,4.071,3.5978,0.046499
-0.67364,4.0654,3.5958,0.046236
-0.66966,4.0598,3.5937,0.045972
-0.66568,4.0542,3.5916,0.04571
-0.6617,4.0484,3.5894,0.045447
-0.65772,4.0426,3.5872,0.045185
-0.65374,4.0367,3.585,0.044921
-0.64976,4.0308,3.5828,0.044657
-0.64578,4.0248,3.5805,0.044393
-0.6418,4.0187,3.5782,0.04413
-0.63782,4.0126,3.5758,0.043866
-0.63384,4.0064,3.5734,0.043602
-0.62986,4.0001,3.571,0.043337
-0.62588,3.9938,3.5686,0.043073
-0.6219,3.9874,3.5661,0.042808
-0.61792,3.9809,3.5635,0.042543
-0.61394,3.9743,3.561,0.042278
-0.60996,3.9677,3.5584,0.042012
-0.60598,3.961,3.5557,0.041746
-0.602,3.9542,3.553,0.04148
-0.59802,3.9472,3.5503,0.041214
-0.59404,3.9403,3.5476,0.040947
-0.59006,3.9333,3.5448,0.04068
-0.58608,3.9261,3.5419,0.040412
-0.5821,3.9189,3.5391,0.040145
-0.57812,3.9116,3.5362,0.039877
-0.57414,3.9042,3.5332,0.039608
-0.57016,3.8968,3.5302,0.039339
-0.56618,3.8892,3.5271,0.03907
-0.5622,3.8815,3.5241,0.0388
-0.55822,3.8737,3.5209,0.03853
-0.55424,3.8659,3.5177,0.038259
-0.55026,3.8579,3.5145,0.037988
-0.54628,3.8498,3.5113,0.037716
-0.5423,3.8417,3.5079,0.037444
-0.53832,3.8334,3.5046,0.037171
-0.53434,3.825,3.5012,0.036898
-0.53036,3.8165,3.4977,0.036624
-0.52638,3.8079,3.4942,0.036349
-0.5224,3.7992,3.4906,0.036074
-0.51842,3.7903,3.487,0.035799
-0.51444,3.7813,3.4834,0.035522
-0.51046,3.7723,3.4797,0.035245
-0.50648,3.7631,3.4759,0.034968
-0.5025,3.7537,3.4721,0.034689
-0.49852,3.7443,3.4682,0.03441
-0.49454,3.7346,3.4643,0.034131
-0.49056,3.7249,3.4603,0.03385
-0.48658,3.715,3.4562,0.033569
-0.4826,3.705,3.4521,0.033287
-0.47862,3.6948,3.448,0.033004
-0.47464,3.6845,3.4437,0.03272
-0.47066,3.6741,3.4395,0.032435
-0.46668,3.6634,3.4351,0.032149
-0.4627,3.6527,3.4307,0.031863
-0.45872,3.6417,3.4262,0.031575
-0.45474,3.6306,3.4217,0.031287
-0.45076,3.6193,3.4171,0.030997
-0.44678,3.6079,3.4124,0.030707
-0.4428,3.5962,3.4076,0.030415
-0.43882,3.5844,3.4028,0.030123
-0.43484,3.5724,3.3979,0.029829
-0.43086,3.5602,3.393,0.029534
-0.42688,3.5478,3.3879,0.029238
-0.4229,3.5352,3.3828,0.02894
-0.41892,3.5223,3.3776,0.028642
-0.41494,3.5093,3.3724,0.028342
-0.41096,3.496,3.367,0.028041
-0.40698,3.4825,3.3616,0.027738
-0.403,3.4688,3.3561,0.027434
-0.39902,3.4549,3.3505,0.027129
-0.39504,3.4406,3.3448,0.026822
-0.39106,3.4262,3.339,0.026514
-0.38708,3.4114,3.3332,0.026203
-0.3831,3.3964,3.3272,0.025892
-0.37912,3.3812,3.3212,0.025579
-0.37514,3.3656,3.315,0.025264
-0.37116,3.3497,3.3088,0.024947
-0.36718,3.3335,3.3024,0.024629
-0.3632,3.3171,3.296,0.024308
-0.35922,3.3003,3.2895,0.023986
-0.35524,3.2831,3.2828,0.023662
-0.35126,3.2656,3.276,0.023336
-0.34728,3.2477,3.2692,0.023008
-0.3433,3.2295,3.2622,0.022677
-0.33932,3.2109,3.2551,0.022345
-0.33534,3.1919,3.2479,0.022011
-0.33136,3.1724,3.2405,0.021673
-0.32738,3.1525,3.2331,0.021334
-0.3234,3.1322,3.2255,0.020992
-0.31942,3.1115,3.2177,0.020648
-0.31544,3.0902,3.2099,0.0203
-0.31146,3.0684,3.2019,0.01995
-0.30748,3.0461,3.1937,0.019598
-0.3035,3.0233,3.1855,0.019242
-0.29952,2.9999,3.177,0.018884
-0.29554,2.9759,3.1685,0.018523
-0.29156,2.9513,3.1597,0.018158
-0.28758,2.9261,3.1508,0.01779
-0.2836,2.9001,3.1418,0.017419
-0.27962,2.8735,3.1325,0.017044
-0.27564,2.8461,3.1231,0.016666
-0.27166,2.8179,3.1135,0.016284
-0.26768,2.7889,3.1038,0.015898
-0.2637,2.7591,3.0938,0.015508
-0.25972,2.7283,3.0837,0.015114
-0.25574,2.6966,3.0733,0.014715
-0.25176,2.6638,3.0628,0.014313
-0.24778,2.63,3.052,0.013905
-0.2438,2.595,3.041,0.013493
-0.23982,2.5589,3.0298,0.013076
-0.23584,2.5214,3.0183,0.012654
-0.23186,2.4826,3.0066,0.012226
-0.22788,2.4423,2.9947,0.011793
-0.2239,2.4003,2.9825,0.011353
-0.21992,2.3567,2.97,0.010908
-0.21594,2.3113,2.9573,0.010456
-0.21196,2.2639,2.9443,0.0099985
-0.20798,2.2143,2.9309,0.009533
-0.204,2.1623,2.9173,0.0090606
-0.20002,2.1078,2.9033,0.008581
-0.19604,2.0504,2.8891,0.0080933
-0.19206,1.9899,2.8744,0.0075972
-0.18808,1.9258,2.8594,0.0070924
-0.1841,1.8578,2.8441,0.0065787
-0.18012,1.7854,2.8283,0.0060554
-0.17614,1.7077,2.8122,0.0055217
-0.17216,1.624,2.7956,0.0049775
-0.16818,1.5332,2.7786,0.0044221
-0.1642,1.4338,2.7611,0.003855
-0.16022,1.3237,2.7432,0.0032751
-0.15624,1.1997,2.7247,0.0026821
-0.15226,1.0569,2.7057,0.0020749
-0.14828,0.88563,2.6862,0.0014528
-0.1443,0.66403,2.666,0.00081468
-0.14032,0.29345,2.6453,0.00015955
-0.13634,0.010727,2.6242,0.00028495
-0.13236,0.010727,2.6032,0.00062805
-0.12838,0.010727,2.5824,0.00097848
-0.1244,0.010726,2.5618,0.0013364
-0.12042,0.010727,2.5414,0.001702
-0.11644,0.010727,2.5212,0.0020754
-0.11246,0.010727,2.5011,0.0024566
-0.10848,0.010727,2.4813,0.0028459
-0.1045,0.010726,2.4616,0.0032434
-0.10052,0.010727,2.442,0.0036494
-0.09654,0.010726,2.4227,0.0040638
-0.09256,0.010727,2.4035,0.004487
-0.08858,0.010727,2.3845,0.0049188
-0.0846,0.010727,2.3656,0.0053599
-0.08062,0.010726,2.347,0.00581
-0.07664,0.010727,2.3284,0.0062696
-0.07266,0.010728,2.3101,0.0067385
-0.06868,0.010727,2.2918,0.0072174
-0.0647,0,2.2737,0.0077061
-0.06072,0,2.2558,0.0082048
-0.05674,0,2.2381,0.0087138
-0.05276,0,2.2204,0.0092333
-0.04878,0,2.203,0.0097635
-0.0448,0,2.1856,0.010304
-0.04082,0,2.1685,0.010857
-0.03684,0,2.1514,0.01142
-0.03286,0,2.1345,0.011995
-0.02888,0,2.1177,0.012582
-0.0249,0,2.1011,0.01318
-0.02092,0,2.0846,0.013791
-0.01694,0,2.0682,0.014414
-0.01296,0,2.052,0.01505
-0.00898,0,2.0359,0.015699
-0.005,0,2.0199,0.016361
-0.00102,0,2.004,0.017037
0.00296,0,1.9883,0.017726
0.00694,0,1.9727,0.018429
0.01092,0,1.9572,0.019146
0.0149,0,1.9419,0.019878
0.01888,0,1.9266,0.020625
0.02286,0,1.9115,0.021387
0.02684,0,1.8965,0.022164
0.03082,0,1.8816,0.022957
0.0348,0,1.8668,0.023766
0.03878,0,1.8521,0.024591
0.04276,0,1.8375,0.025433
0.04674,0,1.8231,0.026293
0.05072,0,1.8088,0.027169
0.0547,0,1.7945,0.028063
0.05868,0,1.7804,0.028976
0.06266,0,1.7664,0.029906
0.06664,0,1.7524,0.030856
0.07062,0,1.7386,0.031825
0.0746,0,1.7249,0.032813
0.07858,0,1.7113,0.033822
0.08256,0,1.6978,0.034851
0.08654,0,1.6843,0.035901
0.09052,0,1.671,0.036972
0.0945,0,1.6578,0.038065
0.09848,0,1.6447,0.03918
0.10246,0,1.6316,0.040318
0.10644,0,1.6187,0.041479
0.11042,0,1.6058,0.042664
0.1144,0,1.5931,0.043873
0.11838,0,1.5804,0.045107
0.12236,0,1.5678,0.046366
0.12634,0,1.5553,0.04765
0.13032,0,1.5429,0.048961
0.1343,0,1.5306,0.050299
0.13828,0,1.5184,0.051665
0.14226,0,1.5062,0.053058
0.14624,0,1.4941,0.05448
0.15022,0,1.4822,0.055932
0.1542,0,1.4702,0.057413
0.15818,0,1.4584,0.058925
0.16216,0,1.4467,0.060469
0.16614,0,1.435,0.062044
0.17012,0,1.4234,0.063652
0.1741,0,1.4119,0.065294
0.17808,0,1.4005,0.06697
0.18206,0,1.3892,0.068681
0.18604,0,1.3779,0.070427
0.19002,0,1.3667,0.07221
0.194,0,1.3555,0.074031
0.19798,0,1.3445,0.07589
0.20196,0,1.3335,0.077788
0.20594,0,1.3226,0.079726
0.20992,0,1.3118,0.081706
0.2139,0,1.301,0.083727
0.21788,0,1.2903,0.085791
0.22186,0,1.2797,0.087899
0.22584,0,1.2691,0.090052
0.22982,0,1.2586,0.092252
0.2338,0,1.2482,0.094498
0.23778,0,1.2378,0.096793
0.24176,0,1.2275,0.099137
0.24574,0,1.2173,0.10153
0.24972,0,1.2071,0.10398
0.2537,0,1.197,0.10648
0.25768,0,1.187,0.10903
0.26166,0,1.177,0.11164
0.26564,0,1.1671,0.11431
0.26962,0,1.1573,0.11703
0.2736,0,1.1475,0.11982
0.27758,0,1.1378,0.12267
0.28156,0,1.1281,0.12558
0.28554,0,1.1185,0.12855
0.28952,0,1.1089,0.13159
0.2935,0,1.0994,0.1347
0.29748,0,1.09,0.13788
0.30146,0,1.0806,0.14113
0.30544,0,1.0713,0.14445
0.30942,0,1.0621,0.14785
0.3134,0,1.0528,0.15132
0.31738,0,1.0437,0.15488
0.32136,0,1.0346,0.15851
0.32534,0,1.0256,0.16223
0.32932,0,1.0166,0.16604
0.3333,0,1.0076,0.16993
0.33728,0,0.99875,0.17391
0.34126,0,0.98992,0.17799
0.34524,0,0.98114,0.18216
0.34922,0,0.97241,0.18642
0.3532,0,0.96373,0.19079
0.35718,0,0.95511,0.19526
0.36116,0,0.94653,0.19984
0.36514,0,0.93801,0.20452
0.36912,0,0.92953,0.20932
0.3731,0,0.9211,0.21423
0.37708,0,0.91272,0.21926
0.38106,0,0.90439,0.22441
0.38504,0,0.89611,0.22969
0.38902,0,0.88787,0.2351
0.393,0,0.87968,0.24063
0.39698,0,0.87153,0.24631
0.40096,0,0.86344,0.25212
0.40494,0,0.85538,0.25808
0.40892,0,0.84738,0.26418
0.4129,0,0.83941,0.27044
0.41688,0,0.8315,0.27686
0.42086,0,0.82362,0.28344
0.42484,0,0.81579,0.29018
0.42882,0,0.808,0.2971
0.4328,0,0.80026,0.30419
0.43678,0,0.79256,0.31147
0.44076,0,0.7849,0.31893
0.44474,0,0.77728,0.32659
0.44872,0,0.76971,0.33445
0.4527,0,0.76217,0.34252
0.45668,0,0.75468,0.35079
0.46066,0,0.74723,0.35929
0.46464,0,0.73981,0.36802
0.46862,0,0.73244,0.37698
0.4726,0,0.72511,0.38618
0.47658,0,0.71782,0.39563
0.48056,0,0.71056,0.40533
0.48454,0,0.70334,0.41531
0.48852,0,0.69617,0.42556
0.4925,0,0.68903,0.43609
0.49648,0,0.68193,0.44692
0.50046,0,0.67486,0.45805
0.50444,0,0.66783,0.4695
0.50842,0,0.66084,0.48127
0.5124,0,0.65389,0.49338
0.51638,0,0.64697,0.50583
0.52036,0,0.64009,0.51865
0.52434,0,0.63325,0.53184
0.52832,0,0.62644,0.54542
0.5323,0,0.61966,0.55939
0.53628,0,0.61292,0.57379
0.54026,0,0.60621,0.58861
0.54424,0,0.59954,0.60388
0.54822,0,0.59291,0.61961
0.5522,0,0.5863,0.63583
0.55618,0,0.57973,0.65254
0.56016,0,0.5732,0.66977
0.56414,0,0.56669,0.68753
0.56812,0,0.56022,0.70586
0.5721,0,0.55379,0.72476
0.57608,0,0.54738,0.74427
0.58006,0,0.54101,0.76441
0.58404,0,0.53467,0.78519
0.58802,0,0.52836,0.80666
0.592,0,0.52208,0.82883
0.59598,0,0.51583,0.85173
0.59996,0,0.50962,0.8754
0.60394,0,0.50343,0.89987
0.60792,0,0.49728,0.92517
0.6119,0,0.49115,0.95133
0.61588,0,0.48506,0.9784
0.61986,0,0.47899,1.0064
0.62384,0,0.47296,1.0354
0.62782,0,0.46695,1.0654
0.6318,0,0.46098,1.0965
0.63578,0,0.45503,1.1287
0.63976,0,0.44911,1.1621
0.64374,0,0.44322,1.1968
0.64772,0,0.43736,1.2327
0.6517,0,0.43152,1.2699
0.65568,0,0.42572,1.3086
0.65966,0,0.41994,1.3487
0.66364,0,0.41419,1.3904
0.66762,0,0.40847,1.4337
0.6716,0,0.40277,1.4787
0.67558,0,0.3971,1.5255
0.67956,0,0.39146,1.5742
0.68354,0,0.38585,1.6248
0.68752,0,0.38026,1.6776
0.6915,0,0.3747,1.7325
0.69548,0,0.36916,1.7897
0.69946,0,0.36365,1.8494
0.70344,0,0.35816,1.9116
0.70742,0,0.35271,1.9766
0.7114,0,0.34727,2.0443
0.71538,0,0.34186,2.1151
0.71936,0,0.33648,2.1891
0.72334,0,0.33112,2.2665
0.72732,0,0.32579,2.3474
0.7313,0,0.32048,2.4321
0.73528,0,0.31519,2.5208
0.73926,0,0.30993,2.6138
0.74324,0,0.3047,2.7113
0.74722,0,0.29948,2.8136
0.7512,0,0.2943,2.921
0.75518,0,0.28913,3.0338
0.75916,0,0.28399,3.1525
0.76314,0,0.27887,3.2774
0.76712,0,0.27378,3.4088
0.7711,0,0.26871,3.5473
0.77508,0,0.26366,3.6934
0.77906,0,0.25863,3.8476
0.78304,0,0.25363,4.0105
0.78702,0,0.24865,4.1827
0.791,0,0.24369,4.3649
0.79498,0,0.23875,4.5579
0.79896,0,0.23384,4.7625
0.80294,0,0.22895,4.9797
0.80692,0,0.22408,5.2104
0.8109,0,0.21923,5.4558
0.81488,0,0.2144,5.717
0.81886,0,0.2096,5.9955
0.82284,0,0.20482,6.2927
0.82682,0,0.20005,6.6103
0.8308,0,0.19531,6.9501
0.83478,0,0.19059,7.3143
0.83876,0,0.1859,7.705
0.84274,0,0.18122,8.1249
0.84672,0,0.17657,8.5768
0.8507,0,0.17193,9.0639
0.85468,0,0.16732,9.59
0.85866,0,0.16273,10.159
0.86264,0,0.15815,10.776
0.86662,0,0.1536,11.446
0.8706,0,0.14907,12.175
0.87458,0,0.14457,12.97
0.87856,0,0.14008,13.839
0.88254,0,0.13561,14.791
0.88652,0,0.13117,15.836
0.8905,0,0.12675,16.988
0.89448,0,0.12235,18.26
0.89846,0,0.11797,19.669
0.90244,0,0.11361,21.235
0.90642,0,0.10928,22.981
0.9104,0,0.10497,24.935
0.91438,0,0.10068,27.129
0.91836,0,0.09642,29.603
0.92234,0,0.092185,32.403
0.92632,0,0.087976,35.589
0.9303,0,0.083797,39.228
0.93428,0,0.079647,43.408
0.93826,0,0.07553,48.233
0.94224,0,0.071448,53.834
0.94622,0,0.067405,60.373
0.9502,0,0.063403,68.057
0.95418,0,0.059448,77.142
0.95816,0,0.055545,87.959
0.96214,0,0.0517,100.93
0.96612,0,0.047922,116.59
0.9701,0,0.044218,135.65
0.97408,0,0.0406,159.03
0.97806,0,0.037077,187.93
0.98204,0,0.033664,223.93
0.98602,0,0.030374,269.13
0.99,0,0.02722,326.34
