-1,4.3578,6.043,0.018929
-0.99602,4.3515,6.0326,0.018939
-0.99204,4.345,6.0221,0.018949
-0.98806,4.3385,6.0117,0.01896
-0.98408,4.332,6.0012,0.018971
-0.9801,4.3254,5.9907,0.018982
-0.97612,4.3188,5.9801,0.01899
-0.97214,4.3123,5.9696,0.018999
-0.96816,4.3056,5.959,0.019009
-0.96418,4.2989,5.9484,0.019018
-0.9602,4.2921,5.9378,0.019028
-0.95622,4.2854,5.9271,0.019035
-0.95224,4.2787,5.9164,0.019043
-0.94826,4.2719,5.9057,0.019052
-0.94428,4.265,5.895,0.01906
-0.9403,4.2581,5.8843,0.019068
-0.93632,4.2512,5.8735,0.019074
-0.93234,4.2443,5.8627,0.019081
-0.92836,4.2373,5.8519,0.019088
-0.92438,4.2302,5.841,0.019096
-0.9204,4.2232,5.8302,0.019101
-0.91642,4.2162,5.8193,0.019106
-0.91244,4.2091,5.8084,0.019112
-0.90846,4.2018,5.7974,0.019118
-0.90448,4.1947,5.7864,0.019123
-0.9005,4.1875,5.7754,0.019127
-0.89652,4.1802,5.7644,0.019131
-0.89254,4.1729,5.7534,0.019136
-0.88856,4.1655,5.7423,0.01914
-0.88458,4.1582,5.7312,0.019143
-0.8806,4.1507,5.7201,0.019146
-0.87662,4.1433,5.7089,0.019149
-0.87264,4.1357,5.6977,0.019152
-0.86866,4.1282,5.6865,0.019153
-0.86468,4.1206,5.6753,0.019154
-0.8607,4.113,5.664,0.019156
-0.85672,4.1053,5.6527,0.019157
-0.85274,4.0976,5.6414,0.019157
-0.84876,4.0899,5.63,0.019157
-0.84478,4.082,5.6186,0.019157
-0.8408,4.0741,5.6072,0.019157
-0.83682,4.0663,5.5958,0.019156
-0.83284,4.0584,5.5843,0.019154
-0.82886,4.0504,5.5728,0.019152
-0.82488,4.0423,5.5612,0.019151
-0.8209,4.0342,5.5497,0.019147
-0.81692,4.0261,5.5381,0.019144
-0.81294,4.0179,5.5264,0.01914
-0.80896,4.0097,5.5148,0.019137
-0.80498,4.0014,5.5031,0.019132
-0.801,3.9931,5.4914,0.019127
-0.79702,3.9847,5.4796,0.019122
-0.79304,3.9763,5.4678,0.019116
-0.78906,3.9678,5.456,0.019109
-0.78508,3.9593,5.4441,0.019102
-0.7811,3.9507,5.4322,0.019095
-0.77712,3.942,5.4203,0.019087
-0.77314,3.9334,5.4084,0.019078
-0.76916,3.9246,5.3964,0.019069
-0.76518,3.9158,5.3843,0.01906
-0.7612,3.9069,5.3723,0.019049
-0.75722,3.898,5.3602,0.019038
-0.75324,3.889,5.348,0.019027
-0.74926,3.8799,5.3359,0.019016
-0.74528,3.8709,5.3237,0.019003
-0.7413,3.8617,5.3114,0.01899
-0.73732,3.8524,5.2991,0.018976
-0.73334,3.8432,5.2868,0.018962
-0.72936,3.8338,5.2745,0.018947
-0.72538,3.8243,5.2621,0.018931
-0.7214,3.8149,5.2496,0.018915
-0.71742,3.8053,5.2371,0.018898
-0.71344,3.7957,5.2246,0.01888
-0.70946,3.786,5.2121,0.018862
-0.70548,3.7762,5.1995,0.018842
-0.7015,3.7664,5.1868,0.018823
-0.69752,3.7564,5.1742,0.018802
-0.69354,3.7465,5.1615,0.018781
-0.68956,3.7364,5.1487,0.018759
-0.68558,3.7263,5.1359,0.018736
-0.6816,3.716,5.123,0.018712
-0.67762,3.7058,5.1102,0.018688
-0.67364,3.6954,5.0972,0.018662
-0.66966,3.6849,5.0842,0.018636
-0.66568,3.6744,5.0712,0.018609
-0.6617,3.6637,5.0582,0.018581
-0.65772,3.6531,5.045,0.018552
-0.65374,3.6423,5.0319,0.018523
-0.64976,3.6314,5.0187,0.018492
-0.64578,3.6204,5.0054,0.01846
-0.6418,3.6093,4.9921,0.018428
-0.63782,3.5982,4.9788,0.018394
-0.63384,3.587,4.9654,0.01836
-0.62986,3.5756,4.9519,0.018324
-0.62588,3.5642,4.9384,0.018287
-0.6219,3.5526,4.9249,0.01825
-0.61792,3.541,4.9113,0.018211
-0.61394,3.5292,4.8977,0.018171
-0.60996,3.5174,4.8839,0.01813
-0.60598,3.5054,4.8702,0.018088
-0.602,3.4934,4.8564,0.018045
-0.59802,3.4812,4.8425,0.018
-0.59404,3.4689,4.8286,0.017955
-0.59006,3.4565,4.8146,0.017908
-0.58608,3.444,4.8006,0.017859
-0.5821,3.4314,4.7865,0.01781
-0.57812,3.4186,4.7724,0.017759
-0.57414,3.4057,4.7582,0.017707
-0.57016,3.3927,4.7439,0.017653
-0.56618,3.3796,4.7296,0.017598
-0.5622,3.3663,4.7153,0.017542
-0.55822,3.3529,4.7008,0.017484
-0.55424,3.3394,4.6863,0.017425
-0.55026,3.3257,4.6718,0.017364
-0.54628,3.3119,4.6571,0.017301
-0.5423,3.2979,4.6425,0.017237
-0.53832,3.2838,4.6277,0.017172
-0.53434,3.2695,4.6129,0.017104
-0.53036,3.2551,4.598,0.017035
-0.52638,3.2405,4.5831,0.016965
-0.5224,3.2257,4.568,0.016892
-0.51842,3.2108,4.553,0.016818
-0.51444,3.1957,4.5378,0.016742
-0.51046,3.1804,4.5226,0.016664
-0.50648,3.165,4.5073,0.016584
-0.5025,3.1494,4.4919,0.016502
-0.49852,3.1336,4.4764,0.016418
-0.49454,3.1175,4.4609,0.016332
-0.49056,3.1013,4.4453,0.016243
-0.48658,3.0849,4.4297,0.016153
-0.4826,3.0683,4.4139,0.01606
-0.47862,3.0515,4.3981,0.015966
-0.47464,3.0345,4.3822,0.015868
-0.47066,3.0172,4.3662,0.015769
-0.46668,2.9997,4.3501,0.015667
-0.4627,2.9819,4.3339,0.015562
-0.45872,2.964,4.3177,0.015455
-0.45474,2.9457,4.3014,0.015346
-0.45076,2.9273,4.285,0.015233
-0.44678,2.9085,4.2684,0.015118
-0.4428,2.8895,4.2519,0.015
-0.43882,2.8702,4.2352,0.01488
-0.43484,2.8506,4.2184,0.014756
-0.43086,2.8307,4.2015,0.014629
-0.42688,2.8105,4.1845,0.014499
-0.4229,2.79,4.1675,0.014366
-0.41892,2.7691,4.1503,0.01423
-0.41494,2.748,4.133,0.01409
-0.41096,2.7264,4.1157,0.013947
-0.40698,2.7045,4.0982,0.0138
-0.403,2.6823,4.0806,0.01365
-0.39902,2.6596,4.0629,0.013496
-0.39504,2.6365,4.0451,0.013338
-0.39106,2.6131,4.0272,0.013176
-0.38708,2.5892,4.0092,0.013011
-0.3831,2.5648,3.9911,0.012841
-0.37912,2.54,3.9728,0.012666
-0.37514,2.5147,3.9544,0.012488
-0.37116,2.4889,3.9359,0.012304
-0.36718,2.4626,3.9173,0.012117
-0.3632,2.4357,3.8986,0.011924
-0.35922,2.4082,3.8797,0.011726
-0.35524,2.3801,3.8607,0.011524
-0.35126,2.3515,3.8416,0.011316
-0.34728,2.3221,3.8223,0.011103
-0.3433,2.2921,3.8029,0.010884
-0.33932,2.2613,3.7833,0.010659
-0.33534,2.2298,3.7636,0.010429
-0.33136,2.1975,3.7438,0.010192
-0.32738,2.1643,3.7238,0.0099492
-0.3234,2.1302,3.7036,0.0097001
-0.31942,2.0952,3.6833,0.009444
-0.31544,2.0592,3.6629,0.009181
-0.31146,2.0221,3.6423,0.008911
-0.30748,1.9838,3.6215,0.0086334
-0.3035,1.9443,3.6005,0.0083482
-0.29952,1.9036,3.5794,0.0080553
-0.29554,1.8614,3.5581,0.0077541
-0.29156,1.8176,3.5366,0.0074443
-0.28758,1.7723,3.5149,0.0071258
-0.2836,1.7251,3.4931,0.0067981
-0.27962,1.6759,3.471,0.0064611
-0.27564,1.6246,3.4487,0.0061141
-0.27166,1.5709,3.4263,0.0057571
-0.26768,1.5145,3.4036,0.0053896
-0.2637,1.455,3.3807,0.0050111
-0.25972,1.3922,3.3576,0.0046212
-0.25574,1.3254,3.3343,0.0042194
-0.25176,1.254,3.3108,0.0038053
-0.24778,1.1771,3.287,0.0033785
-0.2438,1.0935,3.2629,0.0029382
-0.23982,1.0015,3.2387,0.0024839
-0.23584,0.89851,3.2141,0.0020152
-0.23186,0.78004,3.1893,0.0015312
-0.22788,0.63748,3.1643,0.0010313
-0.2239,0.44829,3.1389,0.00051495
-0.21992,0,3.1133,4.877e-05
-0.21594,0,3.0876,0.0003218
-0.21196,0,3.0623,0.00059917
-0.20798,0,3.0371,0.00088102
-0.204,0,3.0123,0.0011675
-0.20002,0,2.9877,0.0014584
-0.19604,0,2.9633,0.001754
-0.19206,0,2.9391,0.0020543
-0.18808,0,2.9152,0.0023595
-0.1841,0,2.8915,0.0026697
-0.18012,0,2.8681,0.0029846
-0.17614,0,2.8448,0.0033046
-0.17216,0,2.8218,0.0036298
-0.16818,0,2.799,0.0039601
-0.1642,0,2.7764,0.0042959
-0.16022,0,2.7541,0.0046368
-0.15624,0,2.7319,0.0049833
-0.15226,0,2.71,0.0053354
-0.14828,0,2.6882,0.005693
-0.1443,0,2.6667,0.0060565
-0.14032,0,2.6453,0.0064257
-0.13634,0,2.6241,0.0068009
-0.13236,0,2.6032,0.007182
-0.12838,0,2.5824,0.0075693
-0.1244,0,2.5618,0.0079628
-0.12042,0,2.5414,0.0083626
-0.11644,0,2.5212,0.0087688
-0.11246,0,2.5011,0.0091815
-0.10848,0,2.4813,0.0096009
-0.1045,0,2.4616,0.010027
-0.10052,0,2.442,0.01046
-0.09654,0,2.4227,0.0109
-0.09256,0,2.4035,0.011347
-0.08858,0,2.3845,0.011801
-0.0846,0,2.3656,0.012263
-0.08062,0,2.3469,0.012732
-0.07664,0,2.3284,0.013209
-0.07266,0,2.31,0.013693
-0.06868,0,2.2918,0.014185
-0.0647,0,2.2737,0.014685
-0.06072,0,2.2558,0.015194
-0.05674,0,2.2381,0.01571
-0.05276,0,2.2204,0.016235
-0.04878,0,2.203,0.016768
-0.0448,0,2.1856,0.017311
-0.04082,0,2.1685,0.017862
-0.03684,0,2.1514,0.018422
-0.03286,0,2.1345,0.018991
-0.02888,0,2.1177,0.01957
-0.0249,0,2.1011,0.020158
-0.02092,0,2.0846,0.020755
-0.01694,0,2.0682,0.021363
-0.01296,0,2.052,0.02198
-0.00898,0,2.0359,0.022608
-0.005,0,2.0199,0.023246
-0.00102,0,2.004,0.023895
0.00296,0,1.9883,0.024554
0.00694,0,1.9727,0.025224
0.01092,0,1.9572,0.025906
0.0149,0,1.9419,0.026599
0.01888,0,1.9266,0.027303
0.02286,0,1.9115,0.028019
0.02684,0,1.8965,0.028747
0.03082,0,1.8816,0.029487
0.0348,0,1.8668,0.03024
0.03878,0,1.8521,0.031005
0.04276,0,1.8375,0.031783
0.04674,0,1.8231,0.032575
0.05072,0,1.8088,0.03338
0.0547,0,1.7945,0.034198
0.05868,0,1.7804,0.03503
0.06266,0,1.7664,0.035877
0.06664,0,1.7524,0.036738
0.07062,0,1.7386,0.037613
0.0746,0,1.7249,0.038504
0.07858,0,1.7113,0.03941
0.08256,0,1.6978,0.040331
0.08654,0,1.6844,0.041268
0.09052,0,1.671,0.042222
0.0945,0,1.6578,0.043192
0.09848,0,1.6447,0.044179
0.10246,0,1.6316,0.045183
0.10644,0,1.6187,0.046204
0.11042,0,1.6058,0.047243
0.1144,0,1.5931,0.048301
0.11838,0,1.5804,0.049377
0.12236,0,1.5678,0.050472
0.12634,0,1.5553,0.051586
0.13032,0,1.5429,0.05272
0.1343,0,1.5306,0.053875
0.13828,0,1.5184,0.055049
0.14226,0,1.5062,0.056245
0.14624,0,1.4941,0.057462
0.15022,0,1.4822,0.0587
0.1542,0,1.4703,0.059962
0.15818,0,1.4584,0.061245
0.16216,0,1.4467,0.062552
0.16614,0,1.435,0.063883
0.17012,0,1.4234,0.065238
0.1741,0,1.4119,0.066617
0.17808,0,1.4005,0.068022
0.18206,0,1.3892,0.069453
0.18604,0,1.3779,0.07091
0.19002,0,1.3667,0.072393
0.194,0,1.3556,0.073904
0.19798,0,1.3445,0.075444
0.20196,0,1.3335,0.077012
0.20594,0,1.3226,0.078609
0.20992,0,1.3118,0.080236
0.2139,0,1.301,0.081894
0.21788,0,1.2903,0.083582
0.22186,0,1.2797,0.085304
0.22584,0,1.2691,0.087057
0.22982,0,1.2586,0.088844
0.2338,0,1.2482,0.090665
0.23778,0,1.2378,0.092522
0.24176,0,1.2275,0.094414
0.24574,0,1.2173,0.096342
0.24972,0,1.2072,0.098308
0.2537,0,1.1971,0.10031
0.25768,0,1.187,0.10236
0.26166,0,1.177,0.10444
0.26564,0,1.1671,0.10656
0.26962,0,1.1573,0.10873
0.2736,0,1.1475,0.11094
0.27758,0,1.1378,0.11319
0.28156,0,1.1281,0.11549
0.28554,0,1.1185,0.11783
0.28952,0,1.1089,0.12023
0.2935,0,1.0995,0.12267
0.29748,0,1.09,0.12516
0.30146,0,1.0807,0.1277
0.30544,0,1.0713,0.13029
0.30942,0,1.0621,0.13293
0.3134,0,1.0529,0.13563
0.31738,0,1.0437,0.13839
0.32136,0,1.0346,0.1412
0.32534,0,1.0256,0.14407
0.32932,0,1.0166,0.14701
0.3333,0,1.0076,0.15
0.33728,0,0.99876,0.15306
0.34126,0,0.98993,0.15618
0.34524,0,0.98115,0.15937
0.34922,0,0.97242,0.16263
0.3532,0,0.96375,0.16596
0.35718,0,0.95512,0.16936
0.36116,0,0.94655,0.17283
0.36514,0,0.93802,0.17638
0.36912,0,0.92954,0.18001
0.3731,0,0.92111,0.18372
0.37708,0,0.91273,0.18751
0.38106,0,0.9044,0.19139
0.38504,0,0.89612,0.19535
0.38902,0,0.88788,0.1994
0.393,0,0.87969,0.20354
0.39698,0,0.87155,0.20778
0.40096,0,0.86345,0.21212
0.40494,0,0.8554,0.21655
0.40892,0,0.84739,0.22109
0.4129,0,0.83943,0.22573
0.41688,0,0.83151,0.23048
0.42086,0,0.82364,0.23534
0.42484,0,0.81581,0.24032
0.42882,0,0.80802,0.24542
0.4328,0,0.80027,0.25063
0.43678,0,0.79257,0.25598
0.44076,0,0.78491,0.26145
0.44474,0,0.7773,0.26705
0.44872,0,0.76972,0.2728
0.4527,0,0.76219,0.27868
0.45668,0,0.75469,0.28471
0.46066,0,0.74724,0.29088
0.46464,0,0.73983,0.29722
0.46862,0,0.73246,0.30371
0.4726,0,0.72512,0.31037
0.47658,0,0.71783,0.31719
0.48056,0,0.71058,0.32419
0.48454,0,0.70336,0.33138
0.48852,0,0.69618,0.33875
0.4925,0,0.68904,0.34631
0.49648,0,0.68194,0.35407
0.50046,0,0.67488,0.36203
0.50444,0,0.66785,0.37021
0.50842,0,0.66086,0.37861
0.5124,0,0.65391,0.38724
0.51638,0,0.64699,0.3961
0.52036,0,0.64011,0.4052
0.52434,0,0.63326,0.41455
0.52832,0,0.62645,0.42417
0.5323,0,0.61968,0.43405
0.53628,0,0.61294,0.44421
0.54026,0,0.60623,0.45466
0.54424,0,0.59956,0.46541
0.54822,0,0.59292,0.47647
0.5522,0,0.58632,0.48786
0.55618,0,0.57975,0.49957
0.56016,0,0.57321,0.51163
0.56414,0,0.56671,0.52405
0.56812,0,0.56024,0.53684
0.5721,0,0.5538,0.55001
0.57608,0,0.5474,0.56359
0.58006,0,0.54102,0.57759
0.58404,0,0.53468,0.59201
0.58802,0,0.52837,0.60689
0.592,0,0.5221,0.62224
0.59598,0,0.51585,0.63807
0.59996,0,0.50963,0.65441
0.60394,0,0.50345,0.67128
0.60792,0,0.49729,0.68869
0.6119,0,0.49117,0.70668
0.61588,0,0.48507,0.72527
0.61986,0,0.47901,0.74447
0.62384,0,0.47297,0.76433
0.62782,0,0.46697,0.78486
0.6318,0,0.46099,0.8061
0.63578,0,0.45504,0.82808
0.63976,0,0.44913,0.85083
0.64374,0,0.44324,0.87438
0.64772,0,0.43737,0.89878
0.6517,0,0.43154,0.92405
0.65568,0,0.42574,0.95026
0.65966,0,0.41996,0.97742
0.66364,0,0.41421,1.0056
0.66762,0,0.40848,1.0348
0.6716,0,0.40279,1.0652
0.67558,0,0.39712,1.0967
0.67956,0,0.39148,1.1295
0.68354,0,0.38586,1.1635
0.68752,0,0.38027,1.1989
0.6915,0,0.37471,1.2357
0.69548,0,0.36918,1.274
0.69946,0,0.36367,1.3139
0.70344,0,0.35818,1.3555
0.70742,0,0.35272,1.3988
0.7114,0,0.34729,1.4439
0.71538,0,0.34188,1.491
0.71936,0,0.3365,1.5402
0.72334,0,0.33114,1.5916
0.72732,0,0.3258,1.6452
0.7313,0,0.3205,1.7013
0.73528,0,0.31521,1.76
0.73926,0,0.30995,1.8214
0.74324,0,0.30471,1.8858
0.74722,0,0.2995,1.9532
0.7512,0,0.29431,2.024
0.75518,0,0.28915,2.0982
0.75916,0,0.28401,2.1762
0.76314,0,0.27889,2.2581
0.76712,0,0.27379,2.3443
0.7711,0,0.26872,2.435
0.77508,0,0.26367,2.5306
0.77906,0,0.25865,2.6313
0.78304,0,0.25364,2.7376
0.78702,0,0.24866,2.8499
0.791,0,0.24371,2.9686
0.79498,0,0.23877,3.0941
0.79896,0,0.23386,3.2271
0.80294,0,0.22896,3.3681
0.80692,0,0.22409,3.5177
0.8109,0,0.21925,3.6766
0.81488,0,0.21442,3.8457
0.81886,0,0.20962,4.0257
0.82284,0,0.20483,4.2176
0.82682,0,0.20007,4.4224
0.8308,0,0.19533,4.6414
0.83478,0,0.19061,4.8758
0.83876,0,0.18591,5.127
0.84274,0,0.18124,5.3967
0.84672,0,0.17658,5.6867
0.8507,0,0.17195,5.9989
0.85468,0,0.16734,6.3358
0.85866,0,0.16274,6.6998
0.86264,0,0.15817,7.094
0.86662,0,0.15362,7.5215
0.8706,0,0.14909,7.9863
0.87458,0,0.14458,8.4927
0.87856,0,0.1401,9.0456
0.88254,0,0.13563,9.6507
0.88652,0,0.13119,10.315
0.8905,0,0.12676,11.045
0.89448,0,0.12236,11.851
0.89846,0,0.11798,12.743
0.90244,0,0.11363,13.732
0.90642,0,0.10929,14.835
0.9104,0,0.10498,16.066
0.91438,0,0.1007,17.448
0.91836,0,0.096438,19.003
0.92234,0,0.092202,20.762
0.92632,0,0.087994,22.759
0.9303,0,0.083814,25.037
0.93428,0,0.079665,27.648
0.93826,0,0.075548,30.657
0.94224,0,0.071466,34.141
0.94622,0,0.067422,38.201
0.9502,0,0.06342,42.957
0.95418,0,0.059465,48.565
0.95816,0,0.055562,55.219
0.96214,0,0.051717,63.168
0.96612,0,0.047938,72.728
0.9701,0,0.044234,84.307
0.97408,0,0.040615,98.433
0.97806,0,0.037093,115.79
0.98204,0,0.033679,137.28
0.98602,0,0.030388,164.07
0.99,0,0.027234,197.72
