-1,4.356,4.7976,0.031593
-0.99602,4.3516,4.7929,0.031552
-0.99204,4.3472,4.7882,0.031511
-0.98806,4.3428,4.7835,0.031471
-0.98408,4.3382,4.7788,0.031431
-0.9801,4.3337,4.774,0.031391
-0.97612,4.3291,4.7693,0.031352
-0.97214,4.3245,4.7645,0.031312
-0.96816,4.3199,4.7597,0.031269
-0.96418,4.3153,4.7549,0.031226
-0.9602,4.3106,4.75,0.031184
-0.95622,4.3059,4.7451,0.031142
-0.95224,4.3012,4.7403,0.0311
-0.94826,4.2964,4.7354,0.031058
-0.94428,4.2916,4.7304,0.031015
-0.9403,4.2868,4.7255,0.03097
-0.93632,4.282,4.7205,0.030925
-0.93234,4.2771,4.7155,0.030881
-0.92836,4.2722,4.7105,0.030836
-0.92438,4.2672,4.7055,0.030792
-0.9204,4.2622,4.7005,0.030748
-0.91642,4.2573,4.6954,0.030701
-0.91244,4.2523,4.6903,0.030654
-0.90846,4.2472,4.6852,0.030607
-0.90448,4.2421,4.6801,0.03056
-0.9005,4.237,4.6749,0.030514
-0.89652,4.2317,4.6697,0.030467
-0.89254,4.2266,4.6645,0.030418
-0.88856,4.2214,4.6593,0.030369
-0.88458,4.2161,4.654,0.030319
-0.8806,4.2108,4.6488,0.03027
-0.87662,4.2055,4.6435,0.030221
-0.87264,4.2,4.6382,0.030172
-0.86866,4.1947,4.6328,0.030121
-0.86468,4.1892,4.6275,0.030069
-0.8607,4.1838,4.6221,0.030017
-0.85672,4.1782,4.6167,0.029966
-0.85274,4.1727,4.6112,0.029914
-0.84876,4.167,4.6058,0.029862
-0.84478,4.1614,4.6003,0.029808
-0.8408,4.1558,4.5948,0.029754
-0.83682,4.1501,4.5892,0.0297
-0.83284,4.1443,4.5837,0.029645
-0.82886,4.1385,4.5781,0.029591
-0.82488,4.1326,4.5724,0.029535
-0.8209,4.1268,4.5668,0.029479
-0.81692,4.1209,4.5611,0.029422
-0.81294,4.1149,4.5554,0.029365
-0.80896,4.1089,4.5497,0.029308
-0.80498,4.1028,4.544,0.02925
-0.801,4.0967,4.5382,0.029191
-0.79702,4.0906,4.5324,0.029131
-0.79304,4.0844,4.5265,0.029072
-0.78906,4.0782,4.5207,0.029012
-0.78508,4.0719,4.5148,0.028952
-0.7811,4.0656,4.5089,0.02889
-0.77712,4.0592,4.5029,0.028828
-0.77314,4.0528,4.4969,0.028765
-0.76916,4.0463,4.4909,0.028703
-0.76518,4.0397,4.4849,0.02864
-0.7612,4.0332,4.4788,0.028575
-0.75722,4.0266,4.4727,0.028509
-0.75324,4.0199,4.4666,0.028444
-0.74926,4.0132,4.4604,0.028379
-0.74528,4.0064,4.4542,0.028312
-0.7413,3.9996,4.448,0.028244
-0.73732,3.9927,4.4417,0.028176
-0.73334,3.9857,4.4354,0.028108
-0.72936,3.9787,4.4291,0.028039
-0.72538,3.9717,4.4227,0.027969
-0.7214,3.9646,4.4163,0.027898
-0.71742,3.9574,4.4099,0.027826
-0.71344,3.9501,4.4034,0.027755
-0.70946,3.9428,4.3969,0.027682
-0.70548,3.9355,4.3904,0.027608
-0.7015,3.9281,4.3838,0.027534
-0.69752,3.9206,4.3772,0.027459
-0.69354,3.913,4.3705,0.027384
-0.68956,3.9054,4.3639,0.027307
-0.68558,3.8978,4.3571,0.027229
-0.6816,3.89,4.3504,0.027152
-0.67762,3.8822,4.3436,0.027073
-0.67364,3.8743,4.3368,0.026993
-0.66966,3.8664,4.3299,0.026913
-0.66568,3.8583,4.323,0.026831
-0.6617,3.8502,4.316,0.02675
-0.65772,3.8421,4.309,0.026666
-0.65374,3.8338,4.302,0.026582
-0.64976,3.8255,4.2949,0.026498
-0.64578,3.8171,4.2878,0.026412
-0.6418,3.8086,4.2806,0.026325
-0.63782,3.8001,4.2734,0.026238
-0.63384,3.7914,4.2662,0.02615
-0.62986,3.7827,4.2589,0.02606
-0.62588,3.7739,4.2515,0.02597
-0.6219,3.765,4.2442,0.025878
-0.61792,3.756,4.2367,0.025786
-0.61394,3.7469,4.2293,0.025693
-0.60996,3.7378,4.2217,0.025598
-0.60598,3.7285,4.2142,0.025503
-0.602,3.7192,4.2065,0.025406
-0.59802,3.7097,4.1989,0.025309
-0.59404,3.7002,4.1912,0.02521
-0.59006,3.6906,4.1834,0.02511
-0.58608,3.6809,4.1756,0.025009
-0.5821,3.671,4.1677,0.024907
-0.57812,3.6611,4.1598,0.024804
-0.57414,3.651,4.1518,0.024699
-0.57016,3.6409,4.1438,0.024594
-0.56618,3.6306,4.1357,0.024487
-0.5622,3.6203,4.1276,0.024378
-0.55822,3.6098,4.1194,0.024269
-0.55424,3.5992,4.1112,0.024158
-0.55026,3.5884,4.1029,0.024046
-0.54628,3.5776,4.0945,0.023932
-0.5423,3.5666,4.0861,0.023818
-0.53832,3.5555,4.0776,0.023701
-0.53434,3.5443,4.0691,0.023584
-0.53036,3.533,4.0605,0.023465
-0.52638,3.5215,4.0518,0.023344
-0.5224,3.5099,4.0431,0.023222
-0.51842,3.4981,4.0343,0.023098
-0.51444,3.4862,4.0255,0.022973
-0.51046,3.4742,4.0166,0.022846
-0.50648,3.462,4.0076,0.022718
-0.5025,3.4496,3.9985,0.022588
-0.49852,3.4371,3.9894,0.022456
-0.49454,3.4244,3.9802,0.022323
-0.49056,3.4116,3.971,0.022188
-0.48658,3.3986,3.9617,0.022051
-0.4826,3.3854,3.9523,0.021912
-0.47862,3.3721,3.9428,0.021772
-0.47464,3.3585,3.9332,0.021629
-0.47066,3.3448,3.9236,0.021485
-0.46668,3.3309,3.9139,0.021339
-0.4627,3.3168,3.9041,0.02119
-0.45872,3.3026,3.8943,0.02104
-0.45474,3.2881,3.8843,0.020888
-0.45076,3.2734,3.8743,0.020733
-0.44678,3.2585,3.8642,0.020576
-0.4428,3.2433,3.854,0.020417
-0.43882,3.228,3.8437,0.020256
-0.43484,3.2124,3.8334,0.020093
-0.43086,3.1966,3.8229,0.019927
-0.42688,3.1805,3.8123,0.019759
-0.4229,3.1642,3.8017,0.019588
-0.41892,3.1476,3.791,0.019415
-0.41494,3.1307,3.7801,0.019239
-0.41096,3.1136,3.7692,0.019061
-0.40698,3.0962,3.7582,0.01888
-0.403,3.0785,3.7471,0.018696
-0.39902,3.0605,3.7358,0.018509
-0.39504,3.0422,3.7245,0.01832
-0.39106,3.0236,3.713,0.018127
-0.38708,3.0046,3.7015,0.017932
-0.3831,2.9854,3.6898,0.017733
-0.37912,2.9657,3.678,0.017531
-0.37514,2.9457,3.6661,0.017326
-0.37116,2.9253,3.6541,0.017118
-0.36718,2.9046,3.642,0.016906
-0.3632,2.8834,3.6298,0.016691
-0.35922,2.8618,3.6174,0.016472
-0.35524,2.8398,3.6049,0.01625
-0.35126,2.8173,3.5922,0.016023
-0.34728,2.7943,3.5795,0.015793
-0.3433,2.7709,3.5666,0.015559
-0.33932,2.7469,3.5535,0.015321
-0.33534,2.7224,3.5403,0.015078
-0.33136,2.6974,3.527,0.014832
-0.32738,2.6718,3.5135,0.01458
-0.3234,2.6457,3.4999,0.014325
-0.31942,2.6188,3.4861,0.014064
-0.31544,2.5913,3.4722,0.013799
-0.31146,2.5632,3.4581,0.013529
-0.30748,2.5344,3.4438,0.013254
-0.3035,2.5047,3.4294,0.012973
-0.29952,2.4743,3.4148,0.012687
-0.29554,2.4431,3.4,0.012395
-0.29156,2.4109,3.3851,0.012098
-0.28758,2.3778,3.3699,0.011794
-0.2836,2.3438,3.3546,0.011485
-0.27962,2.3087,3.339,0.011169
-0.27564,2.2725,3.3233,0.010846
-0.27166,2.2351,3.3074,0.010517
-0.26768,2.1965,3.2912,0.010181
-0.2637,2.1565,3.2748,0.0098372
-0.25972,2.1151,3.2583,0.0094861
-0.25574,2.0721,3.2414,0.009127
-0.25176,2.0275,3.2244,0.0087599
-0.24778,1.981,3.2071,0.0083846
-0.2438,1.9326,3.1896,0.0080003
-0.23982,1.882,3.1718,0.0076069
-0.23584,1.8291,3.1537,0.0072044
-0.23186,1.7736,3.1354,0.0067919
-0.22788,1.7152,3.1167,0.0063695
-0.2239,1.6535,3.0978,0.0059363
-0.21992,1.5881,3.0786,0.0054919
-0.21594,1.5186,3.0591,0.0050362
-0.21196,1.4442,3.0393,0.0045683
-0.20798,1.364,3.0192,0.0040879
-0.204,1.2771,2.9987,0.0035946
-0.20002,1.1817,2.9779,0.0030872
-0.19604,1.0755,2.9567,0.0025657
-0.19206,0.95474,2.9351,0.0020289
-0.18808,0.81292,2.9131,0.0014762
-0.1841,0.63591,2.8908,0.00090694
-0.18012,0.37659,2.868,0.0003201
-0.17614,0,2.8449,0.00017935
-0.17216,0,2.8218,0.00048728
-0.16818,0,2.799,0.0008006
-0.1642,0,2.7765,0.0011194
-0.16022,0,2.7541,0.0014441
-0.15624,0,2.7319,0.0017745
-0.15226,0,2.71,0.0021106
-0.14828,0,2.6882,0.0024528
-0.1443,0,2.6667,0.0028011
-0.14032,0,2.6453,0.0031554
-0.13634,0,2.6242,0.0035161
-0.13236,0,2.6032,0.0038832
-0.12838,0,2.5824,0.0042566
-0.1244,0,2.5618,0.0046367
-0.12042,0,2.5414,0.0050235
-0.11644,0,2.5212,0.0054171
-0.11246,0,2.5011,0.0058177
-0.10848,0,2.4813,0.0062253
-0.1045,0,2.4616,0.0066401
-0.10052,0,2.4421,0.0070621
-0.09654,0,2.4227,0.0074916
-0.09256,0,2.4035,0.0079286
-0.08858,0,2.3845,0.0083733
-0.0846,0,2.3656,0.0088258
-0.08062,0,2.3469,0.0092863
-0.07664,0,2.3284,0.0097548
-0.07266,0,2.31,0.010232
-0.06868,0,2.2918,0.010717
-0.0647,0,2.2737,0.011211
-0.06072,0,2.2558,0.011713
-0.05674,0,2.2381,0.012224
-0.05276,0,2.2204,0.012744
-0.04878,0,2.203,0.013273
-0.0448,0,2.1856,0.013812
-0.04082,0,2.1685,0.01436
-0.03684,0,2.1514,0.014918
-0.03286,0,2.1345,0.015485
-0.02888,0,2.1177,0.016063
-0.0249,0,2.1011,0.016651
-0.02092,0,2.0846,0.017249
-0.01694,0,2.0682,0.017857
-0.01296,0,2.052,0.018477
-0.00898,0,2.0359,0.019107
-0.005,0,2.0199,0.019748
-0.00102,0,2.004,0.020401
0.00296,0,1.9883,0.021066
0.00694,0,1.9727,0.021742
0.01092,0,1.9572,0.02243
0.0149,0,1.9419,0.02313
0.01888,0,1.9266,0.023843
0.02286,0,1.9115,0.024568
0.02684,0,1.8965,0.025307
0.03082,0,1.8816,0.026058
0.0348,0,1.8668,0.026823
0.03878,0,1.8521,0.027602
0.04276,0,1.8375,0.028394
0.04674,0,1.8231,0.029201
0.05072,0,1.8088,0.030022
0.0547,0,1.7945,0.030858
0.05868,0,1.7804,0.031709
0.06266,0,1.7664,0.032575
0.06664,0,1.7524,0.033457
0.07062,0,1.7386,0.034355
0.0746,0,1.7249,0.035269
0.07858,0,1.7113,0.0362
0.08256,0,1.6978,0.037147
0.08654,0,1.6843,0.038112
0.09052,0,1.671,0.039094
0.0945,0,1.6578,0.040094
0.09848,0,1.6447,0.041113
0.10246,0,1.6316,0.04215
0.10644,0,1.6187,0.043206
0.11042,0,1.6058,0.044282
0.1144,0,1.5931,0.045377
0.11838,0,1.5804,0.046492
0.12236,0,1.5678,0.047628
0.12634,0,1.5553,0.048785
0.13032,0,1.5429,0.049964
0.1343,0,1.5306,0.051164
0.13828,0,1.5184,0.052387
0.14226,0,1.5062,0.053633
0.14624,0,1.4941,0.054902
0.15022,0,1.4822,0.056194
0.1542,0,1.4702,0.057512
0.15818,0,1.4584,0.058853
0.16216,0,1.4467,0.06022
0.16614,0,1.435,0.061614
0.17012,0,1.4234,0.063033
0.1741,0,1.4119,0.06448
0.17808,0,1.4005,0.065953
0.18206,0,1.3892,0.067456
0.18604,0,1.3779,0.068987
0.19002,0,1.3667,0.070547
0.194,0,1.3555,0.072138
0.19798,0,1.3445,0.073759
0.20196,0,1.3335,0.075411
0.20594,0,1.3226,0.077096
0.20992,0,1.3118,0.078813
0.2139,0,1.301,0.080564
0.21788,0,1.2903,0.08235
0.22186,0,1.2797,0.08417
0.22584,0,1.2691,0.086026
0.22982,0,1.2586,0.087919
0.2338,0,1.2482,0.08985
0.23778,0,1.2378,0.091819
0.24176,0,1.2275,0.093827
0.24574,0,1.2173,0.095875
0.24972,0,1.2071,0.097965
0.2537,0,1.197,0.1001
0.25768,0,1.187,0.10227
0.26166,0,1.177,0.10449
0.26564,0,1.1671,0.10675
0.26962,0,1.1573,0.10906
0.2736,0,1.1475,0.11142
0.27758,0,1.1378,0.11383
0.28156,0,1.1281,0.11628
0.28554,0,1.1185,0.11879
0.28952,0,1.1089,0.12135
0.2935,0,1.0994,0.12396
0.29748,0,1.09,0.12663
0.30146,0,1.0806,0.12935
0.30544,0,1.0713,0.13213
0.30942,0,1.0621,0.13497
0.3134,0,1.0528,0.13787
0.31738,0,1.0437,0.14083
0.32136,0,1.0346,0.14385
0.32534,0,1.0256,0.14694
0.32932,0,1.0166,0.1501
0.3333,0,1.0076,0.15332
0.33728,0,0.99875,0.15662
0.34126,0,0.98992,0.15998
0.34524,0,0.98114,0.16342
0.34922,0,0.97241,0.16694
0.3532,0,0.96373,0.17053
0.35718,0,0.95511,0.17421
0.36116,0,0.94653,0.17796
0.36514,0,0.93801,0.18181
0.36912,0,0.92953,0.18573
0.3731,0,0.9211,0.18975
0.37708,0,0.91272,0.19386
0.38106,0,0.90439,0.19806
0.38504,0,0.89611,0.20236
0.38902,0,0.88787,0.20675
0.393,0,0.87968,0.21125
0.39698,0,0.87153,0.21586
0.40096,0,0.86344,0.22057
0.40494,0,0.85538,0.22539
0.40892,0,0.84738,0.23033
0.4129,0,0.83941,0.23538
0.41688,0,0.8315,0.24056
0.42086,0,0.82362,0.24585
0.42484,0,0.81579,0.25128
0.42882,0,0.808,0.25684
0.4328,0,0.80026,0.26253
0.43678,0,0.79256,0.26837
0.44076,0,0.7849,0.27435
0.44474,0,0.77728,0.28047
0.44872,0,0.76971,0.28675
0.4527,0,0.76217,0.29319
0.45668,0,0.75468,0.29978
0.46066,0,0.74723,0.30655
0.46464,0,0.73981,0.31349
0.46862,0,0.73244,0.32061
0.4726,0,0.72511,0.32791
0.47658,0,0.71782,0.3354
0.48056,0,0.71056,0.34308
0.48454,0,0.70334,0.35097
0.48852,0,0.69617,0.35906
0.4925,0,0.68903,0.36738
0.49648,0,0.68193,0.37591
0.50046,0,0.67486,0.38467
0.50444,0,0.66783,0.39368
0.50842,0,0.66084,0.40292
0.5124,0,0.65389,0.41243
0.51638,0,0.64697,0.42219
0.52036,0,0.64009,0.43223
0.52434,0,0.63325,0.44255
0.52832,0,0.62644,0.45316
0.5323,0,0.61966,0.46407
0.53628,0,0.61292,0.47529
0.54026,0,0.60621,0.48684
0.54424,0,0.59954,0.49872
0.54822,0,0.59291,0.51095
0.5522,0,0.5863,0.52355
0.55618,0,0.57973,0.53651
0.56016,0,0.5732,0.54987
0.56414,0,0.56669,0.56362
0.56812,0,0.56022,0.5778
0.5721,0,0.55379,0.5924
0.57608,0,0.54738,0.60746
0.58006,0,0.54101,0.62299
0.58404,0,0.53467,0.639
0.58802,0,0.52836,0.65552
0.592,0,0.52208,0.67257
0.59598,0,0.51583,0.69017
0.59996,0,0.50962,0.70833
0.60394,0,0.50343,0.72709
0.60792,0,0.49728,0.74647
0.6119,0,0.49115,0.76649
0.61588,0,0.48506,0.78718
0.61986,0,0.47899,0.80858
0.62384,0,0.47296,0.8307
0.62782,0,0.46695,0.85359
0.6318,0,0.46098,0.87727
0.63578,0,0.45503,0.90179
0.63976,0,0.44911,0.92718
0.64374,0,0.44322,0.95347
0.64772,0,0.43736,0.98072
0.6517,0,0.43152,1.009
0.65568,0,0.42572,1.0382
0.65966,0,0.41994,1.0686
0.66364,0,0.41419,1.1001
0.66762,0,0.40847,1.1328
0.6716,0,0.40277,1.1668
0.67558,0,0.3971,1.2021
0.67956,0,0.39146,1.2388
0.68354,0,0.38585,1.2769
0.68752,0,0.38026,1.3166
0.6915,0,0.3747,1.3579
0.69548,0,0.36916,1.4008
0.69946,0,0.36365,1.4456
0.70344,0,0.35816,1.4922
0.70742,0,0.35271,1.5408
0.7114,0,0.34727,1.5916
0.71538,0,0.34186,1.6445
0.71936,0,0.33648,1.6997
0.72334,0,0.33112,1.7575
0.72732,0,0.32579,1.8178
0.7313,0,0.32048,1.8809
0.73528,0,0.31519,1.947
0.73926,0,0.30993,2.0161
0.74324,0,0.3047,2.0886
0.74722,0,0.29948,2.1646
0.7512,0,0.2943,2.2443
0.75518,0,0.28913,2.328
0.75916,0,0.28399,2.4159
0.76314,0,0.27887,2.5083
0.76712,0,0.27378,2.6055
0.7711,0,0.26871,2.7079
0.77508,0,0.26366,2.8158
0.77906,0,0.25863,2.9296
0.78304,0,0.25363,3.0497
0.78702,0,0.24865,3.1765
0.791,0,0.24369,3.3107
0.79498,0,0.23875,3.4527
0.79896,0,0.23384,3.6031
0.80294,0,0.22895,3.7626
0.80692,0,0.22408,3.9319
0.8109,0,0.21923,4.1118
0.81488,0,0.2144,4.3033
0.81886,0,0.2096,4.5072
0.82284,0,0.20482,4.7247
0.82682,0,0.20005,4.9569
0.8308,0,0.19531,5.2052
0.83478,0,0.19059,5.471
0.83876,0,0.1859,5.756
0.84274,0,0.18122,6.0621
0.84672,0,0.17657,6.3913
0.8507,0,0.17193,6.7459
0.85468,0,0.16732,7.1285
0.85866,0,0.16273,7.5421
0.86264,0,0.15815,7.9901
0.86662,0,0.1536,8.4762
0.8706,0,0.14907,9.0048
0.87458,0,0.14457,9.5808
0.87856,0,0.14008,10.21
0.88254,0,0.13561,10.899
0.88652,0,0.13117,11.655
0.8905,0,0.12675,12.487
0.89448,0,0.12235,13.405
0.89846,0,0.11797,14.421
0.90244,0,0.11361,15.55
0.90642,0,0.10928,16.807
0.9104,0,0.10497,18.212
0.91438,0,0.10068,19.789
0.91836,0,0.09642,21.565
0.92234,0,0.092185,23.574
0.92632,0,0.087976,25.856
0.9303,0,0.083797,28.46
0.93428,0,0.079647,31.447
0.93826,0,0.07553,34.89
0.94224,0,0.071448,38.88
0.94622,0,0.067405,43.531
0.9502,0,0.063403,48.985
0.95418,0,0.059448,55.42
0.95816,0,0.055545,63.063
0.96214,0,0.0517,72.202
0.96612,0,0.047922,83.205
0.9701,0,0.044218,96.548
0.97408,0,0.0406,112.85
0.97806,0,0.037077,132.91
0.98204,0,0.033664,157.79
0.98602,0,0.030374,188.86
0.99,0,0.02722,227.96
