-1,0.012328,1.6229e+05,3.302e-05
-0.99602,4.3608,7.1979,0.014056
-0.99204,4.3528,7.1811,0.014074
-0.98806,4.3447,7.1642,0.014092
-0.98408,4.3365,7.1473,0.01411
-0.9801,4.3283,7.1304,0.014129
-0.97612,4.3201,7.1135,0.014147
-0.97214,4.3119,7.0966,0.014164
-0.96816,4.3036,7.0796,0.014182
-0.96418,4.2952,7.0626,0.0142
-0.9602,4.2869,7.0456,0.014216
-0.95622,4.2785,7.0286,0.014233
-0.95224,4.2701,7.0116,0.01425
-0.94826,4.2615,6.9945,0.014268
-0.94428,4.2531,6.9774,0.014284
-0.9403,4.2445,6.9603,0.0143
-0.93632,4.2359,6.9431,0.014316
-0.93234,4.2273,6.926,0.014333
-0.92836,4.2186,6.9088,0.014348
-0.92438,4.2099,6.8916,0.014364
-0.9204,4.2011,6.8743,0.014379
-0.91642,4.1924,6.8571,0.014394
-0.91244,4.1836,6.8398,0.014409
-0.90846,4.1747,6.8225,0.014424
-0.90448,4.1657,6.8051,0.014439
-0.9005,4.1568,6.7878,0.014453
-0.89652,4.1478,6.7704,0.014467
-0.89254,4.1387,6.753,0.014481
-0.88856,4.1297,6.7356,0.014494
-0.88458,4.1206,6.7181,0.014507
-0.8806,4.1114,6.7006,0.014521
-0.87662,4.1021,6.6831,0.014534
-0.87264,4.0929,6.6656,0.014546
-0.86866,4.0836,6.648,0.014558
-0.86468,4.0741,6.6304,0.014571
-0.8607,4.0648,6.6128,0.014582
-0.85672,4.0553,6.5952,0.014593
-0.85274,4.0458,6.5775,0.014605
-0.84876,4.0362,6.5598,0.014615
-0.84478,4.0266,6.5421,0.014626
-0.8408,4.017,6.5243,0.014636
-0.83682,4.0072,6.5065,0.014646
-0.83284,3.9975,6.4887,0.014655
-0.82886,3.9877,6.4709,0.014664
-0.82488,3.9777,6.453,0.014674
-0.8209,3.9679,6.4351,0.014682
-0.81692,3.9579,6.4172,0.01469
-0.81294,3.9478,6.3992,0.014698
-0.80896,3.9377,6.3812,0.014705
-0.80498,3.9276,6.3632,0.014712
-0.801,3.9174,6.3452,0.014719
-0.79702,3.9071,6.3271,0.014725
-0.79304,3.8968,6.309,0.01473
-0.78906,3.8864,6.2908,0.014736
-0.78508,3.8759,6.2727,0.01474
-0.7811,3.8654,6.2545,0.014745
-0.77712,3.8548,6.2362,0.014749
-0.77314,3.8442,6.218,0.014752
-0.76916,3.8335,6.1997,0.014755
-0.76518,3.8227,6.1813,0.014758
-0.7612,3.8119,6.163,0.01476
-0.75722,3.801,6.1445,0.014761
-0.75324,3.79,6.1261,0.014763
-0.74926,3.779,6.1076,0.014763
-0.74528,3.7679,6.0891,0.014763
-0.7413,3.7567,6.0706,0.014762
-0.73732,3.7455,6.052,0.014761
-0.73334,3.7341,6.0334,0.014759
-0.72936,3.7227,6.0147,0.014757
-0.72538,3.7112,5.9961,0.014754
-0.7214,3.6997,5.9773,0.01475
-0.71742,3.688,5.9586,0.014746
-0.71344,3.6763,5.9398,0.014741
-0.70946,3.6645,5.9209,0.014736
-0.70548,3.6527,5.9021,0.01473
-0.7015,3.6407,5.8832,0.014723
-0.69752,3.6287,5.8642,0.014715
-0.69354,3.6166,5.8452,0.014707
-0.68956,3.6043,5.8262,0.014698
-0.68558,3.592,5.8071,0.014688
-0.6816,3.5796,5.788,0.014677
-0.67762,3.5672,5.7689,0.014666
-0.67364,3.5546,5.7497,0.014654
-0.66966,3.5419,5.7304,0.014641
-0.66568,3.5291,5.7112,0.014627
-0.6617,3.5163,5.6918,0.014612
-0.65772,3.5033,5.6725,0.014597
-0.65374,3.4903,5.6531,0.01458
-0.64976,3.4771,5.6336,0.014563
-0.64578,3.4638,5.6141,0.014544
-0.6418,3.4504,5.5946,0.014525
-0.63782,3.437,5.575,0.014505
-0.63384,3.4234,5.5554,0.014483
-0.62986,3.4097,5.5357,0.014461
-0.62588,3.3958,5.5159,0.014437
-0.6219,3.3819,5.4962,0.014413
-0.61792,3.3678,5.4764,0.014387
-0.61394,3.3537,5.4565,0.01436
-0.60996,3.3394,5.4366,0.014332
-0.60598,3.3249,5.4166,0.014303
-0.602,3.3104,5.3966,0.014273
-0.59802,3.2957,5.3765,0.014241
-0.59404,3.2809,5.3564,0.014208
-0.59006,3.2659,5.3362,0.014174
-0.58608,3.2508,5.316,0.014138
-0.5821,3.2356,5.2957,0.014101
-0.57812,3.2202,5.2754,0.014063
-0.57414,3.2046,5.255,0.014023
-0.57016,3.189,5.2345,0.013982
-0.56618,3.1731,5.214,0.013939
-0.5622,3.1571,5.1935,0.013895
-0.55822,3.141,5.1729,0.013849
-0.55424,3.1246,5.1522,0.013801
-0.55026,3.1081,5.1315,0.013752
-0.54628,3.0915,5.1107,0.013701
-0.5423,3.0746,5.0898,0.013648
-0.53832,3.0576,5.0689,0.013594
-0.53434,3.0404,5.0479,0.013537
-0.53036,3.023,5.0269,0.013479
-0.52638,3.0054,5.0058,0.013419
-0.5224,2.9876,4.9846,0.013357
-0.51842,2.9697,4.9634,0.013293
-0.51444,2.9514,4.9421,0.013226
-0.51046,2.933,4.9208,0.013158
-0.50648,2.9144,4.8993,0.013087
-0.5025,2.8955,4.8778,0.013014
-0.49852,2.8764,4.8563,0.012939
-0.49454,2.8571,4.8347,0.012861
-0.49056,2.8375,4.8129,0.012781
-0.48658,2.8177,4.7912,0.012699
-0.4826,2.7976,4.7693,0.012613
-0.47862,2.7773,4.7474,0.012526
-0.47464,2.7566,4.7254,0.012435
-0.47066,2.7357,4.7033,0.012342
-0.46668,2.7145,4.6812,0.012245
-0.4627,2.693,4.6589,0.012146
-0.45872,2.6712,4.6366,0.012044
-0.45474,2.649,4.6142,0.011939
-0.45076,2.6266,4.5918,0.01183
-0.44678,2.6038,4.5692,0.011718
-0.4428,2.5806,4.5466,0.011603
-0.43882,2.5571,4.5239,0.011484
-0.43484,2.5332,4.501,0.011362
-0.43086,2.5089,4.4781,0.011236
-0.42688,2.4842,4.4552,0.011106
-0.4229,2.459,4.4321,0.010972
-0.41892,2.4335,4.4089,0.010835
-0.41494,2.4075,4.3856,0.010693
-0.41096,2.3809,4.3623,0.010546
-0.40698,2.354,4.3388,0.010396
-0.403,2.3264,4.3153,0.010241
-0.39902,2.2984,4.2916,0.010081
-0.39504,2.2698,4.2679,0.0099161
-0.39106,2.2406,4.244,0.0097465
-0.38708,2.2108,4.22,0.0095718
-0.3831,2.1804,4.196,0.0093916
-0.37912,2.1492,4.1718,0.009206
-0.37514,2.1174,4.1475,0.009015
-0.37116,2.0849,4.1231,0.0088181
-0.36718,2.0515,4.0986,0.008615
-0.3632,2.0172,4.074,0.0084056
-0.35922,1.9822,4.0492,0.0081901
-0.35524,1.9461,4.0243,0.0079677
-0.35126,1.9091,3.9993,0.0077385
-0.34728,1.871,3.9742,0.0075022
-0.3433,1.8318,3.949,0.0072588
-0.33932,1.7913,3.9236,0.0070074
-0.33534,1.7495,3.8981,0.0067485
-0.33136,1.7063,3.8725,0.0064812
-0.32738,1.6616,3.8467,0.0062055
-0.3234,1.6152,3.8208,0.0059213
-0.31942,1.5669,3.7947,0.0056278
-0.31544,1.5166,3.7685,0.0053249
-0.31146,1.4641,3.7421,0.0050122
-0.30748,1.409,3.7156,0.0046895
-0.3035,1.3511,3.689,0.0043562
-0.29952,1.29,3.6622,0.004012
-0.29554,1.2251,3.6352,0.0036565
-0.29156,1.1559,3.608,0.0032892
-0.28758,1.0814,3.5807,0.0029096
-0.2836,1.0005,3.5532,0.0025173
-0.27962,0.91139,3.5256,0.0021117
-0.27564,0.81137,3.4977,0.0016922
-0.27166,0.69572,3.4697,0.0012583
-0.26768,0.55471,3.4415,0.00080944
-0.2637,0.35954,3.4131,0.00034482
-0.25972,0.012391,3.3845,0.00011652
-0.25574,0.01239,3.3562,0.00036141
-0.25176,0.012391,3.328,0.00061006
-0.24778,0.012391,3.3001,0.00086235
-0.2438,0.01239,3.2727,0.0011182
-0.23982,0.01239,3.2454,0.0013781
-0.23584,0.012391,3.2184,0.0016423
-0.23186,0.01239,3.1918,0.0019097
-0.22788,0.012391,3.1653,0.0021819
-0.2239,0.01239,3.1392,0.0024576
-0.21992,0.012391,3.1133,0.0027379
-0.21594,0.01239,3.0877,0.0030221
-0.21196,0.012391,3.0623,0.0033108
-0.20798,0.012391,3.0372,0.0036037
-0.204,0.012391,3.0123,0.0039008
-0.20002,0.01239,2.9877,0.0042027
-0.19604,0.012391,2.9633,0.0045091
-0.19206,0.01239,2.9392,0.0048199
-0.18808,0.012391,2.9153,0.0051357
-0.1841,0.01239,2.8916,0.0054559
-0.18012,0.012391,2.8681,0.0057814
-0.17614,0.01239,2.8449,0.0061113
-0.17216,0.012391,2.8218,0.006447
-0.16818,0.01239,2.7991,0.0067869
-0.1642,0.012391,2.7765,0.0071325
-0.16022,0.012391,2.7541,0.0074829
-0.15624,0.012391,2.732,0.0078388
-0.15226,0.012391,2.71,0.0082003
-0.14828,0.01239,2.6883,0.0085669
-0.1443,0.012391,2.6667,0.0089394
-0.14032,0.01239,2.6454,0.0093172
-0.13634,0.01239,2.6242,0.0097012
-0.13236,0.01239,2.6032,0.010091
-0.12838,0.012391,2.5824,0.010487
-0.1244,0.012391,2.5619,0.010888
-0.12042,0.012391,2.5414,0.011296
-0.11644,0.012391,2.5212,0.01171
-0.11246,0.01239,2.5012,0.01213
-0.10848,0,2.4813,0.012557
-0.1045,0,2.4616,0.012991
-0.10052,0,2.4421,0.013431
-0.09654,0,2.4227,0.013878
-0.09256,0,2.4035,0.014331
-0.08858,0,2.3845,0.014792
-0.0846,0,2.3656,0.01526
-0.08062,0,2.3469,0.015735
-0.07664,0,2.3284,0.016217
-0.07266,0,2.31,0.016707
-0.06868,0,2.2918,0.017204
-0.0647,0,2.2737,0.01771
-0.06072,0,2.2558,0.018223
-0.05674,0,2.2381,0.018744
-0.05276,0,2.2204,0.019273
-0.04878,0,2.203,0.01981
-0.0448,0,2.1856,0.020356
-0.04082,0,2.1685,0.02091
-0.03684,0,2.1514,0.021474
-0.03286,0,2.1345,0.022045
-0.02888,0,2.1177,0.022627
-0.0249,0,2.1011,0.023217
-0.02092,0,2.0846,0.023816
-0.01694,0,2.0682,0.024425
-0.01296,0,2.052,0.025044
-0.00898,0,2.0359,0.025672
-0.005,0,2.0199,0.026311
-0.00102,0,2.004,0.026959
0.00296,0,1.9883,0.027619
0.00694,0,1.9727,0.028288
0.01092,0,1.9572,0.028968
0.0149,0,1.9419,0.02966
0.01888,0,1.9266,0.030362
0.02286,0,1.9115,0.031076
0.02684,0,1.8965,0.031801
0.03082,0,1.8816,0.032538
0.0348,0,1.8668,0.033287
0.03878,0,1.8521,0.034048
0.04276,0,1.8375,0.034822
0.04674,0,1.8231,0.035608
0.05072,0,1.8088,0.036408
0.0547,0,1.7945,0.03722
0.05868,0,1.7804,0.038046
0.06266,0,1.7664,0.038885
0.06664,0,1.7524,0.039738
0.07062,0,1.7386,0.040605
0.0746,0,1.7249,0.041487
0.07858,0,1.7113,0.042383
0.08256,0,1.6978,0.043295
0.08654,0,1.6843,0.044222
0.09052,0,1.671,0.045164
0.0945,0,1.6578,0.046122
0.09848,0,1.6447,0.047096
0.10246,0,1.6316,0.048087
0.10644,0,1.6187,0.049094
0.11042,0,1.6058,0.050119
0.1144,0,1.5931,0.051161
0.11838,0,1.5804,0.052221
0.12236,0,1.5678,0.053299
0.12634,0,1.5553,0.054396
0.13032,0,1.5429,0.055511
0.1343,0,1.5306,0.056646
0.13828,0,1.5184,0.0578
0.14226,0,1.5062,0.058975
0.14624,0,1.4941,0.06017
0.15022,0,1.4822,0.061386
0.1542,0,1.4702,0.062623
0.15818,0,1.4584,0.063882
0.16216,0,1.4467,0.065164
0.16614,0,1.435,0.066468
0.17012,0,1.4234,0.067795
0.1741,0,1.4119,0.069145
0.17808,0,1.4005,0.07052
0.18206,0,1.3892,0.07192
0.18604,0,1.3779,0.073345
0.19002,0,1.3667,0.074795
0.194,0,1.3555,0.076272
0.19798,0,1.3445,0.077775
0.20196,0,1.3335,0.079306
0.20594,0,1.3226,0.080865
0.20992,0,1.3118,0.082453
0.2139,0,1.301,0.084069
0.21788,0,1.2903,0.085716
0.22186,0,1.2797,0.087393
0.22584,0,1.2691,0.089102
0.22982,0,1.2586,0.090842
0.2338,0,1.2482,0.092615
0.23778,0,1.2378,0.094421
0.24176,0,1.2275,0.096262
0.24574,0,1.2173,0.098137
0.24972,0,1.2071,0.10005
0.2537,0,1.197,0.102
0.25768,0,1.187,0.10398
0.26166,0,1.177,0.106
0.26564,0,1.1671,0.10807
0.26962,0,1.1573,0.11017
0.2736,0,1.1475,0.11231
0.27758,0,1.1378,0.1145
0.28156,0,1.1281,0.11672
0.28554,0,1.1185,0.119
0.28952,0,1.1089,0.12131
0.2935,0,1.0994,0.12368
0.29748,0,1.09,0.12609
0.30146,0,1.0806,0.12854
0.30544,0,1.0713,0.13105
0.30942,0,1.0621,0.13361
0.3134,0,1.0528,0.13622
0.31738,0,1.0437,0.13889
0.32136,0,1.0346,0.1416
0.32534,0,1.0256,0.14438
0.32932,0,1.0166,0.14721
0.3333,0,1.0076,0.1501
0.33728,0,0.99875,0.15305
0.34126,0,0.98992,0.15606
0.34524,0,0.98114,0.15914
0.34922,0,0.97241,0.16228
0.3532,0,0.96373,0.16549
0.35718,0,0.95511,0.16877
0.36116,0,0.94653,0.17211
0.36514,0,0.93801,0.17553
0.36912,0,0.92953,0.17903
0.3731,0,0.9211,0.1826
0.37708,0,0.91272,0.18624
0.38106,0,0.90439,0.18997
0.38504,0,0.89611,0.19378
0.38902,0,0.88787,0.19768
0.393,0,0.87968,0.20166
0.39698,0,0.87153,0.20573
0.40096,0,0.86344,0.2099
0.40494,0,0.85538,0.21415
0.40892,0,0.84738,0.21851
0.4129,0,0.83941,0.22296
0.41688,0,0.8315,0.22752
0.42086,0,0.82362,0.23219
0.42484,0,0.81579,0.23696
0.42882,0,0.808,0.24185
0.4328,0,0.80026,0.24685
0.43678,0,0.79256,0.25197
0.44076,0,0.7849,0.25721
0.44474,0,0.77728,0.26258
0.44872,0,0.76971,0.26807
0.4527,0,0.76217,0.2737
0.45668,0,0.75468,0.27947
0.46066,0,0.74723,0.28538
0.46464,0,0.73981,0.29144
0.46862,0,0.73244,0.29765
0.4726,0,0.72511,0.30401
0.47658,0,0.71782,0.31054
0.48056,0,0.71056,0.31723
0.48454,0,0.70334,0.32409
0.48852,0,0.69617,0.33113
0.4925,0,0.68903,0.33835
0.49648,0,0.68193,0.34576
0.50046,0,0.67486,0.35336
0.50444,0,0.66783,0.36116
0.50842,0,0.66084,0.36917
0.5124,0,0.65389,0.3774
0.51638,0,0.64697,0.38585
0.52036,0,0.64009,0.39452
0.52434,0,0.63325,0.40344
0.52832,0,0.62644,0.4126
0.5323,0,0.61966,0.42201
0.53628,0,0.61292,0.43169
0.54026,0,0.60621,0.44164
0.54424,0,0.59954,0.45188
0.54822,0,0.59291,0.4624
0.5522,0,0.5863,0.47323
0.55618,0,0.57973,0.48437
0.56016,0,0.5732,0.49584
0.56414,0,0.56669,0.50765
0.56812,0,0.56022,0.51981
0.5721,0,0.55379,0.53233
0.57608,0,0.54738,0.54524
0.58006,0,0.54101,0.55853
0.58404,0,0.53467,0.57223
0.58802,0,0.52836,0.58636
0.592,0,0.52208,0.60093
0.59598,0,0.51583,0.61596
0.59996,0,0.50962,0.63147
0.60394,0,0.50343,0.64747
0.60792,0,0.49728,0.66399
0.6119,0,0.49115,0.68105
0.61588,0,0.48506,0.69868
0.61986,0,0.47899,0.71688
0.62384,0,0.47296,0.7357
0.62782,0,0.46695,0.75516
0.6318,0,0.46098,0.77529
0.63578,0,0.45503,0.7961
0.63976,0,0.44911,0.81765
0.64374,0,0.44322,0.83995
0.64772,0,0.43736,0.86305
0.6517,0,0.43152,0.88697
0.65568,0,0.42572,0.91177
0.65966,0,0.41994,0.93747
0.66364,0,0.41419,0.96412
0.66762,0,0.40847,0.99178
0.6716,0,0.40277,1.0205
0.67558,0,0.3971,1.0503
0.67956,0,0.39146,1.0812
0.68354,0,0.38585,1.1134
0.68752,0,0.38026,1.1468
0.6915,0,0.3747,1.1816
0.69548,0,0.36916,1.2178
0.69946,0,0.36365,1.2555
0.70344,0,0.35816,1.2947
0.70742,0,0.35271,1.3356
0.7114,0,0.34727,1.3782
0.71538,0,0.34186,1.4227
0.71936,0,0.33648,1.4691
0.72334,0,0.33112,1.5175
0.72732,0,0.32579,1.5681
0.7313,0,0.32048,1.621
0.73528,0,0.31519,1.6764
0.73926,0,0.30993,1.7343
0.74324,0,0.3047,1.7949
0.74722,0,0.29948,1.8585
0.7512,0,0.2943,1.9251
0.75518,0,0.28913,1.995
0.75916,0,0.28399,2.0685
0.76314,0,0.27887,2.1456
0.76712,0,0.27378,2.2268
0.7711,0,0.26871,2.3122
0.77508,0,0.26366,2.4021
0.77906,0,0.25863,2.4969
0.78304,0,0.25363,2.597
0.78702,0,0.24865,2.7026
0.791,0,0.24369,2.8142
0.79498,0,0.23875,2.9323
0.79896,0,0.23384,3.0573
0.80294,0,0.22895,3.1898
0.80692,0,0.22408,3.3305
0.8109,0,0.21923,3.4798
0.81488,0,0.2144,3.6387
0.81886,0,0.2096,3.8078
0.82284,0,0.20482,3.9881
0.82682,0,0.20005,4.1805
0.8308,0,0.19531,4.3862
0.83478,0,0.19059,4.6062
0.83876,0,0.1859,4.8421
0.84274,0,0.18122,5.0953
0.84672,0,0.17657,5.3674
0.8507,0,0.17193,5.6604
0.85468,0,0.16732,5.9765
0.85866,0,0.16273,6.318
0.86264,0,0.15815,6.6877
0.86662,0,0.1536,7.0887
0.8706,0,0.14907,7.5245
0.87458,0,0.14457,7.9992
0.87856,0,0.14008,8.5175
0.88254,0,0.13561,9.0847
0.88652,0,0.13117,9.7069
0.8905,0,0.12675,10.391
0.89448,0,0.12235,11.146
0.89846,0,0.11797,11.982
0.90244,0,0.11361,12.909
0.90642,0,0.10928,13.941
0.9104,0,0.10497,15.094
0.91438,0,0.10068,16.387
0.91836,0,0.09642,17.843
0.92234,0,0.092185,19.489
0.92632,0,0.087976,21.357
0.9303,0,0.083797,23.488
0.93428,0,0.079647,25.93
0.93826,0,0.07553,28.743
0.94224,0,0.071448,32.001
0.94622,0,0.067405,35.794
0.9502,0,0.063403,40.238
0.95418,0,0.059448,45.476
0.95816,0,0.055545,51.689
0.96214,0,0.0517,59.107
0.96612,0,0.047922,68.025
0.9701,0,0.044218,78.821
0.97408,0,0.0406,91.984
0.97806,0,0.037077,108.15
0.98204,0,0.033664,128.15
0.98602,0,0.030374,153.06
0.99,0,0.02722,184.33
