-1,4.1675,5.4908,2.5274
-0.99602,4.1614,5.4821,2.5192
-0.99204,4.1553,5.4735,2.5109
-0.98806,4.1491,5.4648,2.5026
-0.98408,4.1429,5.4562,2.4944
-0.9801,4.1366,5.4475,2.4862
-0.97612,4.1303,5.4387,2.4777
-0.97214,4.124,5.43,2.4693
-0.96816,4.1177,5.4212,2.4608
-0.96418,4.1113,5.4125,2.4524
-0.9602,4.1048,5.4036,2.4439
-0.95622,4.0984,5.3948,2.4353
-0.95224,4.0919,5.386,2.4267
-0.94826,4.0854,5.3771,2.418
-0.94428,4.0788,5.3682,2.4094
-0.9403,4.0722,5.3593,2.4007
-0.93632,4.0656,5.3503,2.3918
-0.93234,4.059,5.3414,2.383
-0.92836,4.0523,5.3324,2.3742
-0.92438,4.0456,5.3234,2.3653
-0.9204,4.0388,5.3143,2.3564
-0.91642,4.032,5.3053,2.3473
-0.91244,4.0252,5.2962,2.3383
-0.90846,4.0183,5.2871,2.3293
-0.90448,4.0113,5.2779,2.3202
-0.9005,4.0044,5.2688,2.311
-0.89652,3.9974,5.2596,2.3018
-0.89254,3.9904,5.2504,2.2925
-0.88856,3.9833,5.2411,2.2833
-0.88458,3.9762,5.2319,2.274
-0.8806,3.9691,5.2226,2.2645
-0.87662,3.9619,5.2133,2.2551
-0.87264,3.9546,5.2039,2.2457
-0.86866,3.9473,5.1946,2.2362
-0.86468,3.94,5.1852,2.2266
-0.8607,3.9327,5.1758,2.217
-0.85672,3.9252,5.1663,2.2073
-0.85274,3.9178,5.1568,2.1977
-0.84876,3.9103,5.1473,2.1879
-0.84478,3.9027,5.1378,2.1781
-0.8408,3.8952,5.1282,2.1683
-0.83682,3.8875,5.1187,2.1584
-0.83284,3.8798,5.109,2.1485
-0.82886,3.8721,5.0994,2.1385
-0.82488,3.8643,5.0897,2.1284
-0.8209,3.8565,5.08,2.1184
-0.81692,3.8486,5.0703,2.1083
-0.81294,3.8407,5.0605,2.0981
-0.80896,3.8327,5.0507,2.0878
-0.80498,3.8246,5.0409,2.0776
-0.801,3.8165,5.0311,2.0673
-0.79702,3.8084,5.0212,2.0569
-0.79304,3.8002,5.0113,2.0465
-0.78906,3.7919,5.0013,2.036
-0.78508,3.7836,4.9913,2.0255
-0.7811,3.7753,4.9813,2.0149
-0.77712,3.7669,4.9713,2.0043
-0.77314,3.7584,4.9612,1.9937
-0.76916,3.7499,4.9511,1.9829
-0.76518,3.7413,4.941,1.9721
-0.7612,3.7326,4.9308,1.9613
-0.75722,3.7239,4.9206,1.9504
-0.75324,3.7151,4.9103,1.9395
-0.74926,3.7063,4.9001,1.9285
-0.74528,3.6974,4.8897,1.9175
-0.7413,3.6884,4.8794,1.9064
-0.73732,3.6794,4.869,1.8953
-0.73334,3.6703,4.8586,1.8841
-0.72936,3.6611,4.8481,1.8728
-0.72538,3.6519,4.8376,1.8615
-0.7214,3.6426,4.8271,1.8502
-0.71742,3.6332,4.8166,1.8387
-0.71344,3.6238,4.8059,1.8273
-0.70946,3.6142,4.7953,1.8158
-0.70548,3.6047,4.7846,1.8042
-0.7015,3.595,4.7739,1.7925
-0.69752,3.5852,4.7631,1.7808
-0.69354,3.5754,4.7523,1.7691
-0.68956,3.5655,4.7415,1.7573
-0.68558,3.5555,4.7306,1.7454
-0.6816,3.5455,4.7197,1.7335
-0.67762,3.5353,4.7087,1.7215
-0.67364,3.5251,4.6977,1.7095
-0.66966,3.5148,4.6867,1.6974
-0.66568,3.5044,4.6756,1.6853
-0.6617,3.4939,4.6645,1.6731
-0.65772,3.4834,4.6533,1.6608
-0.65374,3.4727,4.6421,1.6485
-0.64976,3.4619,4.6308,1.6361
-0.64578,3.4511,4.6195,1.6236
-0.6418,3.4401,4.6081,1.6111
-0.63782,3.4291,4.5967,1.5986
-0.63384,3.4179,4.5853,1.5859
-0.62986,3.4067,4.5738,1.5733
-0.62588,3.3953,4.5623,1.5605
-0.6219,3.3839,4.5507,1.5477
-0.61792,3.3723,4.539,1.5348
-0.61394,3.3607,4.5273,1.5219
-0.60996,3.3489,4.5156,1.5089
-0.60598,3.337,4.5038,1.4959
-0.602,3.325,4.492,1.4828
-0.59802,3.3129,4.4801,1.4696
-0.59404,3.3006,4.4681,1.4563
-0.59006,3.2883,4.4561,1.443
-0.58608,3.2758,4.4441,1.4297
-0.5821,3.2632,4.432,1.4162
-0.57812,3.2504,4.4198,1.4027
-0.57414,3.2375,4.4076,1.3892
-0.57016,3.2245,4.3953,1.3756
-0.56618,3.2114,4.383,1.3619
-0.5622,3.1981,4.3706,1.3481
-0.55822,3.1846,4.3582,1.3343
-0.55424,3.1711,4.3457,1.3204
-0.55026,3.1573,4.3331,1.3065
-0.54628,3.1434,4.3205,1.2925
-0.5423,3.1294,4.3078,1.2784
-0.53832,3.1152,4.2951,1.2642
-0.53434,3.1009,4.2823,1.25
-0.53036,3.0863,4.2694,1.2357
-0.52638,3.0716,4.2565,1.2214
-0.5224,3.0567,4.2435,1.207
-0.51842,3.0417,4.2304,1.1925
-0.51444,3.0264,4.2173,1.1779
-0.51046,3.011,4.2041,1.1633
-0.50648,2.9954,4.1908,1.1486
-0.5025,2.9796,4.1774,1.1339
-0.49852,2.9635,4.164,1.1191
-0.49454,2.9473,4.1506,1.1042
-0.49056,2.9309,4.137,1.0892
-0.48658,2.9142,4.1234,1.0742
-0.4826,2.8973,4.1097,1.0591
-0.47862,2.8802,4.0959,1.044
-0.47464,2.8628,4.082,1.0287
-0.47066,2.8452,4.0681,1.0134
-0.46668,2.8274,4.0541,0.99806
-0.4627,2.8092,4.04,0.98263
-0.45872,2.7909,4.0258,0.96712
-0.45474,2.7722,4.0115,0.95155
-0.45076,2.7533,3.9972,0.93591
-0.44678,2.7341,3.9827,0.9202
-0.4428,2.7145,3.9682,0.90441
-0.43882,2.6947,3.9536,0.88856
-0.43484,2.6745,3.9389,0.87264
-0.43086,2.654,3.9241,0.85665
-0.42688,2.6332,3.9093,0.84059
-0.4229,2.612,3.8943,0.82446
-0.41892,2.5905,3.8792,0.80827
-0.41494,2.5686,3.8641,0.79202
-0.41096,2.5462,3.8488,0.77568
-0.40698,2.5235,3.8334,0.75928
-0.403,2.5004,3.818,0.74281
-0.39902,2.4768,3.8024,0.72628
-0.39504,2.4527,3.7867,0.70967
-0.39106,2.4282,3.7709,0.693
-0.38708,2.4032,3.755,0.67626
-0.3831,2.3777,3.739,0.65945
-0.37912,2.3517,3.7229,0.64259
-0.37514,2.325,3.7067,0.62564
-0.37116,2.2979,3.6903,0.60864
-0.36718,2.2701,3.6739,0.59157
-0.3632,2.2416,3.6573,0.57444
-0.35922,2.2125,3.6405,0.55724
-0.35524,2.1827,3.6237,0.53997
-0.35126,2.1521,3.6067,0.52266
-0.34728,2.1208,3.5896,0.50527
-0.3433,2.0886,3.5724,0.48783
-0.33932,2.0556,3.555,0.47033
-0.33534,2.0216,3.5375,0.45275
-0.33136,1.9867,3.5199,0.43512
-0.32738,1.9507,3.5021,0.41745
-0.3234,1.9136,3.4841,0.3997
-0.31942,1.8753,3.466,0.38192
-0.31544,1.8357,3.4478,0.36405
-0.31146,1.7948,3.4294,0.34615
-0.30748,1.7524,3.4108,0.32821
-0.3035,1.7084,3.3921,0.31019
-0.29952,1.6626,3.3732,0.29214
-0.29554,1.6149,3.3541,0.27404
-0.29156,1.5651,3.3349,0.25589
-0.28758,1.513,3.3154,0.23769
-0.2836,1.4583,3.2958,0.21946
-0.27962,1.4006,3.276,0.2012
-0.27564,1.3396,3.256,0.18288
-0.27166,1.2748,3.2359,0.16453
-0.26768,1.2055,3.2155,0.14615
-0.2637,1.1308,3.1949,0.12774
-0.25972,1.0497,3.1741,0.10931
-0.25574,0.96031,3.153,0.090843
-0.25176,0.86011,3.1318,0.072354
-0.24778,0.74472,3.1103,0.053854
-0.2438,0.60535,3.0886,0.035332
-0.23982,0.41869,3.0666,0.016802
-0.23584,0.01286,3.0444,0.0024049
-0.23186,0.012861,3.0222,0.011563
-0.22788,0.012862,3.0003,0.020585
-0.2239,0.012862,2.9785,0.029468
-0.21992,0.012862,2.9569,0.038226
-0.21594,0.012863,2.9354,0.046853
-0.21196,0.012862,2.9142,0.055353
-0.20798,0.012862,2.8931,0.06373
-0.204,0.012862,2.8723,0.071987
-0.20002,0.012861,2.8516,0.080125
-0.19604,0.01286,2.8311,0.088145
-0.19206,0.012861,2.8107,0.096047
-0.18808,0.012861,2.7906,0.10384
-0.1841,0.012861,2.7706,0.11152
-0.18012,0.012861,2.7508,0.11909
-0.17614,0.01286,2.7311,0.12656
-0.17216,0.01286,2.7116,0.13391
-0.16818,0.012861,2.6922,0.14116
-0.1642,0.012861,2.6731,0.14832
-0.16022,0.012861,2.654,0.15537
-0.15624,0.01286,2.6352,0.16233
-0.15226,0.012863,2.6165,0.16919
-0.14828,0,2.5979,0.17594
-0.1443,0,2.5795,0.18262
-0.14032,0,2.5612,0.18919
-0.13634,0,2.5431,0.19568
-0.13236,0,2.5252,0.20208
-0.12838,0,2.5073,0.20839
-0.1244,0,2.4897,0.21461
-0.12042,0,2.4721,0.22075
-0.11644,0,2.4547,0.22681
-0.11246,0,2.4374,0.23278
-0.10848,0,2.4203,0.23868
-0.1045,0,2.4033,0.2445
-0.10052,0,2.3864,0.25023
-0.09654,0,2.3697,0.25589
-0.09256,0,2.3531,0.26148
-0.08858,0,2.3366,0.26699
-0.0846,0,2.3202,0.27243
-0.08062,0,2.304,0.2778
-0.07664,0,2.2879,0.28309
-0.07266,0,2.2719,0.28832
-0.06868,0,2.2561,0.29348
-0.0647,0,2.2403,0.29857
-0.06072,0,2.2247,0.30359
-0.05674,0,2.2092,0.30855
-0.05276,0,2.1938,0.31345
-0.04878,0,2.1785,0.31828
-0.0448,0,2.1633,0.32304
-0.04082,0,2.1483,0.32775
-0.03684,0,2.1333,0.3324
-0.03286,0,2.1185,0.33698
-0.02888,0,2.1038,0.34151
-0.0249,0,2.0891,0.34598
-0.02092,0,2.0746,0.3504
-0.01694,0,2.0602,0.35475
-0.01296,0,2.0459,0.35905
-0.00898,0,2.0317,0.3633
-0.005,0,2.0176,0.36749
-0.00102,0,2.0036,0.37163
0.00296,0,1.9897,0.37572
0.00694,0,1.9759,0.37975
0.01092,0,1.9621,0.38374
0.0149,0,1.9485,0.38767
0.01888,0,1.935,0.39156
0.02286,0,1.9216,0.3954
0.02684,0,1.9083,0.39919
0.03082,0,1.895,0.40293
0.0348,0,1.8819,0.40663
0.03878,0,1.8688,0.41028
0.04276,0,1.8558,0.41388
0.04674,0,1.843,0.41744
0.05072,0,1.8302,0.42095
0.0547,0,1.8175,0.42443
0.05868,0,1.8049,0.42785
0.06266,0,1.7923,0.43124
0.06664,0,1.7799,0.43458
0.07062,0,1.7675,0.43789
0.0746,0,1.7552,0.44115
0.07858,0,1.743,0.44437
0.08256,0,1.7309,0.44755
0.08654,0,1.7189,0.4507
0.09052,0,1.7069,0.4538
0.0945,0,1.695,0.45687
0.09848,0,1.6832,0.4599
0.10246,0,1.6715,0.46289
0.10644,0,1.6599,0.46584
0.11042,0,1.6483,0.46876
0.1144,0,1.6368,0.47164
0.11838,0,1.6254,0.47449
0.12236,0,1.614,0.4773
0.12634,0,1.6028,0.48008
0.13032,0,1.5916,0.48282
0.1343,0,1.5804,0.48553
0.13828,0,1.5694,0.4882
0.14226,0,1.5584,0.49084
0.14624,0,1.5475,0.49345
0.15022,0,1.5366,0.49603
0.1542,0,1.5259,0.49858
0.15818,0,1.5151,0.50109
0.16216,0,1.5045,0.50357
0.16614,0,1.4939,0.50602
0.17012,0,1.4834,0.50844
0.1741,0,1.473,0.51083
0.17808,0,1.4626,0.51319
0.18206,0,1.4523,0.51553
0.18604,0,1.442,0.51783
0.19002,0,1.4319,0.5201
0.194,0,1.4217,0.52234
0.19798,0,1.4117,0.52456
0.20196,0,1.4017,0.52674
0.20594,0,1.3917,0.5289
0.20992,0,1.3819,0.53103
0.2139,0,1.3721,0.53314
0.21788,0,1.3623,0.53521
0.22186,0,1.3526,0.53726
0.22584,0,1.343,0.53928
0.22982,0,1.3334,0.54128
0.2338,0,1.3239,0.54325
0.23778,0,1.3144,0.54519
0.24176,0,1.305,0.54711
0.24574,0,1.2957,0.549
0.24972,0,1.2864,0.55087
0.2537,0,1.2771,0.55271
0.25768,0,1.2679,0.55452
0.26166,0,1.2588,0.55631
0.26564,0,1.2498,0.55808
0.26962,0,1.2407,0.55982
0.2736,0,1.2318,0.56153
0.27758,0,1.2229,0.56323
0.28156,0,1.214,0.56489
0.28554,0,1.2052,0.56654
0.28952,0,1.1964,0.56816
0.2935,0,1.1877,0.56975
0.29748,0,1.1791,0.57132
0.30146,0,1.1705,0.57287
0.30544,0,1.1619,0.5744
0.30942,0,1.1535,0.5759
0.3134,0,1.145,0.57738
0.31738,0,1.1366,0.57883
0.32136,0,1.1283,0.58026
0.32534,0,1.12,0.58167
0.32932,0,1.1117,0.58306
0.3333,0,1.1035,0.58442
0.33728,0,1.0953,0.58576
0.34126,0,1.0872,0.58708
0.34524,0,1.0792,0.58837
0.34922,0,1.0712,0.58964
0.3532,0,1.0632,0.59089
0.35718,0,1.0553,0.59212
0.36116,0,1.0474,0.59332
0.36514,0,1.0396,0.59451
0.36912,0,1.0318,0.59566
0.3731,0,1.024,0.5968
0.37708,0,1.0163,0.59791
0.38106,0,1.0087,0.59901
0.38504,0,1.0011,0.60008
0.38902,0,0.99352,0.60112
0.393,0,0.98601,0.60215
0.39698,0,0.97853,0.60315
0.40096,0,0.9711,0.60413
0.40494,0,0.96371,0.60509
0.40892,0,0.95636,0.60602
0.4129,0,0.94906,0.60693
0.41688,0,0.9418,0.60782
0.42086,0,0.93458,0.60869
0.42484,0,0.9274,0.60953
0.42882,0,0.92026,0.61036
0.4328,0,0.91316,0.61116
0.43678,0,0.90611,0.61193
0.44076,0,0.8991,0.61269
0.44474,0,0.89212,0.61342
0.44872,0,0.88519,0.61413
0.4527,0,0.8783,0.61481
0.45668,0,0.87144,0.61548
0.46066,0,0.86463,0.61612
0.46464,0,0.85786,0.61673
0.46862,0,0.85112,0.61733
0.4726,0,0.84443,0.6179
0.47658,0,0.83777,0.61845
0.48056,0,0.83115,0.61897
0.48454,0,0.82457,0.61947
0.48852,0,0.81803,0.61995
0.4925,0,0.81153,0.6204
0.49648,0,0.80506,0.62083
0.50046,0,0.79863,0.62124
0.50444,0,0.79225,0.62163
0.50842,0,0.78589,0.62199
0.5124,0,0.77958,0.62232
0.51638,0,0.7733,0.62263
0.52036,0,0.76706,0.62292
0.52434,0,0.76086,0.62318
0.52832,0,0.75469,0.62342
0.5323,0,0.74856,0.62364
0.53628,0,0.74246,0.62383
0.54026,0,0.7364,0.624
0.54424,0,0.73038,0.62414
0.54822,0,0.7244,0.62426
0.5522,0,0.71845,0.62435
0.55618,0,0.71253,0.62442
0.56016,0,0.70665,0.62446
0.56414,0,0.70081,0.62448
0.56812,0,0.695,0.62448
0.5721,0,0.68922,0.62444
0.57608,0,0.68348,0.62439
0.58006,0,0.67778,0.62431
0.58404,0,0.67211,0.6242
0.58802,0,0.66648,0.62407
0.592,0,0.66087,0.62391
0.59598,0,0.65531,0.62373
0.59996,0,0.64978,0.62352
0.60394,0,0.64428,0.62328
0.60792,0,0.63881,0.62303
0.6119,0,0.63338,0.62274
0.61588,0,0.62799,0.62243
0.61986,0,0.62262,0.62209
0.62384,0,0.61729,0.62173
0.62782,0,0.612,0.62134
0.6318,0,0.60673,0.62093
0.63578,0,0.6015,0.62048
0.63976,0,0.59631,0.62002
0.64374,0,0.59114,0.61953
0.64772,0,0.58601,0.61901
0.6517,0,0.58091,0.61846
0.65568,0,0.57585,0.61789
0.65966,0,0.57081,0.61729
0.66364,0,0.56581,0.61667
0.66762,0,0.56084,0.61602
0.6716,0,0.55591,0.61535
0.67558,0,0.551,0.61464
0.67956,0,0.54613,0.61392
0.68354,0,0.54129,0.61316
0.68752,0,0.53648,0.61238
0.6915,0,0.5317,0.61157
0.69548,0,0.52696,0.61074
0.69946,0,0.52224,0.60988
0.70344,0,0.51756,0.609
0.70742,0,0.51291,0.60809
0.7114,0,0.50829,0.60715
0.71538,0,0.5037,0.60619
0.71936,0,0.49914,0.6052
0.72334,0,0.49461,0.60419
0.72732,0,0.49012,0.60315
0.7313,0,0.48565,0.60208
0.73528,0,0.48122,0.60099
0.73926,0,0.47681,0.59987
0.74324,0,0.47244,0.59873
0.74722,0,0.4681,0.59756
0.7512,0,0.46378,0.59637
0.75518,0,0.4595,0.59515
0.75916,0,0.45525,0.59391
0.76314,0,0.45102,0.59264
0.76712,0,0.44683,0.59135
0.7711,0,0.44267,0.59003
0.77508,0,0.43853,0.58869
0.77906,0,0.43443,0.58732
0.78304,0,0.43035,0.58593
0.78702,0,0.42631,0.58452
0.791,0,0.42229,0.58308
0.79498,0,0.41831,0.58161
0.79896,0,0.41435,0.58013
0.80294,0,0.41042,0.57862
0.80692,0,0.40652,0.57708
0.8109,0,0.40265,0.57553
0.81488,0,0.39881,0.57395
0.81886,0,0.395,0.57235
0.82284,0,0.39121,0.57072
0.82682,0,0.38746,0.56907
0.8308,0,0.38373,0.5674
0.83478,0,0.38003,0.56571
0.83876,0,0.37636,0.564
0.84274,0,0.37271,0.56226
0.84672,0,0.3691,0.56051
0.8507,0,0.36551,0.55873
0.85468,0,0.36195,0.55693
0.85866,0,0.35842,0.55511
0.86264,0,0.35491,0.55328
0.86662,0,0.35144,0.55142
0.8706,0,0.34799,0.54954
0.87458,0,0.34456,0.54764
0.87856,0,0.34117,0.54572
0.88254,0,0.3378,0.54378
0.88652,0,0.33446,0.54183
0.8905,0,0.33114,0.53985
0.89448,0,0.32785,0.53786
0.89846,0,0.32459,0.53585
0.90244,0,0.32136,0.53382
0.90642,0,0.31815,0.53178
0.9104,0,0.31496,0.52971
0.91438,0,0.31181,0.52763
0.91836,0,0.30868,0.52554
0.92234,0,0.30557,0.52343
0.92632,0,0.30249,0.5213
0.9303,0,0.29944,0.51915
0.93428,0,0.29641,0.51699
0.93826,0,0.29341,0.51482
0.94224,0,0.29043,0.51263
0.94622,0,0.28748,0.51043
0.9502,0,0.28455,0.50821
0.95418,0,0.28165,0.50598
0.95816,0,0.27877,0.50373
0.96214,0,0.27592,0.50148
0.96612,0,0.27309,0.49921
0.9701,0,0.27029,0.49692
0.97408,0,0.26751,0.49463
0.97806,0,0.26476,0.49232
0.98204,0,0.26203,0.49
0.98602,0,0.25932,0.48768
0.99,0,0.25664,0.48534
