-1,3.7309,2.5243,0.93497
-0.99602,3.732,2.5331,0.91201
-0.99204,3.733,2.5418,0.88978
-0.98806,3.734,2.5503,0.86826
-0.98408,3.7351,2.5588,0.84741
-0.9801,3.7361,2.5672,0.82721
-0.97612,3.737,2.5754,0.80763
-0.97214,3.738,2.5836,0.78864
-0.96816,3.739,2.5916,0.77023
-0.96418,3.7399,2.5996,0.75236
-0.9602,3.7408,2.6074,0.73503
-0.95622,3.7418,2.6151,0.71821
-0.95224,3.7427,2.6228,0.70188
-0.94826,3.7435,2.6303,0.68602
-0.94428,3.7444,2.6377,0.67062
-0.9403,3.7453,2.6451,0.65565
-0.93632,3.7461,2.6523,0.64111
-0.93234,3.747,2.6594,0.62698
-0.92836,3.7478,2.6665,0.61324
-0.92438,3.7486,2.6734,0.59988
-0.9204,3.7494,2.6803,0.58689
-0.91642,3.7501,2.687,0.57426
-0.91244,3.7509,2.6937,0.56197
-0.90846,3.7516,2.7002,0.55
-0.90448,3.7524,2.7067,0.53836
-0.9005,3.7531,2.7131,0.52703
-0.89652,3.7538,2.7194,0.516
-0.89254,3.7545,2.7256,0.50525
-0.88856,3.7551,2.7317,0.49479
-0.88458,3.7558,2.7377,0.4846
-0.8806,3.7564,2.7436,0.47467
-0.87662,3.7571,2.7495,0.46489
-0.87264,3.7578,2.7553,0.45532
-0.86866,3.7585,2.7609,0.44601
-0.86468,3.7591,2.7665,0.43694
-0.8607,3.7597,2.772,0.4281
-0.85672,3.7603,2.7775,0.4195
-0.85274,3.7609,2.7828,0.41112
-0.84876,3.7615,2.7881,0.40295
-0.84478,3.762,2.7932,0.395
-0.8408,3.7626,2.7983,0.38724
-0.83682,3.7631,2.8033,0.37968
-0.83284,3.7635,2.8083,0.37231
-0.82886,3.764,2.8131,0.36512
-0.82488,3.7644,2.8179,0.3581
-0.8209,3.7649,2.8226,0.35126
-0.81692,3.7652,2.8273,0.34459
-0.81294,3.7656,2.8318,0.33808
-0.80896,3.7659,2.8363,0.33172
-0.80498,3.7663,2.8407,0.32552
-0.801,3.7666,2.845,0.31946
-0.79702,3.7668,2.8493,0.31355
-0.79304,3.7671,2.8534,0.30778
-0.78906,3.7673,2.8576,0.30214
-0.78508,3.7675,2.8616,0.29663
-0.7811,3.7677,2.8656,0.29125
-0.77712,3.7678,2.8695,0.28599
-0.77314,3.7679,2.8733,0.28085
-0.76916,3.768,2.877,0.27583
-0.76518,3.768,2.8807,0.27092
-0.7612,3.7681,2.8844,0.26613
-0.75722,3.7681,2.8879,0.26144
-0.75324,3.768,2.8914,0.25685
-0.74926,3.768,2.8948,0.25237
-0.74528,3.7679,2.8982,0.24798
-0.7413,3.7678,2.9015,0.24369
-0.73732,3.7676,2.9047,0.23949
-0.73334,3.7674,2.9079,0.23539
-0.72936,3.7672,2.911,0.23137
-0.72538,3.7669,2.914,0.22744
-0.7214,3.7666,2.917,0.22359
-0.71742,3.7663,2.9199,0.21983
-0.71344,3.7659,2.9227,0.21614
-0.70946,3.7655,2.9255,0.21253
-0.70548,3.7651,2.9282,0.20899
-0.7015,3.7646,2.9309,0.20553
-0.69752,3.7641,2.9335,0.20214
-0.69354,3.7635,2.9361,0.19882
-0.68956,3.7629,2.9385,0.19557
-0.68558,3.7623,2.941,0.19238
-0.6816,3.7616,2.9433,0.18926
-0.67762,3.7609,2.9456,0.18619
-0.67364,3.7601,2.9479,0.18319
-0.66966,3.7593,2.9501,0.18025
-0.66568,3.7584,2.9522,0.17737
-0.6617,3.7575,2.9543,0.17454
-0.65772,3.7566,2.9563,0.17177
-0.65374,3.7556,2.9583,0.16903
-0.64976,3.7546,2.9602,0.16634
-0.64578,3.7536,2.9621,0.16371
-0.6418,3.7525,2.9639,0.16112
-0.63782,3.7513,2.9656,0.15859
-0.63384,3.7501,2.9673,0.1561
-0.62986,3.7489,2.9689,0.15365
-0.62588,3.7476,2.9705,0.15126
-0.6219,3.7462,2.972,0.14891
-0.61792,3.7448,2.9735,0.1466
-0.61394,3.7433,2.9749,0.14433
-0.60996,3.7418,2.9763,0.1421
-0.60598,3.7402,2.9776,0.13992
-0.602,3.7385,2.9788,0.13777
-0.59802,3.7367,2.98,0.13566
-0.59404,3.7349,2.9812,0.13359
-0.59006,3.7331,2.9823,0.13155
-0.58608,3.7311,2.9833,0.12955
-0.5821,3.7291,2.9843,0.12759
-0.57812,3.727,2.9852,0.12566
-0.57414,3.7249,2.9861,0.12375
-0.57016,3.7227,2.9869,0.12187
-0.56618,3.7205,2.9877,0.12001
-0.5622,3.7182,2.9884,0.11819
-0.55822,3.7157,2.9891,0.11642
-0.55424,3.7133,2.9897,0.11466
-0.55026,3.7108,2.9903,0.11292
-0.54628,3.7082,2.9908,0.11121
-0.5423,3.7055,2.9913,0.10953
-0.53832,3.7027,2.9917,0.10787
-0.53434,3.6998,2.992,0.10624
-0.53036,3.6969,2.9923,0.10464
-0.52638,3.6938,2.9926,0.10306
-0.5224,3.6907,2.9927,0.1015
-0.51842,3.6875,2.9929,0.099966
-0.51444,3.6842,2.993,0.098448
-0.51046,3.6808,2.993,0.096952
-0.50648,3.6773,2.993,0.095478
-0.5025,3.6738,2.9929,0.094026
-0.49852,3.6701,2.9928,0.092595
-0.49454,3.6663,2.9926,0.091184
-0.49056,3.6623,2.9923,0.089793
-0.48658,3.6584,2.992,0.088414
-0.4826,3.6543,2.9917,0.087055
-0.47862,3.6501,2.9913,0.085714
-0.47464,3.6458,2.9908,0.084392
-0.47066,3.6413,2.9903,0.083087
-0.46668,3.6367,2.9897,0.081799
-0.4627,3.6321,2.9891,0.080523
-0.45872,3.6273,2.9884,0.079264
-0.45474,3.6224,2.9876,0.07802
-0.45076,3.6173,2.9868,0.076792
-0.44678,3.6121,2.9859,0.07558
-0.4428,3.6068,2.985,0.074379
-0.43882,3.6013,2.984,0.073192
-0.43484,3.5957,2.9829,0.072019
-0.43086,3.5899,2.9818,0.07086
-0.42688,3.584,2.9806,0.069714
-0.4229,3.578,2.9794,0.068579
-0.41892,3.5717,2.9781,0.067456
-0.41494,3.5654,2.9767,0.066346
-0.41096,3.5588,2.9753,0.065248
-0.40698,3.5521,2.9737,0.06416
-0.403,3.5452,2.9722,0.063083
-0.39902,3.5381,2.9705,0.062017
-0.39504,3.5308,2.9688,0.060962
-0.39106,3.5234,2.967,0.059917
-0.38708,3.5157,2.9652,0.058882
-0.3831,3.5079,2.9633,0.057856
-0.37912,3.4998,2.9613,0.05684
-0.37514,3.4915,2.9592,0.055833
-0.37116,3.483,2.957,0.054836
-0.36718,3.4743,2.9548,0.053847
-0.3632,3.4653,2.9525,0.052866
-0.35922,3.4561,2.9501,0.051894
-0.35524,3.4467,2.9477,0.05093
-0.35126,3.437,2.9451,0.049974
-0.34728,3.427,2.9425,0.049026
-0.3433,3.4167,2.9398,0.048085
-0.33932,3.4062,2.9369,0.047152
-0.33534,3.3953,2.9341,0.046226
-0.33136,3.3842,2.9311,0.045307
-0.32738,3.3727,2.928,0.044394
-0.3234,3.3609,2.9248,0.043488
-0.31942,3.3488,2.9215,0.042589
-0.31544,3.3363,2.9182,0.041696
-0.31146,3.3235,2.9147,0.040809
-0.30748,3.3103,2.9111,0.039927
-0.3035,3.2967,2.9074,0.039053
-0.29952,3.2826,2.9037,0.038182
-0.29554,3.2682,2.8997,0.037318
-0.29156,3.2533,2.8957,0.036459
-0.28758,3.238,2.8916,0.035605
-0.2836,3.2222,2.8873,0.034757
-0.27962,3.2058,2.883,0.033912
-0.27564,3.189,2.8785,0.033074
-0.27166,3.1716,2.8738,0.032239
-0.26768,3.1536,2.869,0.031408
-0.2637,3.135,2.8641,0.030583
-0.25972,3.1158,2.8591,0.029762
-0.25574,3.096,2.8539,0.028944
-0.25176,3.0755,2.8485,0.028131
-0.24778,3.0542,2.843,0.027321
-0.2438,3.0322,2.8374,0.026515
-0.23982,3.0093,2.8315,0.025713
-0.23584,2.9856,2.8255,0.024914
-0.23186,2.961,2.8193,0.024118
-0.22788,2.9355,2.8129,0.023326
-0.2239,2.909,2.8064,0.022538
-0.21992,2.8814,2.7996,0.021752
-0.21594,2.8527,2.7927,0.020969
-0.21196,2.8228,2.7855,0.020189
-0.20798,2.7916,2.7781,0.019412
-0.204,2.759,2.7705,0.018637
-0.20002,2.7249,2.7626,0.017865
-0.19604,2.6894,2.7545,0.017097
-0.19206,2.652,2.7461,0.016329
-0.18808,2.6129,2.7375,0.015564
-0.1841,2.5718,2.7285,0.014803
-0.18012,2.5285,2.7193,0.014043
-0.17614,2.4829,2.7098,0.013285
-0.17216,2.4348,2.6999,0.012529
-0.16818,2.3838,2.6897,0.011775
-0.1642,2.3298,2.6792,0.011024
-0.16022,2.2723,2.6682,0.010274
-0.15624,2.211,2.6569,0.0095265
-0.15226,2.1454,2.6452,0.00878
-0.14828,2.0749,2.633,0.0080364
-0.1443,1.9988,2.6204,0.0072942
-0.14032,1.9163,2.6073,0.0065539
-0.13634,1.8262,2.5937,0.0058154
-0.13236,1.7271,2.5795,0.0050792
-0.12838,1.6169,2.5647,0.0043445
-0.1244,1.4929,2.5493,0.0036118
-0.12042,1.3506,2.5333,0.0028812
-0.11644,1.1829,2.5166,0.0021527
-0.11246,0.97614,2.4991,0.0014267
-0.10848,0.6947,2.4808,0.00070297
-0.1045,0.01386,2.4616,3.1525e-05
-0.10052,0,2.4421,0.00039709
-0.09654,0,2.4227,0.00077368
-0.09256,0,2.4035,0.0011616
-0.08858,0,2.3845,0.001561
-0.0846,0,2.3656,0.0019723
-0.08062,0,2.3469,0.0023958
-0.07664,0,2.3284,0.0028317
-0.07266,0,2.31,0.0032803
-0.06868,0,2.2918,0.003742
-0.0647,0,2.2737,0.0042171
-0.06072,0,2.2558,0.0047059
-0.05674,0,2.2381,0.0052087
-0.05276,0,2.2204,0.005726
-0.04878,0,2.203,0.006258
-0.0448,0,2.1856,0.0068051
-0.04082,0,2.1685,0.0073677
-0.03684,0,2.1514,0.0079462
-0.03286,0,2.1345,0.0085409
-0.02888,0,2.1177,0.0091523
-0.0249,0,2.1011,0.0097808
-0.02092,0,2.0846,0.010427
-0.01694,0,2.0682,0.011091
-0.01296,0,2.052,0.011773
-0.00898,0,2.0359,0.012474
-0.005,0,2.0199,0.013195
-0.00102,0,2.004,0.013935
0.00296,0,1.9883,0.014696
0.00694,0,1.9727,0.015478
0.01092,0,1.9572,0.016281
0.0149,0,1.9419,0.017106
0.01888,0,1.9266,0.017953
0.02286,0,1.9115,0.018823
0.02684,0,1.8965,0.019717
0.03082,0,1.8816,0.020635
0.0348,0,1.8668,0.021578
0.03878,0,1.8521,0.022547
0.04276,0,1.8375,0.023541
0.04674,0,1.8231,0.024563
0.05072,0,1.8088,0.025612
0.0547,0,1.7945,0.026689
0.05868,0,1.7804,0.027795
0.06266,0,1.7664,0.02893
0.06664,0,1.7524,0.030097
0.07062,0,1.7386,0.031294
0.0746,0,1.7249,0.032523
0.07858,0,1.7113,0.033786
0.08256,0,1.6978,0.035082
0.08654,0,1.6843,0.036412
0.09052,0,1.671,0.037779
0.0945,0,1.6578,0.039182
0.09848,0,1.6447,0.040622
0.10246,0,1.6316,0.0421
0.10644,0,1.6187,0.043619
0.11042,0,1.6058,0.045177
0.1144,0,1.5931,0.046777
0.11838,0,1.5804,0.04842
0.12236,0,1.5678,0.050107
0.12634,0,1.5553,0.051839
0.13032,0,1.5429,0.053617
0.1343,0,1.5306,0.055443
0.13828,0,1.5184,0.057318
0.14226,0,1.5062,0.059242
0.14624,0,1.4941,0.061218
0.15022,0,1.4822,0.063247
0.1542,0,1.4702,0.065331
0.15818,0,1.4584,0.06747
0.16216,0,1.4467,0.069667
0.16614,0,1.435,0.071922
0.17012,0,1.4234,0.074239
0.1741,0,1.4119,0.076617
0.17808,0,1.4005,0.07906
0.18206,0,1.3892,0.081568
0.18604,0,1.3779,0.084144
0.19002,0,1.3667,0.08679
0.194,0,1.3555,0.089507
0.19798,0,1.3445,0.092298
0.20196,0,1.3335,0.095165
0.20594,0,1.3226,0.098109
0.20992,0,1.3118,0.10113
0.2139,0,1.301,0.10424
0.21788,0,1.2903,0.10743
0.22186,0,1.2797,0.11071
0.22584,0,1.2691,0.11408
0.22982,0,1.2586,0.11754
0.2338,0,1.2482,0.1211
0.23778,0,1.2378,0.12475
0.24176,0,1.2275,0.12851
0.24574,0,1.2173,0.13236
0.24972,0,1.2071,0.13633
0.2537,0,1.197,0.1404
0.25768,0,1.187,0.14459
0.26166,0,1.177,0.1489
0.26564,0,1.1671,0.15332
0.26962,0,1.1573,0.15787
0.2736,0,1.1475,0.16254
0.27758,0,1.1378,0.16735
0.28156,0,1.1281,0.17229
0.28554,0,1.1185,0.17738
0.28952,0,1.1089,0.1826
0.2935,0,1.0994,0.18798
0.29748,0,1.09,0.1935
0.30146,0,1.0806,0.19919
0.30544,0,1.0713,0.20503
0.30942,0,1.0621,0.21105
0.3134,0,1.0528,0.21724
0.31738,0,1.0437,0.2236
0.32136,0,1.0346,0.23015
0.32534,0,1.0256,0.23689
0.32932,0,1.0166,0.24383
0.3333,0,1.0076,0.25096
0.33728,0,0.99875,0.25831
0.34126,0,0.98992,0.26587
0.34524,0,0.98114,0.27366
0.34922,0,0.97241,0.28167
0.3532,0,0.96373,0.28992
0.35718,0,0.95511,0.29842
0.36116,0,0.94653,0.30717
0.36514,0,0.93801,0.31619
0.36912,0,0.92953,0.32547
0.3731,0,0.9211,0.33503
0.37708,0,0.91272,0.34488
0.38106,0,0.90439,0.35504
0.38504,0,0.89611,0.3655
0.38902,0,0.88787,0.37628
0.393,0,0.87968,0.38739
0.39698,0,0.87153,0.39884
0.40096,0,0.86344,0.41065
0.40494,0,0.85538,0.42283
0.40892,0,0.84738,0.43538
0.4129,0,0.83941,0.44833
0.41688,0,0.8315,0.46168
0.42086,0,0.82362,0.47546
0.42484,0,0.81579,0.48967
0.42882,0,0.808,0.50434
0.4328,0,0.80026,0.51947
0.43678,0,0.79256,0.53509
0.44076,0,0.7849,0.55122
0.44474,0,0.77728,0.56787
0.44872,0,0.76971,0.58506
0.4527,0,0.76217,0.60281
0.45668,0,0.75468,0.62114
0.46066,0,0.74723,0.64008
0.46464,0,0.73981,0.65965
0.46862,0,0.73244,0.67987
0.4726,0,0.72511,0.70077
0.47658,0,0.71782,0.72237
0.48056,0,0.71056,0.7447
0.48454,0,0.70334,0.76779
0.48852,0,0.69617,0.79167
0.4925,0,0.68903,0.81637
0.49648,0,0.68193,0.84192
0.50046,0,0.67486,0.86837
0.50444,0,0.66783,0.89573
0.50842,0,0.66084,0.92406
0.5124,0,0.65389,0.95338
0.51638,0,0.64697,0.98375
0.52036,0,0.64009,1.0152
0.52434,0,0.63325,1.0478
0.52832,0,0.62644,1.0815
0.5323,0,0.61966,1.1165
0.53628,0,0.61292,1.1528
0.54026,0,0.60621,1.1904
0.54424,0,0.59954,1.2294
0.54822,0,0.59291,1.2698
0.5522,0,0.5863,1.3118
0.55618,0,0.57973,1.3553
0.56016,0,0.5732,1.4005
0.56414,0,0.56669,1.4474
0.56812,0,0.56022,1.4961
0.5721,0,0.55379,1.5467
0.57608,0,0.54738,1.5993
0.58006,0,0.54101,1.6539
0.58404,0,0.53467,1.7107
0.58802,0,0.52836,1.7698
0.592,0,0.52208,1.8312
0.59598,0,0.51583,1.8951
0.59996,0,0.50962,1.9616
0.60394,0,0.50343,2.0308
0.60792,0,0.49728,2.1029
0.6119,0,0.49115,2.178
0.61588,0,0.48506,2.2562
0.61986,0,0.47899,2.3377
0.62384,0,0.47296,2.4227
0.62782,0,0.46695,2.5113
0.6318,0,0.46098,2.6038
0.63578,0,0.45503,2.7003
0.63976,0,0.44911,2.801
0.64374,0,0.44322,2.9062
0.64772,0,0.43736,3.0161
0.6517,0,0.43152,3.131
0.65568,0,0.42572,3.2511
0.65966,0,0.41994,3.3767
0.66364,0,0.41419,3.5081
0.66762,0,0.40847,3.6456
0.6716,0,0.40277,3.7897
0.67558,0,0.3971,3.9406
0.67956,0,0.39146,4.0987
0.68354,0,0.38585,4.2645
0.68752,0,0.38026,4.4385
0.6915,0,0.3747,4.621
0.69548,0,0.36916,4.8127
0.69946,0,0.36365,5.014
0.70344,0,0.35816,5.2256
0.70742,0,0.35271,5.4482
0.7114,0,0.34727,5.6823
0.71538,0,0.34186,5.9287
0.71936,0,0.33648,6.1883
0.72334,0,0.33112,6.4619
0.72732,0,0.32579,6.7503
0.7313,0,0.32048,7.0547
0.73528,0,0.31519,7.376
0.73926,0,0.30993,7.7155
0.74324,0,0.3047,8.0743
0.74722,0,0.29948,8.4539
0.7512,0,0.2943,8.8557
0.75518,0,0.28913,9.2814
0.75916,0,0.28399,9.7326
0.76314,0,0.27887,10.211
0.76712,0,0.27378,10.719
0.7711,0,0.26871,11.259
0.77508,0,0.26366,11.834
0.77906,0,0.25863,12.445
0.78304,0,0.25363,13.096
0.78702,0,0.24865,13.79
0.791,0,0.24369,14.531
0.79498,0,0.23875,15.323
0.79896,0,0.23384,16.169
0.80294,0,0.22895,17.076
0.80692,0,0.22408,18.047
0.8109,0,0.21923,19.089
0.81488,0,0.2144,20.208
0.81886,0,0.2096,21.411
0.82284,0,0.20482,22.707
0.82682,0,0.20005,24.105
0.8308,0,0.19531,25.614
0.83478,0,0.19059,27.245
0.83876,0,0.1859,29.012
0.84274,0,0.18122,30.928
0.84672,0,0.17657,33.009
0.8507,0,0.17193,35.274
0.85468,0,0.16732,37.743
0.85866,0,0.16273,40.44
0.86264,0,0.15815,43.392
0.86662,0,0.1536,46.628
0.8706,0,0.14907,50.186
0.87458,0,0.14457,54.104
0.87856,0,0.14008,58.431
0.88254,0,0.13561,63.222
0.88652,0,0.13117,68.54
0.8905,0,0.12675,74.462
0.89448,0,0.12235,81.075
0.89846,0,0.11797,88.485
0.90244,0,0.11361,96.817
0.90642,0,0.10928,106.22
0.9104,0,0.10497,116.88
0.91438,0,0.10068,129.01
0.91836,0,0.09642,142.88
0.92234,0,0.092185,158.81
0.92632,0,0.087976,177.23
0.9303,0,0.083797,198.63
0.93428,0,0.079647,223.65
0.93826,0,0.07553,253.12
0.94224,0,0.071448,288.07
0.94622,0,0.067405,329.87
0.9502,0,0.063403,380.28
0.95418,0,0.059448,441.66
0.95816,0,0.055545,517.16
0.96214,0,0.0517,611.05
0.96612,0,0.047922,729.19
0.9701,0,0.044218,879.71
0.97408,0,0.0406,1074.1
0.97806,0,0.037077,1328.7
0.98204,0,0.033664,1667.2
0.98602,0,0.030374,2124.3
0.99,0,0.02722,2751.5
