-1,3.9802,2.7416,0.38261
-0.99602,3.9803,2.7467,0.37724
-0.99204,3.9804,2.7517,0.37196
-0.98806,3.9804,2.7567,0.36678
-0.98408,3.9804,2.7617,0.36167
-0.9801,3.9805,2.7666,0.35666
-0.97612,3.9805,2.7715,0.35172
-0.97214,3.9805,2.7763,0.34687
-0.96816,3.9804,2.7811,0.3421
-0.96418,3.9804,2.7858,0.3374
-0.9602,3.9803,2.7905,0.33278
-0.95622,3.9802,2.7951,0.32824
-0.95224,3.9801,2.7997,0.32377
-0.94826,3.98,2.8043,0.31937
-0.94428,3.9799,2.8088,0.31504
-0.9403,3.9798,2.8132,0.31079
-0.93632,3.9796,2.8176,0.3066
-0.93234,3.9794,2.822,0.30247
-0.92836,3.9792,2.8264,0.29842
-0.92438,3.979,2.8306,0.29442
-0.9204,3.9788,2.8349,0.29049
-0.91642,3.9785,2.8391,0.28662
-0.91244,3.9782,2.8432,0.28281
-0.90846,3.9779,2.8474,0.27906
-0.90448,3.9776,2.8514,0.27536
-0.9005,3.9773,2.8555,0.27171
-0.89652,3.977,2.8594,0.26811
-0.89254,3.9766,2.8634,0.26457
-0.88856,3.9763,2.8673,0.26109
-0.88458,3.9759,2.8711,0.25765
-0.8806,3.9755,2.8749,0.25427
-0.87662,3.975,2.8787,0.25094
-0.87264,3.9746,2.8824,0.24766
-0.86866,3.9741,2.8861,0.24443
-0.86468,3.9736,2.8898,0.24125
-0.8607,3.9731,2.8933,0.23812
-0.85672,3.9725,2.8969,0.23503
-0.85274,3.9719,2.9004,0.23199
-0.84876,3.9714,2.9039,0.22899
-0.84478,3.9707,2.9073,0.22604
-0.8408,3.9701,2.9107,0.22313
-0.83682,3.9694,2.914,0.22027
-0.83284,3.9687,2.9173,0.21744
-0.82886,3.968,2.9206,0.21466
-0.82488,3.9673,2.9238,0.21192
-0.8209,3.9665,2.927,0.20922
-0.81692,3.9657,2.9301,0.20656
-0.81294,3.9649,2.9332,0.20393
-0.80896,3.964,2.9362,0.20135
-0.80498,3.9631,2.9392,0.1988
-0.801,3.9622,2.9422,0.19629
-0.79702,3.9613,2.9451,0.19381
-0.79304,3.9603,2.948,0.19137
-0.78906,3.9593,2.9508,0.18896
-0.78508,3.9583,2.9536,0.18659
-0.7811,3.9572,2.9564,0.18425
-0.77712,3.9561,2.9591,0.18194
-0.77314,3.955,2.9617,0.17967
-0.76916,3.9538,2.9644,0.17743
-0.76518,3.9526,2.967,0.17521
-0.7612,3.9514,2.9695,0.17303
-0.75722,3.9501,2.972,0.17088
-0.75324,3.9488,2.9745,0.16876
-0.74926,3.9474,2.9769,0.16667
-0.74528,3.9461,2.9792,0.1646
-0.7413,3.9447,2.9816,0.16255
-0.73732,3.9433,2.9839,0.16052
-0.73334,3.9419,2.9861,0.15852
-0.72936,3.9404,2.9883,0.15655
-0.72538,3.9389,2.9905,0.1546
-0.7214,3.9374,2.9926,0.15268
-0.71742,3.9358,2.9947,0.15079
-0.71344,3.9342,2.9967,0.14892
-0.70946,3.9325,2.9987,0.14708
-0.70548,3.9308,3.0007,0.14526
-0.7015,3.929,3.0026,0.14346
-0.69752,3.9272,3.0045,0.14169
-0.69354,3.9253,3.0063,0.13995
-0.68956,3.9234,3.0081,0.13822
-0.68558,3.9215,3.0098,0.13652
-0.6816,3.9195,3.0115,0.13484
-0.67762,3.9174,3.0132,0.13318
-0.67364,3.9153,3.0148,0.13154
-0.66966,3.9132,3.0164,0.12992
-0.66568,3.9111,3.0179,0.1283
-0.6617,3.9089,3.0194,0.12671
-0.65772,3.9067,3.0209,0.12514
-0.65374,3.9044,3.0223,0.12359
-0.64976,3.9021,3.0236,0.12206
-0.64578,3.8997,3.025,0.12055
-0.6418,3.8972,3.0262,0.11906
-0.63782,3.8947,3.0275,0.11759
-0.63384,3.8921,3.0287,0.11613
-0.62986,3.8895,3.0298,0.11469
-0.62588,3.8868,3.0309,0.11327
-0.6219,3.884,3.032,0.11187
-0.61792,3.8813,3.033,0.11048
-0.61394,3.8785,3.034,0.1091
-0.60996,3.8756,3.0349,0.10773
-0.60598,3.8726,3.0358,0.10638
-0.602,3.8696,3.0366,0.10505
-0.59802,3.8665,3.0374,0.10374
-0.59404,3.8634,3.0381,0.10244
-0.59006,3.8601,3.0388,0.10115
-0.58608,3.8568,3.0395,0.099883
-0.5821,3.8534,3.0401,0.098628
-0.57812,3.85,3.0407,0.097383
-0.57414,3.8466,3.0412,0.096148
-0.57016,3.843,3.0417,0.094927
-0.56618,3.8394,3.0421,0.09372
-0.5622,3.8357,3.0425,0.092526
-0.55822,3.8319,3.0428,0.091346
-0.55424,3.828,3.0431,0.090178
-0.55026,3.824,3.0433,0.089023
-0.54628,3.82,3.0435,0.087881
-0.5423,3.8159,3.0437,0.086745
-0.53832,3.8118,3.0438,0.085622
-0.53434,3.8075,3.0438,0.08451
-0.53036,3.8031,3.0438,0.083411
-0.52638,3.7987,3.0438,0.082322
-0.5224,3.7941,3.0436,0.081245
-0.51842,3.7894,3.0435,0.080179
-0.51444,3.7847,3.0433,0.079121
-0.51046,3.7799,3.043,0.078072
-0.50648,3.775,3.0427,0.077034
-0.5025,3.77,3.0424,0.076006
-0.49852,3.7648,3.0419,0.074988
-0.49454,3.7596,3.0415,0.07398
-0.49056,3.7542,3.041,0.07298
-0.48658,3.7488,3.0404,0.071989
-0.4826,3.7433,3.0398,0.071007
-0.47862,3.7376,3.0391,0.070034
-0.47464,3.7318,3.0383,0.06907
-0.47066,3.7258,3.0375,0.068114
-0.46668,3.7198,3.0367,0.067166
-0.4627,3.7136,3.0358,0.066226
-0.45872,3.7073,3.0348,0.065294
-0.45474,3.7009,3.0338,0.06437
-0.45076,3.6943,3.0327,0.063454
-0.44678,3.6876,3.0315,0.062545
-0.4428,3.6808,3.0303,0.061643
-0.43882,3.6738,3.0291,0.060749
-0.43484,3.6666,3.0277,0.059862
-0.43086,3.6593,3.0263,0.058982
-0.42688,3.6519,3.0249,0.058108
-0.4229,3.6443,3.0233,0.057242
-0.41892,3.6365,3.0218,0.056381
-0.41494,3.6285,3.0201,0.055528
-0.41096,3.6204,3.0184,0.05468
-0.40698,3.6121,3.0166,0.053839
-0.403,3.6036,3.0147,0.053004
-0.39902,3.5949,3.0128,0.052174
-0.39504,3.586,3.0108,0.051351
-0.39106,3.5769,3.0087,0.050533
-0.38708,3.5677,3.0065,0.049721
-0.3831,3.5582,3.0043,0.048914
-0.37912,3.5484,3.002,0.048113
-0.37514,3.5385,2.9996,0.047316
-0.37116,3.5283,2.9971,0.046525
-0.36718,3.5179,2.9946,0.045739
-0.3632,3.5072,2.9919,0.044957
-0.35922,3.4963,2.9892,0.044181
-0.35524,3.4851,2.9864,0.043409
-0.35126,3.4737,2.9835,0.042641
-0.34728,3.4619,2.9806,0.041878
-0.3433,3.4499,2.9775,0.041119
-0.33932,3.4376,2.9743,0.040365
-0.33534,3.425,2.9711,0.039614
-0.33136,3.412,2.9677,0.038867
-0.32738,3.3987,2.9643,0.038125
-0.3234,3.3851,2.9607,0.037386
-0.31942,3.3711,2.9571,0.036651
-0.31544,3.3567,2.9533,0.035919
-0.31146,3.342,2.9494,0.035191
-0.30748,3.3269,2.9454,0.034466
-0.3035,3.3113,2.9413,0.033744
-0.29952,3.2954,2.9371,0.033026
-0.29554,3.2789,2.9328,0.03231
-0.29156,3.262,2.9284,0.031597
-0.28758,3.2447,2.9238,0.030888
-0.2836,3.2267,2.9191,0.030181
-0.27962,3.2083,2.9142,0.029476
-0.27564,3.1894,2.9093,0.028775
-0.27166,3.1698,2.9041,0.028075
-0.26768,3.1497,2.8989,0.027378
-0.2637,3.1289,2.8935,0.026683
-0.25972,3.1075,2.8879,0.02599
-0.25574,3.0854,2.8822,0.025299
-0.25176,3.0625,2.8763,0.02461
-0.24778,3.0389,2.8703,0.023923
-0.2438,3.0145,2.8641,0.023238
-0.23982,2.9892,2.8577,0.022554
-0.23584,2.963,2.8511,0.021871
-0.23186,2.9359,2.8444,0.02119
-0.22788,2.9078,2.8374,0.02051
-0.2239,2.8787,2.8303,0.019831
-0.21992,2.8484,2.8229,0.019153
-0.21594,2.8169,2.8153,0.018477
-0.21196,2.7841,2.8075,0.0178
-0.20798,2.75,2.7995,0.017125
-0.204,2.7145,2.7912,0.01645
-0.20002,2.6773,2.7826,0.015775
-0.19604,2.6386,2.7738,0.015101
-0.19206,2.598,2.7648,0.014427
-0.18808,2.5555,2.7554,0.013753
-0.1841,2.5108,2.7458,0.013078
-0.18012,2.4639,2.7358,0.012404
-0.17614,2.4144,2.7255,0.011728
-0.17216,2.3622,2.7149,0.011052
-0.16818,2.307,2.7039,0.010376
-0.1642,2.2485,2.6926,0.0096987
-0.16022,2.1862,2.6808,0.00902
-0.15624,2.1198,2.6687,0.0083404
-0.15226,2.0486,2.6561,0.0076592
-0.14828,1.972,2.6431,0.0069762
-0.1443,1.8892,2.6296,0.0062918
-0.14032,1.799,2.6156,0.0056049
-0.13634,1.7001,2.601,0.0049159
-0.13236,1.5906,2.5859,0.0042243
-0.12838,1.4678,2.5702,0.0035297
-0.1244,1.3275,2.5539,0.0028324
-0.12042,1.163,2.5369,0.0021315
-0.11644,0.96119,2.5191,0.0014272
-0.11246,0.68902,2.5006,0.0007188
-0.10848,0.012406,2.4813,2.0515e-05
-0.1045,0,2.4616,0.00038302
-0.10052,0,2.4421,0.00075594
-0.09654,0,2.4227,0.0011395
-0.09256,0,2.4035,0.001534
-0.08858,0,2.3845,0.0019396
-0.0846,0,2.3656,0.0023566
-0.08062,0,2.3469,0.0027853
-0.07664,0,2.3284,0.003226
-0.07266,0,2.31,0.0036789
-0.06868,0,2.2918,0.0041442
-0.0647,0,2.2737,0.0046225
-0.06072,0,2.2558,0.0051138
-0.05674,0,2.2381,0.0056185
-0.05276,0,2.2204,0.006137
-0.04878,0,2.203,0.0066695
-0.0448,0,2.1856,0.0072164
-0.04082,0,2.1685,0.007778
-0.03684,0,2.1514,0.0083547
-0.03286,0,2.1345,0.0089469
-0.02888,0,2.1177,0.0095548
-0.0249,0,2.1011,0.010179
-0.02092,0,2.0846,0.01082
-0.01694,0,2.0682,0.011477
-0.01296,0,2.052,0.012152
-0.00898,0,2.0359,0.012845
-0.005,0,2.0199,0.013556
-0.00102,0,2.004,0.014285
0.00296,0,1.9883,0.015034
0.00694,0,1.9727,0.015802
0.01092,0,1.9572,0.01659
0.0149,0,1.9419,0.017399
0.01888,0,1.9266,0.018229
0.02286,0,1.9115,0.01908
0.02684,0,1.8965,0.019953
0.03082,0,1.8816,0.020849
0.0348,0,1.8668,0.021767
0.03878,0,1.8521,0.02271
0.04276,0,1.8375,0.023677
0.04674,0,1.8231,0.024668
0.05072,0,1.8088,0.025685
0.0547,0,1.7945,0.026728
0.05868,0,1.7804,0.027798
0.06266,0,1.7664,0.028895
0.06664,0,1.7524,0.03002
0.07062,0,1.7386,0.031174
0.0746,0,1.7249,0.032358
0.07858,0,1.7113,0.033571
0.08256,0,1.6978,0.034816
0.08654,0,1.6843,0.036092
0.09052,0,1.671,0.037401
0.0945,0,1.6578,0.038743
0.09848,0,1.6447,0.040119
0.10246,0,1.6316,0.04153
0.10644,0,1.6187,0.042977
0.11042,0,1.6058,0.044461
0.1144,0,1.5931,0.045983
0.11838,0,1.5804,0.047544
0.12236,0,1.5678,0.049144
0.12634,0,1.5553,0.050785
0.13032,0,1.5429,0.052468
0.1343,0,1.5306,0.054193
0.13828,0,1.5184,0.055963
0.14226,0,1.5062,0.057778
0.14624,0,1.4941,0.059639
0.15022,0,1.4822,0.061547
0.1542,0,1.4702,0.063505
0.15818,0,1.4584,0.065512
0.16216,0,1.4467,0.067571
0.16614,0,1.435,0.069682
0.17012,0,1.4234,0.071847
0.1741,0,1.4119,0.074068
0.17808,0,1.4005,0.076346
0.18206,0,1.3892,0.078682
0.18604,0,1.3779,0.081079
0.19002,0,1.3667,0.083537
0.194,0,1.3555,0.086058
0.19798,0,1.3445,0.088645
0.20196,0,1.3335,0.091298
0.20594,0,1.3226,0.09402
0.20992,0,1.3118,0.096812
0.2139,0,1.301,0.099677
0.21788,0,1.2903,0.10262
0.22186,0,1.2797,0.10563
0.22584,0,1.2691,0.10873
0.22982,0,1.2586,0.1119
0.2338,0,1.2482,0.11516
0.23778,0,1.2378,0.1185
0.24176,0,1.2275,0.12193
0.24574,0,1.2173,0.12545
0.24972,0,1.2071,0.12907
0.2537,0,1.197,0.13278
0.25768,0,1.187,0.13658
0.26166,0,1.177,0.14049
0.26564,0,1.1671,0.1445
0.26962,0,1.1573,0.14862
0.2736,0,1.1475,0.15285
0.27758,0,1.1378,0.15719
0.28156,0,1.1281,0.16165
0.28554,0,1.1185,0.16622
0.28952,0,1.1089,0.17092
0.2935,0,1.0994,0.17575
0.29748,0,1.09,0.1807
0.30146,0,1.0806,0.1858
0.30544,0,1.0713,0.19102
0.30942,0,1.0621,0.1964
0.3134,0,1.0528,0.20191
0.31738,0,1.0437,0.20758
0.32136,0,1.0346,0.21341
0.32534,0,1.0256,0.21939
0.32932,0,1.0166,0.22554
0.3333,0,1.0076,0.23187
0.33728,0,0.99875,0.23836
0.34126,0,0.98992,0.24504
0.34524,0,0.98114,0.2519
0.34922,0,0.97241,0.25896
0.3532,0,0.96373,0.26621
0.35718,0,0.95511,0.27367
0.36116,0,0.94653,0.28134
0.36514,0,0.93801,0.28923
0.36912,0,0.92953,0.29734
0.3731,0,0.9211,0.30569
0.37708,0,0.91272,0.31427
0.38106,0,0.90439,0.3231
0.38504,0,0.89611,0.33219
0.38902,0,0.88787,0.34154
0.393,0,0.87968,0.35116
0.39698,0,0.87153,0.36106
0.40096,0,0.86344,0.37125
0.40494,0,0.85538,0.38175
0.40892,0,0.84738,0.39255
0.4129,0,0.83941,0.40367
0.41688,0,0.8315,0.41512
0.42086,0,0.82362,0.42692
0.42484,0,0.81579,0.43907
0.42882,0,0.808,0.45159
0.4328,0,0.80026,0.46448
0.43678,0,0.79256,0.47777
0.44076,0,0.7849,0.49147
0.44474,0,0.77728,0.50558
0.44872,0,0.76971,0.52013
0.4527,0,0.76217,0.53513
0.45668,0,0.75468,0.55059
0.46066,0,0.74723,0.56654
0.46464,0,0.73981,0.58299
0.46862,0,0.73244,0.59995
0.4726,0,0.72511,0.61746
0.47658,0,0.71782,0.63552
0.48056,0,0.71056,0.65416
0.48454,0,0.70334,0.6734
0.48852,0,0.69617,0.69326
0.4925,0,0.68903,0.71376
0.49648,0,0.68193,0.73493
0.50046,0,0.67486,0.7568
0.50444,0,0.66783,0.7794
0.50842,0,0.66084,0.80274
0.5124,0,0.65389,0.82686
0.51638,0,0.64697,0.85178
0.52036,0,0.64009,0.87755
0.52434,0,0.63325,0.9042
0.52832,0,0.62644,0.93175
0.5323,0,0.61966,0.96025
0.53628,0,0.61292,0.98973
0.54026,0,0.60621,1.0202
0.54424,0,0.59954,1.0518
0.54822,0,0.59291,1.0845
0.5522,0,0.5863,1.1183
0.55618,0,0.57973,1.1534
0.56016,0,0.5732,1.1897
0.56414,0,0.56669,1.2273
0.56812,0,0.56022,1.2662
0.5721,0,0.55379,1.3066
0.57608,0,0.54738,1.3485
0.58006,0,0.54101,1.3919
0.58404,0,0.53467,1.437
0.58802,0,0.52836,1.4837
0.592,0,0.52208,1.5322
0.59598,0,0.51583,1.5826
0.59996,0,0.50962,1.6348
0.60394,0,0.50343,1.6891
0.60792,0,0.49728,1.7456
0.6119,0,0.49115,1.8042
0.61588,0,0.48506,1.8651
0.61986,0,0.47899,1.9285
0.62384,0,0.47296,1.9944
0.62782,0,0.46695,2.063
0.6318,0,0.46098,2.1344
0.63578,0,0.45503,2.2087
0.63976,0,0.44911,2.2861
0.64374,0,0.44322,2.3667
0.64772,0,0.43736,2.4507
0.6517,0,0.43152,2.5383
0.65568,0,0.42572,2.6297
0.65966,0,0.41994,2.725
0.66364,0,0.41419,2.8245
0.66762,0,0.40847,2.9283
0.6716,0,0.40277,3.0368
0.67558,0,0.3971,3.1501
0.67956,0,0.39146,3.2686
0.68354,0,0.38585,3.3925
0.68752,0,0.38026,3.5222
0.6915,0,0.3747,3.6578
0.69548,0,0.36916,3.7999
0.69946,0,0.36365,3.9488
0.70344,0,0.35816,4.1048
0.70742,0,0.35271,4.2684
0.7114,0,0.34727,4.4401
0.71538,0,0.34186,4.6203
0.71936,0,0.33648,4.8095
0.72334,0,0.33112,5.0084
0.72732,0,0.32579,5.2175
0.7313,0,0.32048,5.4375
0.73528,0,0.31519,5.6691
0.73926,0,0.30993,5.9131
0.74324,0,0.3047,6.1701
0.74722,0,0.29948,6.4413
0.7512,0,0.2943,6.7274
0.75518,0,0.28913,7.0296
0.75916,0,0.28399,7.349
0.76314,0,0.27887,7.6868
0.76712,0,0.27378,8.0442
0.7711,0,0.26871,8.4229
0.77508,0,0.26366,8.8242
0.77906,0,0.25863,9.25
0.78304,0,0.25363,9.7022
0.78702,0,0.24865,10.183
0.791,0,0.24369,10.694
0.79498,0,0.23875,11.238
0.79896,0,0.23384,11.818
0.80294,0,0.22895,12.437
0.80692,0,0.22408,13.098
0.8109,0,0.21923,13.804
0.81488,0,0.2144,14.561
0.81886,0,0.2096,15.371
0.82284,0,0.20482,16.241
0.82682,0,0.20005,17.175
0.8308,0,0.19531,18.18
0.83478,0,0.19059,19.262
0.83876,0,0.1859,20.43
0.84274,0,0.18122,21.692
0.84672,0,0.17657,23.058
0.8507,0,0.17193,24.538
0.85468,0,0.16732,26.146
0.85866,0,0.16273,27.894
0.86264,0,0.15815,29.8
0.86662,0,0.1536,31.881
0.8706,0,0.14907,34.158
0.87458,0,0.14457,36.657
0.87856,0,0.14008,39.403
0.88254,0,0.13561,42.43
0.88652,0,0.13117,45.775
0.8905,0,0.12675,49.482
0.89448,0,0.12235,53.601
0.89846,0,0.11797,58.194
0.90244,0,0.11361,63.331
0.90642,0,0.10928,69.097
0.9104,0,0.10497,75.595
0.91438,0,0.10068,82.946
0.91836,0,0.09642,91.298
0.92234,0,0.092185,100.83
0.92632,0,0.087976,111.77
0.9303,0,0.083797,124.38
0.93428,0,0.079647,139.01
0.93826,0,0.07553,156.08
0.94224,0,0.071448,176.13
0.94622,0,0.067405,199.86
0.9502,0,0.063403,228.13
0.95418,0,0.059448,262.11
0.95816,0,0.055545,303.3
0.96214,0,0.0517,353.68
0.96612,0,0.047922,415.92
0.9701,0,0.044218,493.59
0.97408,0,0.0406,591.56
0.97806,0,0.037077,716.53
0.98204,0,0.033664,877.75
0.98602,0,0.030374,1088.2
0.99,0,0.02722,1366
