-1,3.5394,2.3958,2.2325
-0.99602,3.5412,2.4099,2.1391
-0.99204,3.5429,2.4238,2.051
-0.98806,3.5447,2.4374,1.9678
-0.98408,3.5464,2.4507,1.8892
-0.9801,3.548,2.4638,1.8148
-0.97612,3.5497,2.4766,1.7444
-0.97214,3.5514,2.4892,1.6776
-0.96816,3.553,2.5015,1.6142
-0.96418,3.5546,2.5135,1.554
-0.9602,3.5562,2.5254,1.4968
-0.95622,3.5578,2.5369,1.4424
-0.95224,3.5596,2.5483,1.3874
-0.94826,3.5615,2.5594,1.3346
-0.94428,3.5634,2.5703,1.2845
-0.9403,3.5653,2.581,1.2371
-0.93632,3.5671,2.5914,1.1921
-0.93234,3.5689,2.6017,1.1493
-0.92836,3.5706,2.6117,1.1087
-0.92438,3.5724,2.6215,1.07
-0.9204,3.5741,2.6311,1.0332
-0.91642,3.5758,2.6405,0.99815
-0.91244,3.5774,2.6497,0.96471
-0.90846,3.5791,2.6587,0.93281
-0.90448,3.5807,2.6676,0.90234
-0.9005,3.5823,2.6762,0.87323
-0.89652,3.5839,2.6847,0.8454
-0.89254,3.5857,2.6929,0.81744
-0.88856,3.5876,2.701,0.79042
-0.88458,3.5894,2.7089,0.76468
-0.8806,3.5912,2.7167,0.74013
-0.87662,3.5929,2.7243,0.71671
-0.87264,3.5947,2.7317,0.69434
-0.86866,3.5964,2.7389,0.67296
-0.86468,3.598,2.746,0.65252
-0.8607,3.5997,2.753,0.63296
-0.85672,3.6013,2.7598,0.61423
-0.85274,3.6029,2.7664,0.59628
-0.84876,3.6045,2.7729,0.57907
-0.84478,3.606,2.7792,0.56257
-0.8408,3.6075,2.7854,0.54672
-0.83682,3.609,2.7915,0.53151
-0.83284,3.6105,2.7974,0.51689
-0.82886,3.6121,2.8032,0.50215
-0.82488,3.6138,2.8089,0.48803
-0.8209,3.6154,2.8144,0.47449
-0.81692,3.617,2.8198,0.46152
-0.81294,3.6185,2.8251,0.44906
-0.80896,3.62,2.8302,0.4371
-0.80498,3.6215,2.8353,0.42561
-0.801,3.6229,2.8402,0.41457
-0.79702,3.6243,2.845,0.40394
-0.79304,3.6257,2.8497,0.39371
-0.78906,3.627,2.8543,0.38387
-0.78508,3.6283,2.8588,0.37438
-0.7811,3.6296,2.8631,0.36523
-0.77712,3.6308,2.8674,0.35642
-0.77314,3.632,2.8715,0.34791
-0.76916,3.6332,2.8756,0.33969
-0.76518,3.6344,2.8796,0.33176
-0.7612,3.6355,2.8834,0.3241
-0.75722,3.6366,2.8872,0.3167
-0.75324,3.6377,2.8909,0.30936
-0.74926,3.6389,2.8945,0.30226
-0.74528,3.64,2.898,0.29541
-0.7413,3.641,2.9014,0.2888
-0.73732,3.6421,2.9047,0.28241
-0.73334,3.643,2.9079,0.27624
-0.72936,3.644,2.9111,0.27027
-0.72538,3.6449,2.9141,0.26449
-0.7214,3.6457,2.9171,0.2589
-0.71742,3.6465,2.92,0.25348
-0.71344,3.6473,2.9229,0.24823
-0.70946,3.648,2.9256,0.24315
-0.70548,3.6487,2.9283,0.23822
-0.7015,3.6494,2.9309,0.23344
-0.69752,3.6499,2.9334,0.2288
-0.69354,3.6505,2.9359,0.2243
-0.68956,3.651,2.9383,0.21993
-0.68558,3.6515,2.9406,0.21568
-0.6816,3.6519,2.9428,0.21155
-0.67762,3.6522,2.945,0.20754
-0.67364,3.6526,2.9471,0.20364
-0.66966,3.6528,2.9492,0.19985
-0.66568,3.6531,2.9511,0.19615
-0.6617,3.6532,2.953,0.19256
-0.65772,3.6534,2.9549,0.18906
-0.65374,3.6534,2.9567,0.18566
-0.64976,3.6534,2.9584,0.18234
-0.64578,3.6534,2.9601,0.1791
-0.6418,3.6533,2.9617,0.17595
-0.63782,3.6532,2.9632,0.17288
-0.63384,3.653,2.9647,0.16988
-0.62986,3.6527,2.9661,0.16695
-0.62588,3.6524,2.9675,0.1641
-0.6219,3.6521,2.9688,0.16131
-0.61792,3.6516,2.9701,0.15859
-0.61394,3.6511,2.9713,0.15593
-0.60996,3.6506,2.9724,0.15334
-0.60598,3.65,2.9735,0.1508
-0.602,3.6493,2.9745,0.14832
-0.59802,3.6485,2.9755,0.14589
-0.59404,3.6477,2.9764,0.14352
-0.59006,3.6468,2.9773,0.1412
-0.58608,3.6459,2.9781,0.13893
-0.5821,3.6448,2.9789,0.13671
-0.57812,3.6437,2.9796,0.13453
-0.57414,3.6426,2.9802,0.1324
-0.57016,3.6413,2.9808,0.13031
-0.56618,3.64,2.9814,0.12826
-0.5622,3.6386,2.9819,0.12626
-0.55822,3.6371,2.9823,0.12429
-0.55424,3.6356,2.9827,0.12235
-0.55026,3.634,2.9831,0.12044
-0.54628,3.6323,2.9834,0.11856
-0.5423,3.6306,2.9836,0.11672
-0.53832,3.6287,2.9838,0.11492
-0.53434,3.6268,2.984,0.11314
-0.53036,3.6247,2.9841,0.1114
-0.52638,3.6226,2.9841,0.10969
-0.5224,3.6204,2.9841,0.10802
-0.51842,3.6181,2.9841,0.10637
-0.51444,3.6157,2.9839,0.10474
-0.51046,3.6131,2.9838,0.10315
-0.50648,3.6105,2.9836,0.10158
-0.5025,3.6078,2.9833,0.10002
-0.49852,3.6051,2.983,0.098485
-0.49454,3.6022,2.9826,0.096975
-0.49056,3.5992,2.9822,0.09549
-0.48658,3.5961,2.9818,0.094027
-0.4826,3.5929,2.9813,0.092587
-0.47862,3.5896,2.9807,0.091169
-0.47464,3.5861,2.9801,0.089771
-0.47066,3.5825,2.9794,0.088387
-0.46668,3.5789,2.9787,0.087018
-0.4627,3.5751,2.9779,0.085668
-0.45872,3.5712,2.977,0.084336
-0.45474,3.5672,2.9762,0.083024
-0.45076,3.563,2.9752,0.081728
-0.44678,3.5586,2.9742,0.08045
-0.4428,3.5542,2.9732,0.07918
-0.43882,3.5496,2.9721,0.077926
-0.43484,3.5449,2.9709,0.076688
-0.43086,3.5401,2.9697,0.075465
-0.42688,3.535,2.9684,0.074256
-0.4229,3.5298,2.967,0.073059
-0.41892,3.5245,2.9656,0.071873
-0.41494,3.5191,2.9642,0.070701
-0.41096,3.5134,2.9627,0.069541
-0.40698,3.5075,2.9611,0.068394
-0.403,3.5016,2.9594,0.067256
-0.39902,3.4954,2.9577,0.06613
-0.39504,3.4891,2.956,0.065014
-0.39106,3.4825,2.9541,0.06391
-0.38708,3.4757,2.9522,0.062815
-0.3831,3.4688,2.9503,0.06173
-0.37912,3.4617,2.9482,0.060655
-0.37514,3.4543,2.9461,0.059589
-0.37116,3.4468,2.9439,0.058531
-0.36718,3.439,2.9417,0.057483
-0.3632,3.4309,2.9394,0.056443
-0.35922,3.4227,2.937,0.055412
-0.35524,3.4142,2.9345,0.054388
-0.35126,3.4054,2.932,0.053373
-0.34728,3.3964,2.9293,0.052365
-0.3433,3.3871,2.9266,0.051364
-0.33932,3.3776,2.9238,0.050371
-0.33534,3.3677,2.921,0.049385
-0.33136,3.3576,2.918,0.048405
-0.32738,3.3471,2.915,0.047433
-0.3234,3.3363,2.9118,0.046466
-0.31942,3.3252,2.9086,0.045506
-0.31544,3.3138,2.9053,0.044553
-0.31146,3.302,2.9019,0.043605
-0.30748,3.2898,2.8984,0.042663
-0.3035,3.2772,2.8948,0.041727
-0.29952,3.2643,2.8911,0.040796
-0.29554,3.2509,2.8872,0.03987
-0.29156,3.2371,2.8833,0.03895
-0.28758,3.2229,2.8793,0.038036
-0.2836,3.2081,2.8751,0.037125
-0.27962,3.193,2.8709,0.036221
-0.27564,3.1772,2.8665,0.03532
-0.27166,3.161,2.862,0.034425
-0.26768,3.1442,2.8573,0.033533
-0.2637,3.1268,2.8525,0.032646
-0.25972,3.1088,2.8476,0.031764
-0.25574,3.0901,2.8426,0.030886
-0.25176,3.0708,2.8374,0.030012
-0.24778,3.0508,2.832,0.029142
-0.2438,3.03,2.8265,0.028277
-0.23982,3.0085,2.8209,0.027415
-0.23584,2.9861,2.8151,0.026556
-0.23186,2.9628,2.8091,0.025702
-0.22788,2.9387,2.8029,0.024851
-0.2239,2.9135,2.7965,0.024004
-0.21992,2.8873,2.79,0.02316
-0.21594,2.8601,2.7833,0.022321
-0.21196,2.8316,2.7763,0.021483
-0.20798,2.8019,2.7691,0.02065
-0.204,2.7708,2.7618,0.019821
-0.20002,2.7383,2.7541,0.018994
-0.19604,2.7043,2.7463,0.018171
-0.19206,2.6686,2.7382,0.017352
-0.18808,2.6312,2.7298,0.016535
-0.1841,2.5918,2.7212,0.015721
-0.18012,2.5504,2.7122,0.014913
-0.17614,2.5066,2.703,0.014106
-0.17216,2.4604,2.6934,0.013304
-0.16818,2.4114,2.6836,0.012504
-0.1642,2.3595,2.6733,0.011708
-0.16022,2.3042,2.6627,0.010915
-0.15624,2.2453,2.6518,0.010127
-0.15226,2.1821,2.6404,0.0093407
-0.14828,2.1143,2.6286,0.0085602
-0.1443,2.0411,2.6163,0.0077824
-0.14032,1.9617,2.6036,0.0070087
-0.13634,1.8752,2.5903,0.0062397
-0.13236,1.78,2.5765,0.0054742
-0.12838,1.6746,2.5621,0.0047141
-0.1244,1.5562,2.5472,0.0039585
-0.12042,1.4214,2.5315,0.003208
-0.11644,1.264,2.5152,0.0024626
-0.11246,1.0737,2.4981,0.001723
-0.10848,0.82649,2.4803,0.00098943
-0.1045,0.43197,2.4615,0.00026216
-0.10052,0,2.4421,0.00025419
-0.09654,0,2.4227,0.00062768
-0.09256,0,2.4035,0.0010126
-0.08858,0,2.3845,0.0014093
-0.0846,0,2.3656,0.0018181
-0.08062,0,2.3469,0.0022391
-0.07664,0,2.3284,0.0026729
-0.07266,0,2.31,0.0031196
-0.06868,0,2.2918,0.0035795
-0.0647,0,2.2737,0.0040532
-0.06072,0,2.2558,0.0045408
-0.05674,0,2.2381,0.0050427
-0.05276,0,2.2204,0.0055593
-0.04878,0,2.203,0.0060909
-0.0448,0,2.1856,0.006638
-0.04082,0,2.1685,0.0072009
-0.03684,0,2.1514,0.0077801
-0.03286,0,2.1345,0.0083758
-0.02888,0,2.1177,0.0089887
-0.0249,0,2.1011,0.009619
-0.02092,0,2.0846,0.010267
-0.01694,0,2.0682,0.010934
-0.01296,0,2.052,0.01162
-0.00898,0,2.0359,0.012324
-0.005,0,2.0199,0.013049
-0.00102,0,2.004,0.013794
0.00296,0,1.9883,0.01456
0.00694,0,1.9727,0.015348
0.01092,0,1.9572,0.016157
0.0149,0,1.9419,0.016989
0.01888,0,1.9266,0.017844
0.02286,0,1.9115,0.018723
0.02684,0,1.8965,0.019626
0.03082,0,1.8816,0.020554
0.0348,0,1.8668,0.021508
0.03878,0,1.8521,0.022488
0.04276,0,1.8375,0.023495
0.04674,0,1.8231,0.02453
0.05072,0,1.8088,0.025593
0.0547,0,1.7945,0.026685
0.05868,0,1.7804,0.027808
0.06266,0,1.7664,0.028961
0.06664,0,1.7524,0.030146
0.07062,0,1.7386,0.031363
0.0746,0,1.7249,0.032613
0.07858,0,1.7113,0.033897
0.08256,0,1.6978,0.035217
0.08654,0,1.6843,0.036572
0.09052,0,1.671,0.037965
0.0945,0,1.6578,0.039395
0.09848,0,1.6447,0.040865
0.10246,0,1.6316,0.042374
0.10644,0,1.6187,0.043925
0.11042,0,1.6058,0.045518
0.1144,0,1.5931,0.047154
0.11838,0,1.5804,0.048835
0.12236,0,1.5678,0.050562
0.12634,0,1.5553,0.052336
0.13032,0,1.5429,0.054159
0.1343,0,1.5306,0.056031
0.13828,0,1.5184,0.057954
0.14226,0,1.5062,0.05993
0.14624,0,1.4941,0.061959
0.15022,0,1.4822,0.064045
0.1542,0,1.4702,0.066187
0.15818,0,1.4584,0.068388
0.16216,0,1.4467,0.070649
0.16614,0,1.435,0.072973
0.17012,0,1.4234,0.07536
0.1741,0,1.4119,0.077813
0.17808,0,1.4005,0.080333
0.18206,0,1.3892,0.082923
0.18604,0,1.3779,0.085584
0.19002,0,1.3667,0.088319
0.194,0,1.3555,0.091129
0.19798,0,1.3445,0.094017
0.20196,0,1.3335,0.096985
0.20594,0,1.3226,0.10004
0.20992,0,1.3118,0.10317
0.2139,0,1.301,0.10639
0.21788,0,1.2903,0.10971
0.22186,0,1.2797,0.11311
0.22584,0,1.2691,0.11661
0.22982,0,1.2586,0.12021
0.2338,0,1.2482,0.12391
0.23778,0,1.2378,0.12771
0.24176,0,1.2275,0.13162
0.24574,0,1.2173,0.13564
0.24972,0,1.2071,0.13978
0.2537,0,1.197,0.14403
0.25768,0,1.187,0.14841
0.26166,0,1.177,0.1529
0.26564,0,1.1671,0.15753
0.26962,0,1.1573,0.16229
0.2736,0,1.1475,0.16718
0.27758,0,1.1378,0.17222
0.28156,0,1.1281,0.1774
0.28554,0,1.1185,0.18273
0.28952,0,1.1089,0.18821
0.2935,0,1.0994,0.19386
0.29748,0,1.09,0.19967
0.30146,0,1.0806,0.20564
0.30544,0,1.0713,0.2118
0.30942,0,1.0621,0.21813
0.3134,0,1.0528,0.22465
0.31738,0,1.0437,0.23136
0.32136,0,1.0346,0.23827
0.32534,0,1.0256,0.24539
0.32932,0,1.0166,0.25271
0.3333,0,1.0076,0.26026
0.33728,0,0.99875,0.26803
0.34126,0,0.98992,0.27604
0.34524,0,0.98114,0.28429
0.34922,0,0.97241,0.29278
0.3532,0,0.96373,0.30154
0.35718,0,0.95511,0.31056
0.36116,0,0.94653,0.31986
0.36514,0,0.93801,0.32944
0.36912,0,0.92953,0.33932
0.3731,0,0.9211,0.3495
0.37708,0,0.91272,0.36
0.38106,0,0.90439,0.37083
0.38504,0,0.89611,0.38199
0.38902,0,0.88787,0.3935
0.393,0,0.87968,0.40538
0.39698,0,0.87153,0.41763
0.40096,0,0.86344,0.43027
0.40494,0,0.85538,0.44331
0.40892,0,0.84738,0.45677
0.4129,0,0.83941,0.47066
0.41688,0,0.8315,0.485
0.42086,0,0.82362,0.4998
0.42484,0,0.81579,0.51509
0.42882,0,0.808,0.53087
0.4328,0,0.80026,0.54717
0.43678,0,0.79256,0.56401
0.44076,0,0.7849,0.58141
0.44474,0,0.77728,0.59938
0.44872,0,0.76971,0.61795
0.4527,0,0.76217,0.63715
0.45668,0,0.75468,0.657
0.46066,0,0.74723,0.67751
0.46464,0,0.73981,0.69873
0.46862,0,0.73244,0.72067
0.4726,0,0.72511,0.74337
0.47658,0,0.71782,0.76685
0.48056,0,0.71056,0.79114
0.48454,0,0.70334,0.81628
0.48852,0,0.69617,0.84231
0.4925,0,0.68903,0.86925
0.49648,0,0.68193,0.89715
0.50046,0,0.67486,0.92604
0.50444,0,0.66783,0.95597
0.50842,0,0.66084,0.98698
0.5124,0,0.65389,1.0191
0.51638,0,0.64697,1.0524
0.52036,0,0.64009,1.0869
0.52434,0,0.63325,1.1227
0.52832,0,0.62644,1.1599
0.5323,0,0.61966,1.1984
0.53628,0,0.61292,1.2383
0.54026,0,0.60621,1.2798
0.54424,0,0.59954,1.3228
0.54822,0,0.59291,1.3675
0.5522,0,0.5863,1.4139
0.55618,0,0.57973,1.4621
0.56016,0,0.5732,1.5122
0.56414,0,0.56669,1.5642
0.56812,0,0.56022,1.6183
0.5721,0,0.55379,1.6745
0.57608,0,0.54738,1.733
0.58006,0,0.54101,1.7939
0.58404,0,0.53467,1.8572
0.58802,0,0.52836,1.9231
0.592,0,0.52208,1.9917
0.59598,0,0.51583,2.0631
0.59996,0,0.50962,2.1375
0.60394,0,0.50343,2.2151
0.60792,0,0.49728,2.2959
0.6119,0,0.49115,2.3802
0.61588,0,0.48506,2.4681
0.61986,0,0.47899,2.5598
0.62384,0,0.47296,2.6556
0.62782,0,0.46695,2.7555
0.6318,0,0.46098,2.8598
0.63578,0,0.45503,2.9688
0.63976,0,0.44911,3.0828
0.64374,0,0.44322,3.2019
0.64772,0,0.43736,3.3264
0.6517,0,0.43152,3.4567
0.65568,0,0.42572,3.5931
0.65966,0,0.41994,3.7359
0.66364,0,0.41419,3.8855
0.66762,0,0.40847,4.0422
0.6716,0,0.40277,4.2064
0.67558,0,0.3971,4.3787
0.67956,0,0.39146,4.5595
0.68354,0,0.38585,4.7492
0.68752,0,0.38026,4.9484
0.6915,0,0.3747,5.1577
0.69548,0,0.36916,5.3776
0.69946,0,0.36365,5.609
0.70344,0,0.35816,5.8523
0.70742,0,0.35271,6.1085
0.7114,0,0.34727,6.3783
0.71538,0,0.34186,6.6626
0.71936,0,0.33648,6.9623
0.72334,0,0.33112,7.2785
0.72732,0,0.32579,7.6122
0.7313,0,0.32048,7.9646
0.73528,0,0.31519,8.337
0.73926,0,0.30993,8.7308
0.74324,0,0.3047,9.1475
0.74722,0,0.29948,9.5886
0.7512,0,0.2943,10.056
0.75518,0,0.28913,10.551
0.75916,0,0.28399,11.077
0.76314,0,0.27887,11.635
0.76712,0,0.27378,12.228
0.7711,0,0.26871,12.859
0.77508,0,0.26366,13.529
0.77906,0,0.25863,14.244
0.78304,0,0.25363,15.006
0.78702,0,0.24865,15.818
0.791,0,0.24369,16.685
0.79498,0,0.23875,17.613
0.79896,0,0.23384,18.604
0.80294,0,0.22895,19.666
0.80692,0,0.22408,20.805
0.8109,0,0.21923,22.026
0.81488,0,0.2144,23.339
0.81886,0,0.2096,24.75
0.82284,0,0.20482,26.269
0.82682,0,0.20005,27.907
0.8308,0,0.19531,29.675
0.83478,0,0.19059,31.586
0.83876,0,0.1859,33.654
0.84274,0,0.18122,35.895
0.84672,0,0.17657,38.328
0.8507,0,0.17193,40.973
0.85468,0,0.16732,43.853
0.85866,0,0.16273,46.995
0.86264,0,0.15815,50.428
0.86662,0,0.1536,54.187
0.8706,0,0.14907,58.31
0.87458,0,0.14457,62.842
0.87856,0,0.14008,67.836
0.88254,0,0.13561,73.35
0.88652,0,0.13117,79.455
0.8905,0,0.12675,86.23
0.89448,0,0.12235,93.771
0.89846,0,0.11797,102.19
0.90244,0,0.11361,111.62
0.90642,0,0.10928,122.21
0.9104,0,0.10497,134.16
0.91438,0,0.10068,147.68
0.91836,0,0.09642,163.06
0.92234,0,0.092185,180.62
0.92632,0,0.087976,200.77
0.9303,0,0.083797,224.02
0.93428,0,0.079647,251
0.93826,0,0.07553,282.5
0.94224,0,0.071448,319.53
0.94622,0,0.067405,363.37
0.9502,0,0.063403,415.7
0.95418,0,0.059448,478.69
0.95816,0,0.055545,555.23
0.96214,0,0.0517,649.19
0.96612,0,0.047922,765.77
0.9701,0,0.044218,912.12
0.97408,0,0.0406,1098.2
0.97806,0,0.037077,1337.8
0.98204,0,0.033664,1650.9
0.98602,0,0.030374,2065.8
0.99,0,0.02722,2624
