-1,4.3671,6.828,0.015253
-0.99602,4.3594,6.8135,0.015271
-0.99204,4.3519,6.7989,0.015288
-0.98806,4.3443,6.7843,0.015305
-0.98408,4.3366,6.7696,0.015322
-0.9801,4.3289,6.755,0.015339
-0.97612,4.3212,6.7403,0.015356
-0.97214,4.3134,6.7256,0.015372
-0.96816,4.3056,6.7109,0.015388
-0.96418,4.2978,6.6961,0.015405
-0.9602,4.2899,6.6814,0.015421
-0.95622,4.2821,6.6666,0.015436
-0.95224,4.2741,6.6518,0.015452
-0.94826,4.2661,6.6369,0.015468
-0.94428,4.2581,6.622,0.015483
-0.9403,4.2501,6.6072,0.015498
-0.93632,4.242,6.5922,0.015513
-0.93234,4.2339,6.5773,0.015528
-0.92836,4.2257,6.5623,0.015542
-0.92438,4.2176,6.5473,0.015556
-0.9204,4.2093,6.5323,0.01557
-0.91642,4.201,6.5173,0.015584
-0.91244,4.1927,6.5022,0.015597
-0.90846,4.1844,6.4871,0.01561
-0.90448,4.176,6.472,0.015624
-0.9005,4.1675,6.4569,0.015637
-0.89652,4.1591,6.4417,0.015649
-0.89254,4.1506,6.4265,0.015661
-0.88856,4.142,6.4113,0.015673
-0.88458,4.1334,6.396,0.015685
-0.8806,4.1248,6.3807,0.015696
-0.87662,4.1161,6.3654,0.015708
-0.87264,4.1073,6.3501,0.015719
-0.86866,4.0986,6.3347,0.015729
-0.86468,4.0898,6.3194,0.015739
-0.8607,4.0809,6.3039,0.01575
-0.85672,4.0719,6.2885,0.01576
-0.85274,4.063,6.273,0.015769
-0.84876,4.054,6.2575,0.015778
-0.84478,4.0449,6.242,0.015787
-0.8408,4.0358,6.2264,0.015795
-0.83682,4.0267,6.2108,0.015803
-0.83284,4.0175,6.1952,0.01581
-0.82886,4.0082,6.1795,0.015818
-0.82488,3.9989,6.1638,0.015825
-0.8209,3.9896,6.1481,0.015831
-0.81692,3.9801,6.1324,0.015838
-0.81294,3.9707,6.1166,0.015843
-0.80896,3.9612,6.1008,0.015849
-0.80498,3.9516,6.0849,0.015854
-0.801,3.942,6.0691,0.015859
-0.79702,3.9323,6.0532,0.015862
-0.79304,3.9225,6.0372,0.015866
-0.78906,3.9127,6.0212,0.01587
-0.78508,3.9029,6.0052,0.015872
-0.7811,3.893,5.9892,0.015875
-0.77712,3.883,5.9731,0.015877
-0.77314,3.873,5.957,0.015878
-0.76916,3.8629,5.9409,0.015879
-0.76518,3.8527,5.9247,0.01588
-0.7612,3.8425,5.9085,0.015879
-0.75722,3.8322,5.8922,0.015879
-0.75324,3.8218,5.876,0.015878
-0.74926,3.8114,5.8596,0.015876
-0.74528,3.8009,5.8433,0.015874
-0.7413,3.7904,5.8269,0.015871
-0.73732,3.7798,5.8104,0.015868
-0.73334,3.7691,5.794,0.015864
-0.72936,3.7583,5.7775,0.015859
-0.72538,3.7475,5.7609,0.015854
-0.7214,3.7366,5.7443,0.015848
-0.71742,3.7256,5.7277,0.015842
-0.71344,3.7145,5.7111,0.015835
-0.70946,3.7034,5.6944,0.015827
-0.70548,3.6921,5.6776,0.015819
-0.7015,3.6809,5.6608,0.015809
-0.69752,3.6695,5.644,0.0158
-0.69354,3.658,5.6272,0.015789
-0.68956,3.6465,5.6102,0.015778
-0.68558,3.6349,5.5933,0.015766
-0.6816,3.6232,5.5763,0.015753
-0.67762,3.6114,5.5593,0.015739
-0.67364,3.5995,5.5422,0.015725
-0.66966,3.5875,5.5251,0.015709
-0.66568,3.5755,5.5079,0.015693
-0.6617,3.5633,5.4907,0.015676
-0.65772,3.5511,5.4734,0.015658
-0.65374,3.5387,5.4561,0.01564
-0.64976,3.5263,5.4388,0.01562
-0.64578,3.5138,5.4214,0.015599
-0.6418,3.5011,5.404,0.015578
-0.63782,3.4884,5.3865,0.015555
-0.63384,3.4755,5.3689,0.015532
-0.62986,3.4626,5.3514,0.015507
-0.62588,3.4495,5.3337,0.015481
-0.6219,3.4363,5.316,0.015455
-0.61792,3.4231,5.2983,0.015427
-0.61394,3.4097,5.2805,0.015398
-0.60996,3.3961,5.2627,0.015368
-0.60598,3.3825,5.2448,0.015336
-0.602,3.3687,5.2269,0.015304
-0.59802,3.3549,5.2089,0.01527
-0.59404,3.3409,5.1908,0.015235
-0.59006,3.3267,5.1727,0.015199
-0.58608,3.3125,5.1546,0.015162
-0.5821,3.2981,5.1364,0.015123
-0.57812,3.2835,5.1181,0.015082
-0.57414,3.2688,5.0998,0.015041
-0.57016,3.254,5.0814,0.014998
-0.56618,3.2391,5.0629,0.014953
-0.5622,3.224,5.0445,0.014907
-0.55822,3.2087,5.0259,0.014859
-0.55424,3.1933,5.0073,0.01481
-0.55026,3.1777,4.9886,0.014759
-0.54628,3.162,4.9699,0.014707
-0.5423,3.1461,4.9511,0.014653
-0.53832,3.13,4.9322,0.014597
-0.53434,3.1138,4.9133,0.014539
-0.53036,3.0973,4.8943,0.01448
-0.52638,3.0807,4.8752,0.014418
-0.5224,3.0639,4.8561,0.014355
-0.51842,3.047,4.8369,0.01429
-0.51444,3.0298,4.8176,0.014223
-0.51046,3.0124,4.7983,0.014153
-0.50648,2.9948,4.7789,0.014082
-0.5025,2.977,4.7594,0.014009
-0.49852,2.959,4.7399,0.013933
-0.49454,2.9408,4.7202,0.013855
-0.49056,2.9224,4.7005,0.013774
-0.48658,2.9037,4.6808,0.013692
-0.4826,2.8848,4.6609,0.013606
-0.47862,2.8656,4.641,0.013519
-0.47464,2.8462,4.621,0.013428
-0.47066,2.8265,4.6009,0.013336
-0.46668,2.8065,4.5808,0.01324
-0.4627,2.7863,4.5605,0.013141
-0.45872,2.7658,4.5402,0.01304
-0.45474,2.745,4.5198,0.012936
-0.45076,2.7239,4.4993,0.012829
-0.44678,2.7024,4.4787,0.012718
-0.4428,2.6807,4.4581,0.012605
-0.43882,2.6586,4.4373,0.012488
-0.43484,2.6362,4.4165,0.012368
-0.43086,2.6134,4.3956,0.012244
-0.42688,2.5903,4.3745,0.012117
-0.4229,2.5668,4.3534,0.011986
-0.41892,2.5428,4.3322,0.011851
-0.41494,2.5185,4.3109,0.011713
-0.41096,2.4938,4.2895,0.01157
-0.40698,2.4686,4.2679,0.011424
-0.403,2.4429,4.2463,0.011273
-0.39902,2.4168,4.2246,0.011118
-0.39504,2.3902,4.2028,0.010958
-0.39106,2.363,4.1809,0.010794
-0.38708,2.3353,4.1588,0.010625
-0.3831,2.3071,4.1367,0.010451
-0.37912,2.2782,4.1144,0.010272
-0.37514,2.2488,4.092,0.010088
-0.37116,2.2187,4.0695,0.0098983
-0.36718,2.1879,4.0469,0.0097033
-0.3632,2.1564,4.0242,0.0095027
-0.35922,2.1242,4.0013,0.009296
-0.35524,2.0911,3.9783,0.0090833
-0.35126,2.0572,3.9552,0.0088644
-0.34728,2.0225,3.932,0.008639
-0.3433,1.9867,3.9086,0.0084067
-0.33932,1.95,3.8851,0.0081679
-0.33534,1.9122,3.8615,0.0079213
-0.33136,1.8733,3.8377,0.0076678
-0.32738,1.8332,3.8138,0.0074064
-0.3234,1.7917,3.7897,0.0071371
-0.31942,1.7489,3.7655,0.0068597
-0.31544,1.7045,3.7411,0.0065738
-0.31146,1.6584,3.7166,0.0062789
-0.30748,1.6105,3.6919,0.0059749
-0.3035,1.5606,3.667,0.0056615
-0.29952,1.5084,3.642,0.0053383
-0.29554,1.4539,3.6169,0.0050049
-0.29156,1.3965,3.5915,0.0046608
-0.28758,1.3359,3.566,0.0043058
-0.2836,1.2717,3.5403,0.0039393
-0.27962,1.2034,3.5144,0.0035611
-0.27564,1.1299,3.4883,0.0031703
-0.27166,1.0504,3.4621,0.0027668
-0.26768,0.9632,3.4356,0.0023498
-0.2637,0.86602,3.4089,0.0019188
-0.25972,0.75498,3.3821,0.0014734
-0.25574,0.62261,3.355,0.0010128
-0.25176,0.45043,3.3277,0.00053633
-0.24778,0.013186,3.3002,1.7548e-05
-0.2438,0.013187,3.2726,0.0002703
-0.23982,0.013187,3.2454,0.00052677
-0.23584,0.013187,3.2184,0.00078757
-0.23186,0.013187,3.1917,0.0010521
-0.22788,0.013187,3.1653,0.0013206
-0.2239,0.013186,3.1392,0.0015934
-0.21992,0.013187,3.1133,0.0018704
-0.21594,0.013187,3.0877,0.0021515
-0.21196,0.013187,3.0623,0.0024371
-0.20798,0,3.0372,0.0027268
-0.204,0,3.0123,0.0030212
-0.20002,0,2.9877,0.0033199
-0.19604,0,2.9633,0.0036234
-0.19206,0,2.9391,0.0039313
-0.18808,0,2.9152,0.0042441
-0.1841,0,2.8915,0.0045616
-0.18012,0,2.8681,0.0048842
-0.17614,0,2.8449,0.0052113
-0.17216,0,2.8218,0.0055438
-0.16818,0,2.799,0.0058812
-0.1642,0,2.7765,0.0062239
-0.16022,0,2.7541,0.006572
-0.15624,0,2.7319,0.0069251
-0.15226,0,2.71,0.0072841
-0.14828,0,2.6882,0.0076482
-0.1443,0,2.6667,0.0080181
-0.14032,0,2.6453,0.0083938
-0.13634,0,2.6242,0.0087753
-0.13236,0,2.6032,0.0091626
-0.12838,0,2.5824,0.0095558
-0.1244,0,2.5618,0.0099551
-0.12042,0,2.5414,0.010361
-0.11644,0,2.5212,0.010772
-0.11246,0,2.5011,0.011191
-0.10848,0,2.4813,0.011615
-0.1045,0,2.4616,0.012047
-0.10052,0,2.4421,0.012485
-0.09654,0,2.4227,0.01293
-0.09256,0,2.4035,0.013381
-0.08858,0,2.3845,0.01384
-0.0846,0,2.3656,0.014306
-0.08062,0,2.3469,0.01478
-0.07664,0,2.3284,0.01526
-0.07266,0,2.31,0.015749
-0.06868,0,2.2918,0.016245
-0.0647,0,2.2737,0.016748
-0.06072,0,2.2558,0.01726
-0.05674,0,2.2381,0.01778
-0.05276,0,2.2204,0.018308
-0.04878,0,2.203,0.018844
-0.0448,0,2.1856,0.019389
-0.04082,0,2.1685,0.019942
-0.03684,0,2.1514,0.020504
-0.03286,0,2.1345,0.021075
-0.02888,0,2.1177,0.021656
-0.0249,0,2.1011,0.022245
-0.02092,0,2.0846,0.022844
-0.01694,0,2.0682,0.023452
-0.01296,0,2.052,0.024071
-0.00898,0,2.0359,0.024699
-0.005,0,2.0199,0.025337
-0.00102,0,2.004,0.025986
0.00296,0,1.9883,0.026645
0.00694,0,1.9727,0.027315
0.01092,0,1.9572,0.027995
0.0149,0,1.9419,0.028687
0.01888,0,1.9266,0.029389
0.02286,0,1.9115,0.030104
0.02684,0,1.8965,0.03083
0.03082,0,1.8816,0.031568
0.0348,0,1.8668,0.032318
0.03878,0,1.8521,0.03308
0.04276,0,1.8375,0.033855
0.04674,0,1.8231,0.034642
0.05072,0,1.8088,0.035443
0.0547,0,1.7945,0.036257
0.05868,0,1.7804,0.037084
0.06266,0,1.7664,0.037925
0.06664,0,1.7524,0.038781
0.07062,0,1.7386,0.03965
0.0746,0,1.7249,0.040534
0.07858,0,1.7113,0.041433
0.08256,0,1.6978,0.042347
0.08654,0,1.6843,0.043276
0.09052,0,1.671,0.044222
0.0945,0,1.6578,0.045183
0.09848,0,1.6447,0.04616
0.10246,0,1.6316,0.047155
0.10644,0,1.6187,0.048166
0.11042,0,1.6058,0.049194
0.1144,0,1.5931,0.050241
0.11838,0,1.5804,0.051305
0.12236,0,1.5678,0.052387
0.12634,0,1.5553,0.053489
0.13032,0,1.5429,0.054609
0.1343,0,1.5306,0.055749
0.13828,0,1.5184,0.056909
0.14226,0,1.5062,0.058089
0.14624,0,1.4941,0.05929
0.15022,0,1.4822,0.060512
0.1542,0,1.4702,0.061756
0.15818,0,1.4584,0.063022
0.16216,0,1.4467,0.06431
0.16614,0,1.435,0.065621
0.17012,0,1.4234,0.066955
0.1741,0,1.4119,0.068314
0.17808,0,1.4005,0.069697
0.18206,0,1.3892,0.071105
0.18604,0,1.3779,0.072538
0.19002,0,1.3667,0.073997
0.194,0,1.3555,0.075483
0.19798,0,1.3445,0.076996
0.20196,0,1.3335,0.078537
0.20594,0,1.3226,0.080106
0.20992,0,1.3118,0.081705
0.2139,0,1.301,0.083332
0.21788,0,1.2903,0.084991
0.22186,0,1.2797,0.08668
0.22584,0,1.2691,0.0884
0.22982,0,1.2586,0.090153
0.2338,0,1.2482,0.091939
0.23778,0,1.2378,0.093759
0.24176,0,1.2275,0.095613
0.24574,0,1.2173,0.097503
0.24972,0,1.2071,0.099429
0.2537,0,1.197,0.10139
0.25768,0,1.187,0.10339
0.26166,0,1.177,0.10543
0.26564,0,1.1671,0.10751
0.26962,0,1.1573,0.10963
0.2736,0,1.1475,0.11179
0.27758,0,1.1378,0.11399
0.28156,0,1.1281,0.11624
0.28554,0,1.1185,0.11853
0.28952,0,1.1089,0.12087
0.2935,0,1.0994,0.12325
0.29748,0,1.09,0.12568
0.30146,0,1.0806,0.12817
0.30544,0,1.0713,0.1307
0.30942,0,1.0621,0.13328
0.3134,0,1.0528,0.13591
0.31738,0,1.0437,0.1386
0.32136,0,1.0346,0.14135
0.32534,0,1.0256,0.14415
0.32932,0,1.0166,0.14701
0.3333,0,1.0076,0.14992
0.33728,0,0.99875,0.1529
0.34126,0,0.98992,0.15595
0.34524,0,0.98114,0.15905
0.34922,0,0.97241,0.16223
0.3532,0,0.96373,0.16547
0.35718,0,0.95511,0.16878
0.36116,0,0.94653,0.17216
0.36514,0,0.93801,0.17561
0.36912,0,0.92953,0.17914
0.3731,0,0.9211,0.18275
0.37708,0,0.91272,0.18644
0.38106,0,0.90439,0.1902
0.38504,0,0.89611,0.19406
0.38902,0,0.88787,0.19799
0.393,0,0.87968,0.20202
0.39698,0,0.87153,0.20614
0.40096,0,0.86344,0.21035
0.40494,0,0.85538,0.21465
0.40892,0,0.84738,0.21906
0.4129,0,0.83941,0.22356
0.41688,0,0.8315,0.22817
0.42086,0,0.82362,0.23289
0.42484,0,0.81579,0.23772
0.42882,0,0.808,0.24266
0.4328,0,0.80026,0.24772
0.43678,0,0.79256,0.2529
0.44076,0,0.7849,0.25821
0.44474,0,0.77728,0.26364
0.44872,0,0.76971,0.2692
0.4527,0,0.76217,0.2749
0.45668,0,0.75468,0.28074
0.46066,0,0.74723,0.28672
0.46464,0,0.73981,0.29286
0.46862,0,0.73244,0.29914
0.4726,0,0.72511,0.30558
0.47658,0,0.71782,0.31219
0.48056,0,0.71056,0.31896
0.48454,0,0.70334,0.32591
0.48852,0,0.69617,0.33304
0.4925,0,0.68903,0.34035
0.49648,0,0.68193,0.34786
0.50046,0,0.67486,0.35556
0.50444,0,0.66783,0.36346
0.50842,0,0.66084,0.37158
0.5124,0,0.65389,0.37991
0.51638,0,0.64697,0.38847
0.52036,0,0.64009,0.39727
0.52434,0,0.63325,0.4063
0.52832,0,0.62644,0.41558
0.5323,0,0.61966,0.42512
0.53628,0,0.61292,0.43493
0.54026,0,0.60621,0.44502
0.54424,0,0.59954,0.45539
0.54822,0,0.59291,0.46606
0.5522,0,0.5863,0.47704
0.55618,0,0.57973,0.48834
0.56016,0,0.5732,0.49997
0.56414,0,0.56669,0.51194
0.56812,0,0.56022,0.52427
0.5721,0,0.55379,0.53697
0.57608,0,0.54738,0.55006
0.58006,0,0.54101,0.56354
0.58404,0,0.53467,0.57744
0.58802,0,0.52836,0.59177
0.592,0,0.52208,0.60655
0.59598,0,0.51583,0.6218
0.59996,0,0.50962,0.63753
0.60394,0,0.50343,0.65377
0.60792,0,0.49728,0.67054
0.6119,0,0.49115,0.68785
0.61588,0,0.48506,0.70573
0.61986,0,0.47899,0.72421
0.62384,0,0.47296,0.74331
0.62782,0,0.46695,0.76306
0.6318,0,0.46098,0.78349
0.63578,0,0.45503,0.80462
0.63976,0,0.44911,0.82649
0.64374,0,0.44322,0.84913
0.64772,0,0.43736,0.87258
0.6517,0,0.43152,0.89687
0.65568,0,0.42572,0.92205
0.65966,0,0.41994,0.94815
0.66364,0,0.41419,0.97522
0.66762,0,0.40847,1.0033
0.6716,0,0.40277,1.0325
0.67558,0,0.3971,1.0627
0.67956,0,0.39146,1.0942
0.68354,0,0.38585,1.1268
0.68752,0,0.38026,1.1608
0.6915,0,0.3747,1.1961
0.69548,0,0.36916,1.2329
0.69946,0,0.36365,1.2712
0.70344,0,0.35816,1.311
0.70742,0,0.35271,1.3526
0.7114,0,0.34727,1.3959
0.71538,0,0.34186,1.4411
0.71936,0,0.33648,1.4882
0.72334,0,0.33112,1.5374
0.72732,0,0.32579,1.5889
0.7313,0,0.32048,1.6426
0.73528,0,0.31519,1.6989
0.73926,0,0.30993,1.7578
0.74324,0,0.3047,1.8194
0.74722,0,0.29948,1.884
0.7512,0,0.2943,1.9518
0.75518,0,0.28913,2.0229
0.75916,0,0.28399,2.0976
0.76314,0,0.27887,2.176
0.76712,0,0.27378,2.2585
0.7711,0,0.26871,2.3454
0.77508,0,0.26366,2.4368
0.77906,0,0.25863,2.5333
0.78304,0,0.25363,2.635
0.78702,0,0.24865,2.7424
0.791,0,0.24369,2.8559
0.79498,0,0.23875,2.9761
0.79896,0,0.23384,3.1032
0.80294,0,0.22895,3.2381
0.80692,0,0.22408,3.3811
0.8109,0,0.21923,3.5331
0.81488,0,0.2144,3.6947
0.81886,0,0.2096,3.8668
0.82284,0,0.20482,4.0503
0.82682,0,0.20005,4.2461
0.8308,0,0.19531,4.4553
0.83478,0,0.19059,4.6793
0.83876,0,0.1859,4.9193
0.84274,0,0.18122,5.177
0.84672,0,0.17657,5.454
0.8507,0,0.17193,5.7523
0.85468,0,0.16732,6.074
0.85866,0,0.16273,6.4216
0.86264,0,0.15815,6.798
0.86662,0,0.1536,7.2062
0.8706,0,0.14907,7.6499
0.87458,0,0.14457,8.1332
0.87856,0,0.14008,8.6609
0.88254,0,0.13561,9.2384
0.88652,0,0.13117,9.872
0.8905,0,0.12675,10.569
0.89448,0,0.12235,11.338
0.89846,0,0.11797,12.189
0.90244,0,0.11361,13.133
0.90642,0,0.10928,14.184
0.9104,0,0.10497,15.358
0.91438,0,0.10068,16.676
0.91836,0,0.09642,18.159
0.92234,0,0.092185,19.835
0.92632,0,0.087976,21.739
0.9303,0,0.083797,23.91
0.93428,0,0.079647,26.398
0.93826,0,0.07553,29.265
0.94224,0,0.071448,32.584
0.94622,0,0.067405,36.451
0.9502,0,0.063403,40.98
0.95418,0,0.059448,46.319
0.95816,0,0.055545,52.653
0.96214,0,0.0517,60.216
0.96612,0,0.047922,69.31
0.9701,0,0.044218,80.321
0.97408,0,0.0406,93.749
0.97806,0,0.037077,110.24
0.98204,0,0.033664,130.65
0.98602,0,0.030374,156.08
0.99,0,0.02722,188
