-1,4.3692,7.3837,0.013586
-0.99602,4.3609,7.3659,0.013605
-0.99204,4.3526,7.348,0.013624
-0.98806,4.3443,7.3302,0.013642
-0.98408,4.336,7.3123,0.013661
-0.9801,4.3275,7.2943,0.013679
-0.97612,4.3191,7.2764,0.013697
-0.97214,4.3107,7.2584,0.013715
-0.96816,4.3022,7.2404,0.013733
-0.96418,4.2936,7.2224,0.013751
-0.9602,4.2851,7.2044,0.013768
-0.95622,4.2765,7.1864,0.013786
-0.95224,4.2678,7.1683,0.013803
-0.94826,4.2591,7.1502,0.01382
-0.94428,4.2505,7.1321,0.013837
-0.9403,4.2417,7.114,0.013853
-0.93632,4.2328,7.0958,0.013871
-0.93234,4.224,7.0776,0.013887
-0.92836,4.2152,7.0594,0.013902
-0.92438,4.2062,7.0412,0.013919
-0.9204,4.1972,7.023,0.013935
-0.91642,4.1883,7.0047,0.01395
-0.91244,4.1792,6.9864,0.013965
-0.90846,4.1701,6.9681,0.013981
-0.90448,4.161,6.9498,0.013995
-0.9005,4.1518,6.9314,0.01401
-0.89652,4.1426,6.913,0.014025
-0.89254,4.1333,6.8946,0.014039
-0.88856,4.124,6.8762,0.014053
-0.88458,4.1147,6.8577,0.014066
-0.8806,4.1052,6.8392,0.01408
-0.87662,4.0958,6.8207,0.014093
-0.87264,4.0864,6.8022,0.014106
-0.86866,4.0768,6.7836,0.014119
-0.86468,4.0672,6.765,0.014132
-0.8607,4.0576,6.7464,0.014143
-0.85672,4.0479,6.7278,0.014156
-0.85274,4.0381,6.7091,0.014167
-0.84876,4.0284,6.6904,0.014178
-0.84478,4.0185,6.6717,0.014189
-0.8408,4.0086,6.653,0.0142
-0.83682,3.9987,6.6342,0.01421
-0.83284,3.9887,6.6154,0.01422
-0.82886,3.9786,6.5966,0.01423
-0.82488,3.9685,6.5777,0.014239
-0.8209,3.9583,6.5589,0.014248
-0.81692,3.9481,6.5399,0.014257
-0.81294,3.9378,6.521,0.014265
-0.80896,3.9275,6.502,0.014273
-0.80498,3.9171,6.483,0.014281
-0.801,3.9066,6.464,0.014288
-0.79702,3.8961,6.445,0.014294
-0.79304,3.8855,6.4259,0.014301
-0.78906,3.8749,6.4068,0.014306
-0.78508,3.8642,6.3876,0.014312
-0.7811,3.8534,6.3684,0.014317
-0.77712,3.8426,6.3492,0.014321
-0.77314,3.8318,6.33,0.014325
-0.76916,3.8208,6.3107,0.014329
-0.76518,3.8098,6.2914,0.014332
-0.7612,3.7987,6.2721,0.014335
-0.75722,3.7875,6.2527,0.014337
-0.75324,3.7763,6.2333,0.014338
-0.74926,3.765,6.2139,0.014339
-0.74528,3.7536,6.1944,0.01434
-0.7413,3.7422,6.1749,0.01434
-0.73732,3.7306,6.1554,0.014339
-0.73334,3.719,6.1358,0.014338
-0.72936,3.7074,6.1162,0.014337
-0.72538,3.6956,6.0966,0.014334
-0.7214,3.6838,6.0769,0.014331
-0.71742,3.6719,6.0572,0.014328
-0.71344,3.6599,6.0374,0.014323
-0.70946,3.6478,6.0176,0.014318
-0.70548,3.6357,5.9978,0.014313
-0.7015,3.6235,5.978,0.014307
-0.69752,3.6111,5.9581,0.0143
-0.69354,3.5987,5.9381,0.014292
-0.68956,3.5862,5.9181,0.014283
-0.68558,3.5736,5.8981,0.014274
-0.6816,3.5609,5.8781,0.014264
-0.67762,3.5482,5.858,0.014253
-0.67364,3.5353,5.8379,0.014242
-0.66966,3.5223,5.8177,0.014229
-0.66568,3.5093,5.7975,0.014216
-0.6617,3.4961,5.7772,0.014202
-0.65772,3.4828,5.7569,0.014187
-0.65374,3.4695,5.7366,0.014171
-0.64976,3.456,5.7162,0.014154
-0.64578,3.4424,5.6958,0.014136
-0.6418,3.4287,5.6753,0.014118
-0.63782,3.4149,5.6548,0.014098
-0.63384,3.401,5.6342,0.014077
-0.62986,3.387,5.6136,0.014055
-0.62588,3.3728,5.593,0.014032
-0.6219,3.3586,5.5723,0.014008
-0.61792,3.3442,5.5515,0.013983
-0.61394,3.3296,5.5307,0.013957
-0.60996,3.315,5.5099,0.013929
-0.60598,3.3002,5.489,0.0139
-0.602,3.2853,5.4681,0.013871
-0.59802,3.2703,5.4471,0.013839
-0.59404,3.2551,5.426,0.013807
-0.59006,3.2398,5.405,0.013773
-0.58608,3.2244,5.3838,0.013738
-0.5821,3.2088,5.3626,0.013701
-0.57812,3.193,5.3414,0.013663
-0.57414,3.1771,5.3201,0.013624
-0.57016,3.161,5.2987,0.013583
-0.56618,3.1448,5.2773,0.01354
-0.5622,3.1284,5.2559,0.013496
-0.55822,3.1119,5.2344,0.013451
-0.55424,3.0952,5.2128,0.013403
-0.55026,3.0783,5.1912,0.013354
-0.54628,3.0612,5.1695,0.013303
-0.5423,3.044,5.1477,0.013251
-0.53832,3.0265,5.1259,0.013196
-0.53434,3.0089,5.1041,0.01314
-0.53036,2.9911,5.0821,0.013082
-0.52638,2.9731,5.0602,0.013022
-0.5224,2.9548,5.0381,0.012959
-0.51842,2.9364,5.016,0.012895
-0.51444,2.9178,4.9938,0.012829
-0.51046,2.8989,4.9716,0.01276
-0.50648,2.8798,4.9493,0.012689
-0.5025,2.8605,4.9269,0.012616
-0.49852,2.8409,4.9044,0.01254
-0.49454,2.8211,4.8819,0.012462
-0.49056,2.801,4.8594,0.012382
-0.48658,2.7806,4.8367,0.012299
-0.4826,2.76,4.814,0.012213
-0.47862,2.7391,4.7912,0.012125
-0.47464,2.718,4.7683,0.012033
-0.47066,2.6965,4.7454,0.011939
-0.46668,2.6748,4.7224,0.011842
-0.4627,2.6527,4.6993,0.011742
-0.45872,2.6303,4.6761,0.011639
-0.45474,2.6075,4.6529,0.011533
-0.45076,2.5845,4.6295,0.011423
-0.44678,2.561,4.6061,0.01131
-0.4428,2.5372,4.5826,0.011193
-0.43882,2.5131,4.559,0.011073
-0.43484,2.4885,4.5354,0.010949
-0.43086,2.4635,4.5116,0.010822
-0.42688,2.4381,4.4878,0.01069
-0.4229,2.4122,4.4639,0.010554
-0.41892,2.3859,4.4399,0.010415
-0.41494,2.3591,4.4158,0.01027
-0.41096,2.3318,4.3916,0.010122
-0.40698,2.304,4.3673,0.009969
-0.403,2.2756,4.3429,0.0098112
-0.39902,2.2467,4.3184,0.0096488
-0.39504,2.2172,4.2938,0.0094811
-0.39106,2.187,4.2691,0.0093084
-0.38708,2.1562,4.2443,0.0091305
-0.3831,2.1248,4.2194,0.008947
-0.37912,2.0925,4.1944,0.0087577
-0.37514,2.0596,4.1693,0.0085627
-0.37116,2.0258,4.1441,0.0083618
-0.36718,1.9912,4.1188,0.0081544
-0.3632,1.9557,4.0933,0.0079406
-0.35922,1.9192,4.0678,0.0077204
-0.35524,1.8817,4.0421,0.0074929
-0.35126,1.8431,4.0163,0.0072585
-0.34728,1.8034,3.9904,0.0070167
-0.3433,1.7624,3.9643,0.0067673
-0.33932,1.72,3.9382,0.0065098
-0.33534,1.6762,3.9119,0.0062444
-0.33136,1.6308,3.8854,0.0059702
-0.32738,1.5837,3.8589,0.0056873
-0.3234,1.5347,3.8322,0.0053953
-0.31942,1.4835,3.8053,0.0050938
-0.31544,1.4301,3.7783,0.0047827
-0.31146,1.374,3.7512,0.0044611
-0.30748,1.3149,3.7239,0.0041291
-0.3035,1.2524,3.6965,0.003786
-0.29952,1.186,3.6689,0.0034317
-0.29554,1.1148,3.6412,0.0030652
-0.29156,1.0379,3.6133,0.0026865
-0.28758,0.954,3.5852,0.0022951
-0.2836,0.86088,3.5569,0.00189
-0.27962,0.75518,3.5285,0.0014712
-0.27564,0.63052,3.4999,0.0010378
-0.27166,0.47209,3.4712,0.00058921
-0.26768,0.012871,3.4423,-2.0614e-05
-0.2637,0.012871,3.4132,0.00021843
-0.25972,0.012871,3.3845,0.00046093
-0.25574,0.012871,3.3561,0.00070715
-0.25176,0.01287,3.328,0.00095713
-0.24778,0.01287,3.3002,0.0012107
-0.2438,0.01287,3.2727,0.001468
-0.23982,0.012871,3.2454,0.0017292
-0.23584,0.012871,3.2185,0.0019943
-0.23186,0.012871,3.1917,0.0022633
-0.22788,0.012871,3.1653,0.0025364
-0.2239,0.012871,3.1392,0.0028136
-0.21992,0.012871,3.1133,0.003095
-0.21594,0.012871,3.0877,0.0033804
-0.21196,0.012871,3.0623,0.0036701
-0.20798,0.01287,3.0372,0.0039643
-0.204,0.012871,3.0123,0.0042629
-0.20002,0.012871,2.9877,0.0045659
-0.19604,0.01287,2.9633,0.0048734
-0.19206,0.012871,2.9392,0.0051855
-0.18808,0.01287,2.9152,0.0055024
-0.1841,0.01287,2.8916,0.0058238
-0.18012,0.012871,2.8681,0.0061503
-0.17614,0.012871,2.8449,0.0064816
-0.17216,0.012871,2.8219,0.0068179
-0.16818,0.012871,2.799,0.0071592
-0.1642,0.012871,2.7765,0.0075057
-0.16022,0.01287,2.7541,0.0078576
-0.15624,0.012871,2.7319,0.0082144
-0.15226,0.01287,2.71,0.0085766
-0.14828,0.012871,2.6882,0.0089444
-0.1443,0.01287,2.6667,0.0093181
-0.14032,0.01287,2.6454,0.0096967
-0.13634,0.012871,2.6242,0.010082
-0.13236,0.01287,2.6032,0.010472
-0.12838,0.01287,2.5824,0.010869
-0.1244,0.01287,2.5619,0.011271
-0.12042,0.01287,2.5414,0.01168
-0.11644,0.012871,2.5212,0.012095
-0.11246,0.01287,2.5011,0.012516
-0.10848,0.01287,2.4813,0.012944
-0.1045,0.012871,2.4616,0.013378
-0.10052,0.01287,2.442,0.013819
-0.09654,0.012871,2.4227,0.014266
-0.09256,0.012871,2.4035,0.014721
-0.08858,0.01287,2.3845,0.015182
-0.0846,0.012871,2.3657,0.01565
-0.08062,0.01287,2.347,0.016126
-0.07664,0.01287,2.3284,0.016609
-0.07266,0.01287,2.31,0.0171
-0.06868,0.012871,2.2918,0.017598
-0.0647,0,2.2737,0.018103
-0.06072,0,2.2558,0.018617
-0.05674,0,2.2381,0.019139
-0.05276,0,2.2204,0.019668
-0.04878,0,2.203,0.020206
-0.0448,0,2.1856,0.020752
-0.04082,0,2.1685,0.021307
-0.03684,0,2.1514,0.021871
-0.03286,0,2.1345,0.022443
-0.02888,0,2.1177,0.023024
-0.0249,0,2.1011,0.023614
-0.02092,0,2.0846,0.024214
-0.01694,0,2.0682,0.024823
-0.01296,0,2.052,0.025442
-0.00898,0,2.0359,0.026071
-0.005,0,2.0199,0.026709
-0.00102,0,2.004,0.027358
0.00296,0,1.9883,0.028017
0.00694,0,1.9727,0.028687
0.01092,0,1.9572,0.029367
0.0149,0,1.9419,0.030058
0.01888,0,1.9266,0.03076
0.02286,0,1.9115,0.031474
0.02684,0,1.8965,0.032199
0.03082,0,1.8816,0.032936
0.0348,0,1.8668,0.033684
0.03878,0,1.8521,0.034445
0.04276,0,1.8375,0.035218
0.04674,0,1.8231,0.036004
0.05072,0,1.8088,0.036803
0.0547,0,1.7945,0.037615
0.05868,0,1.7804,0.03844
0.06266,0,1.7664,0.039278
0.06664,0,1.7524,0.040131
0.07062,0,1.7386,0.040997
0.0746,0,1.7249,0.041878
0.07858,0,1.7113,0.042773
0.08256,0,1.6978,0.043684
0.08654,0,1.6843,0.044609
0.09052,0,1.671,0.04555
0.0945,0,1.6578,0.046507
0.09848,0,1.6447,0.04748
0.10246,0,1.6316,0.04847
0.10644,0,1.6187,0.049476
0.11042,0,1.6058,0.050499
0.1144,0,1.5931,0.051539
0.11838,0,1.5804,0.052598
0.12236,0,1.5678,0.053674
0.12634,0,1.5553,0.054769
0.13032,0,1.5429,0.055882
0.1343,0,1.5306,0.057015
0.13828,0,1.5184,0.058168
0.14226,0,1.5062,0.05934
0.14624,0,1.4941,0.060533
0.15022,0,1.4822,0.061746
0.1542,0,1.4702,0.062981
0.15818,0,1.4584,0.064238
0.16216,0,1.4467,0.065516
0.16614,0,1.435,0.066817
0.17012,0,1.4234,0.068142
0.1741,0,1.4119,0.069489
0.17808,0,1.4005,0.070861
0.18206,0,1.3892,0.072257
0.18604,0,1.3779,0.073679
0.19002,0,1.3667,0.075126
0.194,0,1.3555,0.076599
0.19798,0,1.3445,0.078099
0.20196,0,1.3335,0.079626
0.20594,0,1.3226,0.081181
0.20992,0,1.3118,0.082764
0.2139,0,1.301,0.084377
0.21788,0,1.2903,0.086019
0.22186,0,1.2797,0.087692
0.22584,0,1.2691,0.089395
0.22982,0,1.2586,0.091131
0.2338,0,1.2482,0.092899
0.23778,0,1.2378,0.0947
0.24176,0,1.2275,0.096535
0.24574,0,1.2173,0.098405
0.24972,0,1.2071,0.10031
0.2537,0,1.197,0.10225
0.25768,0,1.187,0.10423
0.26166,0,1.177,0.10625
0.26564,0,1.1671,0.1083
0.26962,0,1.1573,0.1104
0.2736,0,1.1475,0.11253
0.27758,0,1.1378,0.11471
0.28156,0,1.1281,0.11693
0.28554,0,1.1185,0.1192
0.28952,0,1.1089,0.12151
0.2935,0,1.0994,0.12386
0.29748,0,1.09,0.12626
0.30146,0,1.0806,0.12871
0.30544,0,1.0713,0.13121
0.30942,0,1.0621,0.13376
0.3134,0,1.0528,0.13636
0.31738,0,1.0437,0.13902
0.32136,0,1.0346,0.14173
0.32534,0,1.0256,0.14449
0.32932,0,1.0166,0.14731
0.3333,0,1.0076,0.15019
0.33728,0,0.99875,0.15313
0.34126,0,0.98992,0.15613
0.34524,0,0.98114,0.1592
0.34922,0,0.97241,0.16233
0.3532,0,0.96373,0.16552
0.35718,0,0.95511,0.16878
0.36116,0,0.94653,0.17212
0.36514,0,0.93801,0.17552
0.36912,0,0.92953,0.179
0.3731,0,0.9211,0.18256
0.37708,0,0.91272,0.18619
0.38106,0,0.90439,0.1899
0.38504,0,0.89611,0.1937
0.38902,0,0.88787,0.19758
0.393,0,0.87968,0.20154
0.39698,0,0.87153,0.2056
0.40096,0,0.86344,0.20974
0.40494,0,0.85538,0.21398
0.40892,0,0.84738,0.21832
0.4129,0,0.83941,0.22275
0.41688,0,0.8315,0.22729
0.42086,0,0.82362,0.23194
0.42484,0,0.81579,0.23669
0.42882,0,0.808,0.24155
0.4328,0,0.80026,0.24653
0.43678,0,0.79256,0.25163
0.44076,0,0.7849,0.25684
0.44474,0,0.77728,0.26219
0.44872,0,0.76971,0.26766
0.4527,0,0.76217,0.27326
0.45668,0,0.75468,0.279
0.46066,0,0.74723,0.28489
0.46464,0,0.73981,0.29092
0.46862,0,0.73244,0.29709
0.4726,0,0.72511,0.30343
0.47658,0,0.71782,0.30992
0.48056,0,0.71056,0.31658
0.48454,0,0.70334,0.32341
0.48852,0,0.69617,0.33041
0.4925,0,0.68903,0.33759
0.49648,0,0.68193,0.34496
0.50046,0,0.67486,0.35253
0.50444,0,0.66783,0.36029
0.50842,0,0.66084,0.36826
0.5124,0,0.65389,0.37645
0.51638,0,0.64697,0.38485
0.52036,0,0.64009,0.39348
0.52434,0,0.63325,0.40235
0.52832,0,0.62644,0.41147
0.5323,0,0.61966,0.42083
0.53628,0,0.61292,0.43046
0.54026,0,0.60621,0.44036
0.54424,0,0.59954,0.45053
0.54822,0,0.59291,0.461
0.5522,0,0.5863,0.47177
0.55618,0,0.57973,0.48286
0.56016,0,0.5732,0.49427
0.56414,0,0.56669,0.50601
0.56812,0,0.56022,0.5181
0.5721,0,0.55379,0.53056
0.57608,0,0.54738,0.54339
0.58006,0,0.54101,0.55661
0.58404,0,0.53467,0.57024
0.58802,0,0.52836,0.58429
0.592,0,0.52208,0.59877
0.59598,0,0.51583,0.61372
0.59996,0,0.50962,0.62914
0.60394,0,0.50343,0.64505
0.60792,0,0.49728,0.66148
0.6119,0,0.49115,0.67844
0.61588,0,0.48506,0.69596
0.61986,0,0.47899,0.71407
0.62384,0,0.47296,0.73278
0.62782,0,0.46695,0.75212
0.6318,0,0.46098,0.77213
0.63578,0,0.45503,0.79282
0.63976,0,0.44911,0.81424
0.64374,0,0.44322,0.83641
0.64772,0,0.43736,0.85937
0.6517,0,0.43152,0.88316
0.65568,0,0.42572,0.9078
0.65966,0,0.41994,0.93335
0.66364,0,0.41419,0.95985
0.66762,0,0.40847,0.98734
0.6716,0,0.40277,1.0159
0.67558,0,0.3971,1.0455
0.67956,0,0.39146,1.0762
0.68354,0,0.38585,1.1082
0.68752,0,0.38026,1.1415
0.6915,0,0.3747,1.176
0.69548,0,0.36916,1.212
0.69946,0,0.36365,1.2494
0.70344,0,0.35816,1.2884
0.70742,0,0.35271,1.329
0.7114,0,0.34727,1.3714
0.71538,0,0.34186,1.4156
0.71936,0,0.33648,1.4617
0.72334,0,0.33112,1.5098
0.72732,0,0.32579,1.5601
0.7313,0,0.32048,1.6127
0.73528,0,0.31519,1.6676
0.73926,0,0.30993,1.7252
0.74324,0,0.3047,1.7854
0.74722,0,0.29948,1.8486
0.7512,0,0.2943,1.9148
0.75518,0,0.28913,1.9843
0.75916,0,0.28399,2.0572
0.76314,0,0.27887,2.1339
0.76712,0,0.27378,2.2145
0.7711,0,0.26871,2.2993
0.77508,0,0.26366,2.3887
0.77906,0,0.25863,2.4829
0.78304,0,0.25363,2.5822
0.78702,0,0.24865,2.6872
0.791,0,0.24369,2.798
0.79498,0,0.23875,2.9153
0.79896,0,0.23384,3.0395
0.80294,0,0.22895,3.1712
0.80692,0,0.22408,3.3109
0.8109,0,0.21923,3.4592
0.81488,0,0.2144,3.617
0.81886,0,0.2096,3.785
0.82284,0,0.20482,3.964
0.82682,0,0.20005,4.1551
0.8308,0,0.19531,4.3594
0.83478,0,0.19059,4.5779
0.83876,0,0.1859,4.8122
0.84274,0,0.18122,5.0636
0.84672,0,0.17657,5.3339
0.8507,0,0.17193,5.6249
0.85468,0,0.16732,5.9387
0.85866,0,0.16273,6.2779
0.86264,0,0.15815,6.645
0.86662,0,0.1536,7.0431
0.8706,0,0.14907,7.4759
0.87458,0,0.14457,7.9473
0.87856,0,0.14008,8.4619
0.88254,0,0.13561,9.0251
0.88652,0,0.13117,9.6429
0.8905,0,0.12675,10.323
0.89448,0,0.12235,11.072
0.89846,0,0.11797,11.901
0.90244,0,0.11361,12.822
0.90642,0,0.10928,13.847
0.9104,0,0.10497,14.991
0.91438,0,0.10068,16.275
0.91836,0,0.09642,17.721
0.92234,0,0.092185,19.354
0.92632,0,0.087976,21.209
0.9303,0,0.083797,23.325
0.93428,0,0.079647,25.749
0.93826,0,0.07553,28.541
0.94224,0,0.071448,31.775
0.94622,0,0.067405,35.54
0.9502,0,0.063403,39.951
0.95418,0,0.059448,45.149
0.95816,0,0.055545,51.315
0.96214,0,0.0517,58.677
0.96612,0,0.047922,67.527
0.9701,0,0.044218,78.24
0.97408,0,0.0406,91.301
0.97806,0,0.037077,107.34
0.98204,0,0.033664,127.18
0.98602,0,0.030374,151.9
0.99,0,0.02722,182.91
