0.62832,5.3279
0.88858,13.69
1.0883,32.867
1.2566,86.926
1.405,103.02
1.5391,69.067
1.7772,24.046
1.885,15.481
1.9869,10.317
2.0839,10.559
2.1766,5.6541
2.2654,5.6129
2.351,4.052
2.5133,4.8084
2.5906,3.4923
2.6657,2.8834
2.7388,1.8813
2.8099,1.8156
2.8793,1.5365
2.9471,1.3211
3.0781,1.0008
3.1416,0.88495
3.2038,0.89653
3.2648,0.82003
3.3836,0.72925
3.4414,0.67532
3.5543,0.59309
3.6094,0.66038
3.6637,0.62278
3.7172,0.57595
3.7699,0.66197
3.8219,0.83235
3.8732,0.60567
3.9738,0.6699
4.0232,0.55657
4.072,0.45944
4.1202,0.40729
4.1678,0.54518
4.2149,0.47167
4.2615,0.51848
4.3531,0.312
4.3982,0.4234
4.4429,0.4552
4.4871,0.46006
4.5309,0.33563
4.5742,0.38871
4.6172,0.37246
4.7019,0.28111
4.7437,0.30435
4.7851,0.34105
4.8262,0.29542
4.9073,0.24165
4.9474,0.26595
5.0265,0.39815
5.0657,0.26555
5.1045,0.27313
5.143,0.23912
5.1812,0.27478
5.2192,0.24914
5.2569,0.17545
5.3315,0.23434
5.3684,0.23246
5.405,0.20909
5.4414,0.21103
5.4776,0.14982
5.5135,0.19096
5.5492,0.17291
5.6199,0.22147
5.6549,0.20497
5.6897,0.26404
5.7243,0.21804
5.7586,0.16656
5.7928,0.18535
5.8268,0.21653
5.8942,0.14595
5.9275,0.1697
5.9608,0.18519
5.9938,0.2281
6.0593,0.15714
6.0918,0.1756
6.1562,0.14772
6.1882,0.14704
6.22,0.15703
6.2517,0.15918
6.2832,0.17652
6.3145,0.18936
6.3457,0.18582
6.4076,0.16442
6.4383,0.17017
6.4689,0.14947
6.4994,0.14468
6.5297,0.14191
6.5598,0.14928
6.5899,0.13951
6.6791,0.15288
6.7086,0.12846
6.738,0.14823
6.7672,0.15745
6.7963,0.16059
6.8253,0.14976
6.8829,0.15523
6.9115,0.13009
6.94,0.12463
6.9684,0.12403
7.0248,0.14766
7.0529,0.14447
7.1086,0.1433
7.1363,0.12552
7.1639,0.13315
7.1914,0.13332
7.2188,0.12638
7.2461,0.13426
7.2733,0.12526
7.3274,0.12219
7.3543,0.15873
7.3811,0.12102
7.4078,0.11449
7.4344,0.12822
7.4609,0.12832
7.4873,0.12429
7.566,0.11151
7.592,0.14232
7.618,0.13599
7.6696,0.11941
7.6953,0.14906
7.7719,0.12218
7.7972,0.12748
7.8225,0.11422
7.8978,0.13253
7.9725,0.12932
8.0218,0.1134
8.0464,0.13311
8.0709,0.12529
8.0953,0.10724
8.1439,0.13762
8.1923,0.13198
8.2403,0.107
8.2642,0.1445
8.3828,0.15366
8.4063,0.1246
8.4532,0.11226
8.4765,0.13566
8.5461,0.13635
8.638,0.12726
8.7062,0.11799
8.7515,0.1319
8.8189,0.12644
8.8412,0.10962
8.9742,0.1228
9.0181,0.11952
9.17,0.11907
9.2557,0.13904
9.4248,0.13653
9.4457,0.13301
9.4457,0.11034
