0.62832,5.9843
0.88858,10.89
1.0883,25.628
1.2566,62.811
1.405,62.471
1.5391,43.739
1.7772,17.643
1.885,11.426
1.9869,8.1258
2.0839,6.8548
2.1766,5.5726
2.2654,4.7575
2.351,3.6842
2.5133,3.5399
2.5906,2.5426
2.6657,2.4308
2.7388,1.8853
2.8099,1.5865
2.8793,1.5463
2.9471,1.2649
3.0781,0.98263
3.1416,0.96032
3.2038,0.87455
3.2648,0.86877
3.3836,0.73803
3.4414,0.62677
3.5543,0.71539
3.6094,0.59862
3.6637,0.53727
3.7172,0.50523
3.7699,0.53664
3.8219,0.52883
3.8732,0.47616
3.9738,0.44437
4.0232,0.40085
4.072,0.38273
4.1202,0.37291
4.1678,0.43434
4.2149,0.37193
4.2615,0.36586
4.3531,0.31548
4.3982,0.32662
4.4429,0.34277
4.4871,0.31446
4.5309,0.3087
4.5742,0.30512
4.6172,0.28731
4.7019,0.28822
4.7437,0.26612
4.7851,0.26639
4.8262,0.27573
4.9073,0.23384
4.9474,0.25835
5.0265,0.29128
5.0657,0.2271
5.1045,0.22208
5.143,0.23128
5.1812,0.22816
5.2192,0.23284
5.2569,0.22086
5.3315,0.19154
5.3684,0.21464
5.405,0.2272
5.4414,0.19391
5.4776,0.18425
5.5135,0.20439
5.5492,0.18724
5.6199,0.21001
5.6549,0.18901
5.6897,0.21441
5.7243,0.19815
5.7586,0.19149
5.7928,0.1954
5.8268,0.18309
5.8942,0.16511
5.9275,0.18445
5.9608,0.17344
5.9938,0.21201
6.0593,0.1697
6.0918,0.16419
6.1562,0.20587
6.1882,0.16995
6.22,0.15556
6.2517,0.1676
6.2832,0.16454
6.3145,0.18262
6.3457,0.15461
6.4076,0.18796
6.4383,0.15949
6.4689,0.1607
6.4994,0.15316
6.5297,0.17874
6.5598,0.15888
6.5899,0.15958
6.6791,0.1703
6.7086,0.14393
6.738,0.16146
6.7672,0.14334
6.7963,0.15133
6.8253,0.16176
6.8829,0.17217
6.9115,0.14256
6.94,0.14859
6.9684,0.14074
7.0248,0.14527
7.0529,0.15101
7.1086,0.14092
7.1363,0.14093
7.1639,0.13346
7.1914,0.14927
7.2188,0.13232
7.2461,0.16356
7.2733,0.13888
7.3274,0.13574
7.3543,0.15977
7.3811,0.13547
7.4078,0.15803
7.4344,0.14568
7.4609,0.13199
7.4873,0.13561
7.566,0.14608
7.592,0.13951
7.618,0.13779
7.6696,0.14557
7.6953,0.14412
7.7719,0.16038
7.7972,0.14338
7.8225,0.12323
7.8978,0.14425
7.9725,0.1407
8.0218,0.14202
8.0464,0.14088
8.0709,0.12758
8.0953,0.14563
8.1439,0.13569
8.1923,0.13583
8.2403,0.14519
8.2642,0.14588
8.3828,0.11601
8.4063,0.12585
8.4532,0.12736
8.4765,0.11922
8.5461,0.11598
8.638,0.1271
8.7062,0.10314
8.7515,0.111
8.8189,0.12011
8.8412,0.12469
8.9742,0.11961
9.0181,0.14603
9.17,0.13104
9.2557,0.12418
9.4248,0.13386
9.4457,0.11829
9.4457,0.10967
