0.62832,6.0711
0.88858,12.097
1.0883,21.901
1.2566,59.891
1.405,56.376
1.5391,36.884
1.7772,15.363
1.885,10.422
1.9869,7.7344
2.0839,6.1707
2.1766,6.6409
2.2654,4.4375
2.351,3.5211
2.5133,2.9438
2.5906,2.2891
2.6657,2.0162
2.7388,1.6859
2.8099,1.5054
2.8793,1.3115
2.9471,1.2945
3.0781,0.95504
3.1416,0.9314
3.2038,0.84228
3.2648,0.70218
3.3836,0.69141
3.4414,0.63654
3.5543,0.57672
3.6094,0.5598
3.6637,0.51662
3.7172,0.51042
3.7699,0.48566
3.8219,0.47195
3.8732,0.4565
3.9738,0.43804
4.0232,0.42331
4.072,0.41539
4.1202,0.45659
4.1678,0.40111
4.2149,0.34659
4.2615,0.4157
4.3531,0.26804
4.3982,0.34761
4.4429,0.33764
4.4871,0.31829
4.5309,0.30089
4.5742,0.2889
4.6172,0.30643
4.7019,0.27964
4.7437,0.31194
4.7851,0.27085
4.8262,0.27686
4.9073,0.25518
4.9474,0.25893
5.0265,0.26628
5.0657,0.23498
5.1045,0.25044
5.143,0.22963
5.1812,0.22367
5.2192,0.24882
5.2569,0.20679
5.3315,0.22646
5.3684,0.21452
5.405,0.21756
5.4414,0.22786
5.4776,0.20284
5.5135,0.19242
5.5492,0.20714
5.6199,0.20379
5.6549,0.19504
5.6897,0.21167
5.7243,0.18135
5.7586,0.19994
5.7928,0.18676
5.8268,0.19071
5.8942,0.16512
5.9275,0.18377
5.9608,0.18577
5.9938,0.19157
6.0593,0.20438
6.0918,0.18206
6.1562,0.16118
6.1882,0.17215
6.22,0.16658
6.2517,0.17736
6.2832,0.17342
6.3145,0.17683
6.3457,0.17284
6.4076,0.18361
6.4383,0.16909
6.4689,0.15909
6.4994,0.16317
6.5297,0.15785
6.5598,0.15303
6.5899,0.15264
6.6791,0.16489
6.7086,0.16294
6.738,0.17169
6.7672,0.1591
6.7963,0.15654
6.8253,0.15553
6.8829,0.15673
6.9115,0.156
6.94,0.15234
6.9684,0.13124
7.0248,0.15039
7.0529,0.14342
7.1086,0.16064
7.1363,0.14292
7.1639,0.11759
7.1914,0.14691
7.2188,0.13466
7.2461,0.16057
7.2733,0.15583
7.3274,0.1406
7.3543,0.15593
7.3811,0.12797
7.4078,0.14489
7.4344,0.12527
7.4609,0.16276
7.4873,0.12605
7.566,0.1465
7.592,0.13366
7.618,0.13264
7.6696,0.13506
7.6953,0.16667
7.7719,0.13919
7.7972,0.1459
7.8225,0.13563
7.8978,0.13353
7.9725,0.13098
8.0218,0.13598
8.0464,0.14396
8.0709,0.13923
8.0953,0.10126
8.1439,0.14345
8.1923,0.13379
8.2403,0.11528
8.2642,0.13128
8.3828,0.17014
8.4063,0.11554
8.4532,0.10738
8.4765,0.12303
8.5461,0.12214
8.638,0.12066
8.7062,0.14053
8.7515,0.11605
8.8189,0.14817
8.8412,0.13732
8.9742,0.13359
9.0181,0.10565
9.17,0.12545
9.2557,0.1317
9.4248,0.10869
9.4457,0.11841
9.4457,0.1175
