0.62832,5.7098
0.88858,11.718
1.0883,27.652
1.2566,55.471
1.405,78.962
1.5391,67.952
1.7772,23.23
1.885,12.366
1.9869,9.9159
2.0839,8.781
2.1766,6.6798
2.2654,6.468
2.351,4.6197
2.5133,4.428
2.5906,3.041
2.6657,2.643
2.7388,2.2661
2.8099,1.8383
2.8793,1.6242
2.9471,1.493
3.0781,1.0803
3.1416,1.0337
3.2038,0.92293
3.2648,0.81692
3.3836,0.73052
3.4414,0.68223
3.5543,0.54042
3.6094,0.58631
3.6637,0.62833
3.7172,0.5516
3.7699,0.52999
3.8219,0.53843
3.8732,0.52845
3.9738,0.46965
4.0232,0.44291
4.072,0.42723
4.1202,0.42375
4.1678,0.43675
4.2149,0.4042
4.2615,0.37189
4.3531,0.30656
4.3982,0.35294
4.4429,0.33088
4.4871,0.34509
4.5309,0.28927
4.5742,0.28536
4.6172,0.29498
4.7019,0.26974
4.7437,0.27767
4.7851,0.2884
4.8262,0.25299
4.9073,0.25102
4.9474,0.24597
5.0265,0.26955
5.0657,0.22921
5.1045,0.23692
5.143,0.19846
5.1812,0.23704
5.2192,0.21838
5.2569,0.21504
5.3315,0.20067
5.3684,0.1939
5.405,0.20118
5.4414,0.16915
5.4776,0.17039
5.5135,0.19713
5.5492,0.18174
5.6199,0.188
5.6549,0.17731
5.6897,0.21222
5.7243,0.19315
5.7586,0.18205
5.7928,0.1773
5.8268,0.18274
5.8942,0.16595
5.9275,0.17218
5.9608,0.16731
5.9938,0.18333
6.0593,0.13852
6.0918,0.16051
6.1562,0.14229
6.1882,0.14196
6.22,0.15764
6.2517,0.14097
6.2832,0.17225
6.3145,0.16533
6.3457,0.18156
6.4076,0.16078
6.4383,0.15104
6.4689,0.14546
6.4994,0.15535
6.5297,0.16248
6.5598,0.14049
6.5899,0.13701
6.6791,0.15075
6.7086,0.1248
6.738,0.17423
6.7672,0.1622
6.7963,0.13788
6.8253,0.13263
6.8829,0.13935
6.9115,0.13441
6.94,0.12213
6.9684,0.13567
7.0248,0.14692
7.0529,0.14336
7.1086,0.11299
7.1363,0.13149
7.1639,0.14492
7.1914,0.12013
7.2188,0.14467
7.2461,0.13713
7.2733,0.13443
7.3274,0.13879
7.3543,0.11811
7.3811,0.1471
7.4078,0.12537
7.4344,0.13694
7.4609,0.14264
7.4873,0.13414
7.566,0.13254
7.592,0.12009
7.618,0.11005
7.6696,0.12151
7.6953,0.11348
7.7719,0.13461
7.7972,0.13189
7.8225,0.12164
7.8978,0.13404
7.9725,0.13125
8.0218,0.15281
8.0464,0.10375
8.0709,0.123
8.0953,0.10306
8.1439,0.13144
8.1923,0.12625
8.2403,0.12231
8.2642,0.1222
8.3828,0.10583
8.4063,0.11628
8.4532,0.11053
8.4765,0.12546
8.5461,0.12675
8.638,0.11542
8.7062,0.12333
8.7515,0.095033
8.8189,0.15141
8.8412,0.12426
8.9742,0.17218
9.0181,0.12511
9.17,0.13718
9.2557,0.10962
9.4248,0.11004
9.4457,0.10856
9.4457,0.11014
