0.62832,4.4519
0.88858,12.542
1.0883,26.87
1.2566,74.996
1.405,85.431
1.5391,70.864
1.7772,25.357
1.885,12.805
1.9869,11.2
2.0839,10.29
2.1766,5.9681
2.2654,5.9209
2.351,4.592
2.5133,4.553
2.5906,3.1568
2.6657,2.508
2.7388,2.6083
2.8099,2.2293
2.8793,1.729
2.9471,1.6242
3.0781,1.0437
3.1416,1.0693
3.2038,0.97038
3.2648,0.92483
3.3836,0.75426
3.4414,0.67855
3.5543,0.60149
3.6094,0.59933
3.6637,0.58434
3.7172,0.53117
3.7699,0.55385
3.8219,0.53052
3.8732,0.5274
3.9738,0.50468
4.0232,0.45902
4.072,0.41898
4.1202,0.41435
4.1678,0.4053
4.2149,0.41552
4.2615,0.41175
4.3531,0.35878
4.3982,0.36934
4.4429,0.36632
4.4871,0.33902
4.5309,0.33103
4.5742,0.36036
4.6172,0.29634
4.7019,0.2785
4.7437,0.2855
4.7851,0.28764
4.8262,0.25661
4.9073,0.25608
4.9474,0.23986
5.0265,0.29197
5.0657,0.25334
5.1045,0.23509
5.143,0.24312
5.1812,0.22264
5.2192,0.23774
5.2569,0.19899
5.3315,0.22194
5.3684,0.20282
5.405,0.20745
5.4414,0.17337
5.4776,0.20976
5.5135,0.1908
5.5492,0.19688
5.6199,0.19973
5.6549,0.18303
5.6897,0.21196
5.7243,0.17683
5.7586,0.17577
5.7928,0.19509
5.8268,0.17858
5.8942,0.15206
5.9275,0.17329
5.9608,0.1775
5.9938,0.16141
6.0593,0.16478
6.0918,0.16984
6.1562,0.13961
6.1882,0.16508
6.22,0.15694
6.2517,0.15537
6.2832,0.15578
6.3145,0.17149
6.3457,0.14362
6.4076,0.16791
6.4383,0.17009
6.4689,0.14754
6.4994,0.16439
6.5297,0.16853
6.5598,0.15588
6.5899,0.15718
6.6791,0.15302
6.7086,0.15237
6.738,0.14628
6.7672,0.1609
6.7963,0.15367
6.8253,0.14367
6.8829,0.14779
6.9115,0.13765
6.94,0.12797
6.9684,0.13505
7.0248,0.14036
7.0529,0.15115
7.1086,0.13133
7.1363,0.13553
7.1639,0.15836
7.1914,0.13715
7.2188,0.12369
7.2461,0.13459
7.2733,0.1354
7.3274,0.1219
7.3543,0.1342
7.3811,0.11946
7.4078,0.14054
7.4344,0.14036
7.4609,0.13316
7.4873,0.12695
7.566,0.13701
7.592,0.11131
7.618,0.12456
7.6696,0.12267
7.6953,0.12323
7.7719,0.1253
7.7972,0.13305
7.8225,0.1307
7.8978,0.13928
7.9725,0.12527
8.0218,0.12205
8.0464,0.13698
8.0709,0.11421
8.0953,0.10828
8.1439,0.13135
8.1923,0.11176
8.2403,0.11445
8.2642,0.14787
8.3828,0.11122
8.4063,0.10047
8.4532,0.12357
8.4765,0.12931
8.5461,0.11957
8.638,0.13088
8.7062,0.12647
8.7515,0.13125
8.8189,0.11593
8.8412,0.1129
8.9742,0.13128
9.0181,0.12091
9.17,0.1197
9.2557,0.1276
9.4248,0.13031
9.4457,0.11293
9.4457,0.11973
