0.62832,6.1897
0.88858,11.475
1.0883,26.979
1.2566,55.004
1.405,74.454
1.5391,64.44
1.7772,19.847
1.885,15.402
1.9869,10.033
2.0839,9.2028
2.1766,5.2805
2.2654,6.2487
2.351,4.48
2.5133,3.5886
2.5906,2.8006
2.6657,2.4049
2.7388,2.6712
2.8099,2.0229
2.8793,1.7488
2.9471,1.4393
3.0781,1.1675
3.1416,0.97056
3.2038,0.93441
3.2648,0.86222
3.3836,0.76569
3.4414,0.70986
3.5543,0.62788
3.6094,0.57129
3.6637,0.5376
3.7172,0.48401
3.7699,0.51908
3.8219,0.50929
3.8732,0.50487
3.9738,0.49549
4.0232,0.42889
4.072,0.41646
4.1202,0.38491
4.1678,0.38463
4.2149,0.37449
4.2615,0.35876
4.3531,0.29032
4.3982,0.35982
4.4429,0.33336
4.4871,0.33345
4.5309,0.30394
4.5742,0.31176
4.6172,0.30485
4.7019,0.24433
4.7437,0.28045
4.7851,0.28622
4.8262,0.26994
4.9073,0.24654
4.9474,0.24544
5.0265,0.25718
5.0657,0.23572
5.1045,0.22778
5.143,0.23087
5.1812,0.22293
5.2192,0.22843
5.2569,0.17828
5.3315,0.22722
5.3684,0.21101
5.405,0.18871
5.4414,0.20232
5.4776,0.19265
5.5135,0.17457
5.5492,0.16394
5.6199,0.19227
5.6549,0.17296
5.6897,0.20712
5.7243,0.19405
5.7586,0.17039
5.7928,0.17734
5.8268,0.18044
5.8942,0.15474
5.9275,0.16076
5.9608,0.17564
5.9938,0.19845
6.0593,0.15622
6.0918,0.16187
6.1562,0.16409
6.1882,0.16291
6.22,0.1556
6.2517,0.16174
6.2832,0.15757
6.3145,0.15949
6.3457,0.15274
6.4076,0.15816
6.4383,0.15418
6.4689,0.15097
6.4994,0.15853
6.5297,0.14398
6.5598,0.15373
6.5899,0.1527
6.6791,0.14283
6.7086,0.14119
6.738,0.1468
6.7672,0.1484
6.7963,0.15623
6.8253,0.14831
6.8829,0.13954
6.9115,0.12927
6.94,0.12589
6.9684,0.1056
7.0248,0.14035
7.0529,0.14317
7.1086,0.1418
7.1363,0.1261
7.1639,0.12717
7.1914,0.1289
7.2188,0.14227
7.2461,0.12584
7.2733,0.13079
7.3274,0.12287
7.3543,0.13214
7.3811,0.11346
7.4078,0.10756
7.4344,0.11668
7.4609,0.14316
7.4873,0.11924
7.566,0.14429
7.592,0.13353
7.618,0.10116
7.6696,0.1276
7.6953,0.12279
7.7719,0.11535
7.7972,0.11092
7.8225,0.12817
7.8978,0.12143
7.9725,0.13711
8.0218,0.14738
8.0464,0.10503
8.0709,0.13964
8.0953,0.10958
8.1439,0.13364
8.1923,0.1222
8.2403,0.13057
8.2642,0.11064
8.3828,0.15968
8.4063,0.097755
8.4532,0.11375
8.4765,0.11943
8.5461,0.10452
8.638,0.11741
8.7062,0.12061
8.7515,0.1305
8.8189,0.12695
8.8412,0.11841
8.9742,0.098923
9.0181,0.13572
9.17,0.1043
9.2557,0.11808
9.4248,0.14383
9.4457,0.10204
9.4457,0.11458
