0.62832,6.5907
0.88858,11.254
1.0883,21.156
1.2566,52.892
1.405,54.167
1.5391,38.917
1.7772,13.617
1.885,10.658
1.9869,7.7997
2.0839,5.5233
2.1766,5.0053
2.2654,4.6011
2.351,3.8219
2.5133,2.652
2.5906,2.2858
2.6657,1.7969
2.7388,1.4895
2.8099,1.6891
2.8793,1.3576
2.9471,1.422
3.0781,0.99829
3.1416,0.94637
3.2038,0.88007
3.2648,0.70062
3.3836,0.67745
3.4414,0.67759
3.5543,0.58263
3.6094,0.55675
3.6637,0.56226
3.7172,0.51834
3.7699,0.52809
3.8219,0.49657
3.8732,0.46054
3.9738,0.43165
4.0232,0.41191
4.072,0.39443
4.1202,0.38479
4.1678,0.33964
4.2149,0.38501
4.2615,0.35123
4.3531,0.32781
4.3982,0.34253
4.4429,0.33096
4.4871,0.33333
4.5309,0.3196
4.5742,0.29715
4.6172,0.30647
4.7019,0.28671
4.7437,0.26561
4.7851,0.27597
4.8262,0.29007
4.9073,0.24413
4.9474,0.26687
5.0265,0.24861
5.0657,0.24828
5.1045,0.24228
5.143,0.22542
5.1812,0.23886
5.2192,0.21966
5.2569,0.20939
5.3315,0.2153
5.3684,0.21303
5.405,0.21509
5.4414,0.21367
5.4776,0.18382
5.5135,0.22512
5.5492,0.189
5.6199,0.19078
5.6549,0.20442
5.6897,0.2112
5.7243,0.1839
5.7586,0.19627
5.7928,0.189
5.8268,0.21899
5.8942,0.18211
5.9275,0.18213
5.9608,0.18624
5.9938,0.2
6.0593,0.18305
6.0918,0.19142
6.1562,0.16413
6.1882,0.1743
6.22,0.17499
6.2517,0.16744
6.2832,0.1639
6.3145,0.18131
6.3457,0.15817
6.4076,0.1824
6.4383,0.17614
6.4689,0.16509
6.4994,0.16222
6.5297,0.1758
6.5598,0.16351
6.5899,0.1682
6.6791,0.16118
6.7086,0.16832
6.738,0.15037
6.7672,0.16074
6.7963,0.16745
6.8253,0.15142
6.8829,0.17072
6.9115,0.15696
6.94,0.14528
6.9684,0.13382
7.0248,0.15758
7.0529,0.13892
7.1086,0.15242
7.1363,0.14336
7.1639,0.16144
7.1914,0.15032
7.2188,0.14612
7.2461,0.14259
7.2733,0.14795
7.3274,0.14568
7.3543,0.14989
7.3811,0.14771
7.4078,0.13643
7.4344,0.13227
7.4609,0.1363
7.4873,0.13615
7.566,0.15675
7.592,0.15693
7.618,0.1344
7.6696,0.14087
7.6953,0.15219
7.7719,0.14087
7.7972,0.14766
7.8225,0.15494
7.8978,0.14843
7.9725,0.12686
8.0218,0.14462
8.0464,0.13616
8.0709,0.12312
8.0953,0.097203
8.1439,0.14447
8.1923,0.12901
8.2403,0.13097
8.2642,0.15423
8.3828,0.11956
8.4063,0.12365
8.4532,0.11273
8.4765,0.14205
8.5461,0.13025
8.638,0.13703
8.7062,0.11373
8.7515,0.14962
8.8189,0.12022
8.8412,0.13041
8.9742,0.13663
9.0181,0.12086
9.17,0.11941
9.2557,0.11572
9.4248,0.11997
9.4457,0.10741
9.4457,0.10164
