0.62832,5.8592
0.88858,9.9133
1.0883,22.615
1.2566,62.08
1.405,63.227
1.5391,47.045
1.7772,17.308
1.885,12.841
1.9869,9.2168
2.0839,7.3415
2.1766,5.9686
2.2654,5.0561
2.351,4.2056
2.5133,3.2126
2.5906,2.7249
2.6657,2.11
2.7388,2.0311
2.8099,1.6753
2.8793,1.4328
2.9471,1.2893
3.0781,1.0838
3.1416,0.94376
3.2038,0.89883
3.2648,0.79735
3.3836,0.74424
3.4414,0.72794
3.5543,0.64042
3.6094,0.62269
3.6637,0.53299
3.7172,0.51663
3.7699,0.50118
3.8219,0.49539
3.8732,0.46913
3.9738,0.47503
4.0232,0.44382
4.072,0.39111
4.1202,0.40338
4.1678,0.40964
4.2149,0.38293
4.2615,0.32346
4.3531,0.30014
4.3982,0.37269
4.4429,0.3161
4.4871,0.29523
4.5309,0.31506
4.5742,0.30622
4.6172,0.30763
4.7019,0.26831
4.7437,0.26138
4.7851,0.2806
4.8262,0.26316
4.9073,0.24956
4.9474,0.25338
5.0265,0.24273
5.0657,0.22851
5.1045,0.23297
5.143,0.19858
5.1812,0.23318
5.2192,0.23741
5.2569,0.20995
5.3315,0.19238
5.3684,0.20079
5.405,0.20243
5.4414,0.18761
5.4776,0.20311
5.5135,0.21341
5.5492,0.19495
5.6199,0.18978
5.6549,0.1819
5.6897,0.22577
5.7243,0.1944
5.7586,0.18334
5.7928,0.18316
5.8268,0.17941
5.8942,0.18174
5.9275,0.17508
5.9608,0.17308
5.9938,0.18928
6.0593,0.1613
6.0918,0.16601
6.1562,0.14814
6.1882,0.17121
6.22,0.14556
6.2517,0.14617
6.2832,0.17457
6.3145,0.17851
6.3457,0.17075
6.4076,0.18279
6.4383,0.16462
6.4689,0.17136
6.4994,0.16912
6.5297,0.17004
6.5598,0.16662
6.5899,0.15804
6.6791,0.15278
6.7086,0.15107
6.738,0.15705
6.7672,0.15061
6.7963,0.15375
6.8253,0.14883
6.8829,0.15016
6.9115,0.16428
6.94,0.1183
6.9684,0.12574
7.0248,0.14835
7.0529,0.14371
7.1086,0.15666
7.1363,0.14251
7.1639,0.14621
7.1914,0.15007
7.2188,0.14916
7.2461,0.13918
7.2733,0.14022
7.3274,0.13481
7.3543,0.13519
7.3811,0.13826
7.4078,0.14882
7.4344,0.15098
7.4609,0.14321
7.4873,0.12916
7.566,0.13328
7.592,0.13613
7.618,0.12968
7.6696,0.13336
7.6953,0.15291
7.7719,0.13994
7.7972,0.13491
7.8225,0.1245
7.8978,0.14039
7.9725,0.13746
8.0218,0.12512
8.0464,0.10045
8.0709,0.1247
8.0953,0.12899
8.1439,0.12562
8.1923,0.12991
8.2403,0.14632
8.2642,0.12991
8.3828,0.13197
8.4063,0.1364
8.4532,0.13967
8.4765,0.14148
8.5461,0.12387
8.638,0.12034
8.7062,0.13126
8.7515,0.13387
8.8189,0.13834
8.8412,0.13159
8.9742,0.15201
9.0181,0.15958
9.17,0.12386
9.2557,0.11107
9.4248,0.1268
9.4457,0.11558
9.4457,0.11523
