0.62832,8.1243
0.88858,15.762
1.0883,25.461
1.2566,51.609
1.405,40.672
1.5391,30.294
1.7772,12.696
1.885,8.7169
1.9869,6.5869
2.0839,6.3093
2.1766,5.6658
2.2654,3.7238
2.351,3.1583
2.5133,2.5796
2.5906,2.0884
2.6657,1.8518
2.7388,1.4272
2.8099,1.3175
2.8793,1.2439
2.9471,1.1908
3.0781,0.93054
3.1416,0.91161
3.2038,0.83535
3.2648,0.82361
3.3836,0.65155
3.4414,0.62752
3.5543,0.60994
3.6094,0.57114
3.6637,0.51613
3.7172,0.53006
3.7699,0.47668
3.8219,0.48446
3.8732,0.47232
3.9738,0.41061
4.0232,0.41268
4.072,0.38135
4.1202,0.39832
4.1678,0.40781
4.2149,0.35248
4.2615,0.36263
4.3531,0.34138
4.3982,0.34919
4.4429,0.3481
4.4871,0.32516
4.5309,0.30769
4.5742,0.32205
4.6172,0.32076
4.7019,0.28806
4.7437,0.27164
4.7851,0.28612
4.8262,0.27578
4.9073,0.2579
4.9474,0.27877
5.0265,0.22127
5.0657,0.25736
5.1045,0.24048
5.143,0.23266
5.1812,0.24968
5.2192,0.25177
5.2569,0.21671
5.3315,0.23901
5.3684,0.21904
5.405,0.22222
5.4414,0.21778
5.4776,0.21629
5.5135,0.20869
5.5492,0.22801
5.6199,0.19817
5.6549,0.20687
5.6897,0.22051
5.7243,0.22664
5.7586,0.20077
5.7928,0.22064
5.8268,0.20258
5.8942,0.1782
5.9275,0.19138
5.9608,0.19371
5.9938,0.20594
6.0593,0.18731
6.0918,0.20242
6.1562,0.12993
6.1882,0.19263
6.22,0.18498
6.2517,0.16642
6.2832,0.18736
6.3145,0.17011
6.3457,0.19947
6.4076,0.16674
6.4383,0.17603
6.4689,0.18206
6.4994,0.16305
6.5297,0.14075
6.5598,0.15985
6.5899,0.1672
6.6791,0.16788
6.7086,0.16003
6.738,0.1692
6.7672,0.15775
6.7963,0.17145
6.8253,0.15276
6.8829,0.17442
6.9115,0.14663
6.94,0.14898
6.9684,0.12539
7.0248,0.16626
7.0529,0.17258
7.1086,0.164
7.1363,0.15616
7.1639,0.14077
7.1914,0.14887
7.2188,0.17339
7.2461,0.16021
7.2733,0.15595
7.3274,0.15547
7.3543,0.14033
7.3811,0.15848
7.4078,0.15339
7.4344,0.12775
7.4609,0.13887
7.4873,0.16469
7.566,0.15034
7.592,0.16122
7.618,0.12669
7.6696,0.15099
7.6953,0.14767
7.7719,0.14644
7.7972,0.14678
7.8225,0.15594
7.8978,0.1367
7.9725,0.14404
8.0218,0.15587
8.0464,0.1353
8.0709,0.14899
8.0953,0.15769
8.1439,0.1466
8.1923,0.13896
8.2403,0.15329
8.2642,0.13786
8.3828,0.15642
8.4063,0.12617
8.4532,0.10165
8.4765,0.14397
8.5461,0.11447
8.638,0.14543
8.7062,0.11462
8.7515,0.12545
8.8189,0.11404
8.8412,0.11858
8.9742,0.14254
9.0181,0.13594
9.17,0.14103
9.2557,0.12971
9.4248,0.12023
9.4457,0.12693
9.4457,0.12795
