0.62832,5.8857
0.88858,11.701
1.0883,32.883
1.2566,58.553
1.405,80.588
1.5391,66.613
1.7772,24.207
1.885,14.519
1.9869,10.866
2.0839,9.7153
2.1766,7.0587
2.2654,6.2409
2.351,4.5857
2.5133,3.9068
2.5906,3.0968
2.6657,2.7139
2.7388,2.5531
2.8099,1.9765
2.8793,1.6941
2.9471,1.4456
3.0781,1.2252
3.1416,0.97436
3.2038,0.92936
3.2648,0.86541
3.3836,0.72509
3.4414,0.67815
3.5543,0.58328
3.6094,0.5608
3.6637,0.55564
3.7172,0.54979
3.7699,0.53705
3.8219,0.53466
3.8732,0.49874
3.9738,0.4977
4.0232,0.45342
4.072,0.46171
4.1202,0.39318
4.1678,0.4276
4.2149,0.39369
4.2615,0.35802
4.3531,0.29887
4.3982,0.38534
4.4429,0.3365
4.4871,0.32448
4.5309,0.32931
4.5742,0.30385
4.6172,0.29028
4.7019,0.29596
4.7437,0.29584
4.7851,0.27462
4.8262,0.26601
4.9073,0.24368
4.9474,0.24088
5.0265,0.29388
5.0657,0.24173
5.1045,0.22321
5.143,0.22443
5.1812,0.21781
5.2192,0.2171
5.2569,0.19617
5.3315,0.19764
5.3684,0.21662
5.405,0.19229
5.4414,0.18131
5.4776,0.19404
5.5135,0.17575
5.5492,0.1712
5.6199,0.17986
5.6549,0.18838
5.6897,0.20659
5.7243,0.18236
5.7586,0.17399
5.7928,0.18186
5.8268,0.16328
5.8942,0.16745
5.9275,0.16921
5.9608,0.1682
5.9938,0.17194
6.0593,0.14858
6.0918,0.16379
6.1562,0.15041
6.1882,0.15157
6.22,0.15484
6.2517,0.14308
6.2832,0.17284
6.3145,0.1555
6.3457,0.1485
6.4076,0.16339
6.4383,0.16161
6.4689,0.14645
6.4994,0.15317
6.5297,0.1429
6.5598,0.14354
6.5899,0.14696
6.6791,0.14256
6.7086,0.14031
6.738,0.14286
6.7672,0.14668
6.7963,0.13862
6.8253,0.14557
6.8829,0.15469
6.9115,0.13663
6.94,0.14356
6.9684,0.12624
7.0248,0.14605
7.0529,0.13957
7.1086,0.13085
7.1363,0.12708
7.1639,0.13217
7.1914,0.1541
7.2188,0.12613
7.2461,0.13348
7.2733,0.13413
7.3274,0.12654
7.3543,0.14323
7.3811,0.15497
7.4078,0.116
7.4344,0.11908
7.4609,0.12761
7.4873,0.12979
7.566,0.13784
7.592,0.12259
7.618,0.11474
7.6696,0.12323
7.6953,0.14149
7.7719,0.12081
7.7972,0.12681
7.8225,0.12286
7.8978,0.12919
7.9725,0.12876
8.0218,0.11927
8.0464,0.15168
8.0709,0.13796
8.0953,0.14166
8.1439,0.13618
8.1923,0.1404
8.2403,0.12314
8.2642,0.13417
8.3828,0.13039
8.4063,0.11748
8.4532,0.12529
8.4765,0.11813
8.5461,0.10229
8.638,0.12634
8.7062,0.11694
8.7515,0.14002
8.8189,0.1007
8.8412,0.11773
8.9742,0.12498
9.0181,0.10987
9.17,0.1084
9.2557,0.15125
9.4248,0.12773
9.4457,0.11616
9.4457,0.11986
