0.62832,8.2753
0.88858,14.095
1.0883,19.177
1.2566,57.006
1.405,48.269
1.5391,34.316
1.7772,13.545
1.885,9.25
1.9869,7.1727
2.0839,6.2951
2.1766,5.3719
2.2654,3.9616
2.351,3.4757
2.5133,2.4886
2.5906,2.229
2.6657,1.8326
2.7388,1.8677
2.8099,1.5093
2.8793,1.2893
2.9471,1.1286
3.0781,0.93405
3.1416,0.87286
3.2038,0.83055
3.2648,0.77973
3.3836,0.69547
3.4414,0.73784
3.5543,0.60466
3.6094,0.55893
3.6637,0.56231
3.7172,0.51889
3.7699,0.50313
3.8219,0.50071
3.8732,0.45098
3.9738,0.41738
4.0232,0.41048
4.072,0.39028
4.1202,0.36191
4.1678,0.35032
4.2149,0.36909
4.2615,0.34618
4.3531,0.34454
4.3982,0.35219
4.4429,0.33868
4.4871,0.32924
4.5309,0.29245
4.5742,0.31665
4.6172,0.29384
4.7019,0.29978
4.7437,0.28528
4.7851,0.27871
4.8262,0.28121
4.9073,0.24872
4.9474,0.26098
5.0265,0.26223
5.0657,0.24326
5.1045,0.24128
5.143,0.23097
5.1812,0.24457
5.2192,0.22921
5.2569,0.20759
5.3315,0.22408
5.3684,0.23029
5.405,0.21467
5.4414,0.22113
5.4776,0.22839
5.5135,0.2137
5.5492,0.19603
5.6199,0.20363
5.6549,0.21125
5.6897,0.20384
5.7243,0.19408
5.7586,0.19026
5.7928,0.1943
5.8268,0.19598
5.8942,0.17049
5.9275,0.18915
5.9608,0.18064
5.9938,0.1845
6.0593,0.18167
6.0918,0.19087
6.1562,0.16883
6.1882,0.18178
6.22,0.17546
6.2517,0.18267
6.2832,0.16958
6.3145,0.18466
6.3457,0.16505
6.4076,0.178
6.4383,0.15826
6.4689,0.17392
6.4994,0.16898
6.5297,0.15839
6.5598,0.16216
6.5899,0.15581
6.6791,0.15979
6.7086,0.1473
6.738,0.16388
6.7672,0.16742
6.7963,0.16668
6.8253,0.1698
6.8829,0.19071
6.9115,0.16787
6.94,0.15293
6.9684,0.13613
7.0248,0.14663
7.0529,0.15314
7.1086,0.14345
7.1363,0.13722
7.1639,0.16584
7.1914,0.14337
7.2188,0.14544
7.2461,0.14132
7.2733,0.14557
7.3274,0.14143
7.3543,0.14797
7.3811,0.13238
7.4078,0.16621
7.4344,0.14402
7.4609,0.13647
7.4873,0.12979
7.566,0.15431
7.592,0.15145
7.618,0.11843
7.6696,0.13621
7.6953,0.15464
7.7719,0.13981
7.7972,0.1333
7.8225,0.13546
7.8978,0.15236
7.9725,0.11778
8.0218,0.13466
8.0464,0.14011
8.0709,0.13364
8.0953,0.12221
8.1439,0.14372
8.1923,0.13946
8.2403,0.13602
8.2642,0.10573
8.3828,0.11744
8.4063,0.13333
8.4532,0.13748
8.4765,0.13537
8.5461,0.13007
8.638,0.13398
8.7062,0.133
8.7515,0.098086
8.8189,0.11846
8.8412,0.11967
8.9742,0.12704
9.0181,0.129
9.17,0.12263
9.2557,0.1421
9.4248,0.11958
9.4457,0.14066
9.4457,0.11907
