0.62832,11.487
0.88858,8.5202
1.0883,7.1429
1.2566,4.8737
1.405,4.032
1.5391,3.0019
1.7772,2.5094
1.885,2.2259
1.9869,1.7493
2.0839,1.704
2.1766,1.5786
2.2654,1.4242
2.351,1.2833
2.5133,1.3228
2.5906,1.015
2.6657,0.97615
2.7388,0.86874
2.8099,0.91972
2.8793,0.85579
2.9471,0.87409
3.0781,0.73415
3.1416,0.73006
3.2038,0.6968
3.2648,0.67544
3.3836,0.65642
3.4414,0.60743
3.5543,0.53731
3.6094,0.56094
3.6637,0.51682
3.7172,0.54155
3.7699,0.4923
3.8219,0.5076
3.8732,0.51163
3.9738,0.4334
4.0232,0.46115
4.072,0.44673
4.1202,0.42312
4.1678,0.40331
4.2149,0.434
4.2615,0.38973
4.3531,0.27963
4.3982,0.38924
4.4429,0.38087
4.4871,0.37113
4.5309,0.35601
4.5742,0.35905
4.6172,0.35742
4.7019,0.3275
4.7437,0.37763
4.7851,0.32077
4.8262,0.3128
4.9073,0.29481
4.9474,0.32265
5.0265,0.29009
5.0657,0.30319
5.1045,0.29876
5.143,0.30506
5.1812,0.30447
5.2192,0.28775
5.2569,0.28406
5.3315,0.27986
5.3684,0.27879
5.405,0.25812
5.4414,0.26897
5.4776,0.23603
5.5135,0.25267
5.5492,0.25418
5.6199,0.25081
5.6549,0.25114
5.6897,0.23315
5.7243,0.24746
5.7586,0.24713
5.7928,0.24357
5.8268,0.22088
5.8942,0.20172
5.9275,0.23738
5.9608,0.23659
5.9938,0.22932
6.0593,0.18785
6.0918,0.2085
6.1562,0.17003
6.1882,0.22079
6.22,0.21274
6.2517,0.21675
6.2832,0.20897
6.3145,0.217
6.3457,0.19636
6.4076,0.18572
6.4383,0.19508
6.4689,0.21712
6.4994,0.2055
6.5297,0.18213
6.5598,0.1872
6.5899,0.18932
6.6791,0.21398
6.7086,0.18895
6.738,0.20007
6.7672,0.18015
6.7963,0.18404
6.8253,0.19121
6.8829,0.17314
6.9115,0.17176
6.94,0.20212
6.9684,0.20115
7.0248,0.18519
7.0529,0.18535
7.1086,0.16253
7.1363,0.17607
7.1639,0.18658
7.1914,0.18177
7.2188,0.17673
7.2461,0.17243
7.2733,0.18855
7.3274,0.19254
7.3543,0.17432
7.3811,0.1468
7.4078,0.19459
7.4344,0.18111
7.4609,0.16361
7.4873,0.17017
7.566,0.16355
7.592,0.16978
7.618,0.13765
7.6696,0.15682
7.6953,0.191
7.7719,0.1684
7.7972,0.16397
7.8225,0.15379
7.8978,0.15632
7.9725,0.15168
8.0218,0.13012
8.0464,0.18908
8.0709,0.15769
8.0953,0.19971
8.1439,0.15176
8.1923,0.13838
8.2403,0.14807
8.2642,0.14213
8.3828,0.15096
8.4063,0.15738
8.4532,0.14885
8.4765,0.16822
8.5461,0.13973
8.638,0.15405
8.7062,0.12816
8.7515,0.14727
8.8189,0.12799
8.8412,0.13819
8.9742,0.14099
9.0181,0.12647
9.17,0.14873
9.2557,0.14096
9.4248,0.13651
9.4457,0.13086
9.4457,0.13481
