0.62832,5.1565
0.88858,11.085
1.0883,18.408
1.2566,47.575
1.405,73.306
1.5391,51.822
1.7772,20.239
1.885,13.232
1.9869,10.705
2.0839,8.1078
2.1766,5.9427
2.2654,5.3753
2.351,4.4394
2.5133,3.6622
2.5906,2.7927
2.6657,2.5507
2.7388,2.0732
2.8099,1.6948
2.8793,1.5852
2.9471,1.324
3.0781,1.072
3.1416,0.98427
3.2038,0.95175
3.2648,0.86403
3.3836,0.76069
3.4414,0.70023
3.5543,0.59597
3.6094,0.58077
3.6637,0.5556
3.7172,0.56756
3.7699,0.52242
3.8219,0.5146
3.8732,0.46218
3.9738,0.46493
4.0232,0.43894
4.072,0.39269
4.1202,0.39318
4.1678,0.37871
4.2149,0.38841
4.2615,0.33953
4.3531,0.27589
4.3982,0.3435
4.4429,0.33299
4.4871,0.3445
4.5309,0.29425
4.5742,0.30163
4.6172,0.29666
4.7019,0.2775
4.7437,0.27748
4.7851,0.27701
4.8262,0.25133
4.9073,0.2366
4.9474,0.24055
5.0265,0.28442
5.0657,0.23372
5.1045,0.23042
5.143,0.2125
5.1812,0.23298
5.2192,0.22273
5.2569,0.19468
5.3315,0.2153
5.3684,0.21171
5.405,0.20021
5.4414,0.17977
5.4776,0.19352
5.5135,0.17337
5.5492,0.17653
5.6199,0.19732
5.6549,0.19088
5.6897,0.20489
5.7243,0.18947
5.7586,0.18882
5.7928,0.18625
5.8268,0.19283
5.8942,0.16307
5.9275,0.1664
5.9608,0.18123
5.9938,0.17193
6.0593,0.15447
6.0918,0.16489
6.1562,0.16096
6.1882,0.15783
6.22,0.16402
6.2517,0.15894
6.2832,0.1711
6.3145,0.16551
6.3457,0.15952
6.4076,0.1479
6.4383,0.16711
6.4689,0.14205
6.4994,0.15384
6.5297,0.13433
6.5598,0.14413
6.5899,0.14498
6.6791,0.14956
6.7086,0.14442
6.738,0.14536
6.7672,0.14702
6.7963,0.15352
6.8253,0.16234
6.8829,0.15462
6.9115,0.15233
6.94,0.12718
6.9684,0.12473
7.0248,0.16246
7.0529,0.13418
7.1086,0.13624
7.1363,0.13016
7.1639,0.12063
7.1914,0.14915
7.2188,0.131
7.2461,0.1348
7.2733,0.149
7.3274,0.14652
7.3543,0.16842
7.3811,0.12934
7.4078,0.12166
7.4344,0.12292
7.4609,0.14643
7.4873,0.1195
7.566,0.12985
7.592,0.14467
7.618,0.12407
7.6696,0.13577
7.6953,0.124
7.7719,0.13127
7.7972,0.12574
7.8225,0.12935
7.8978,0.13428
7.9725,0.13171
8.0218,0.11243
8.0464,0.16399
8.0709,0.13434
8.0953,0.11128
8.1439,0.13783
8.1923,0.12947
8.2403,0.12667
8.2642,0.1303
8.3828,0.13785
8.4063,0.12533
8.4532,0.13321
8.4765,0.13216
8.5461,0.12955
8.638,0.13074
8.7062,0.11502
8.7515,0.10989
8.8189,0.13237
8.8412,0.13435
8.9742,0.12353
9.0181,0.13422
9.17,0.1333
9.2557,0.11573
9.4248,0.1482
9.4457,0.11251
9.4457,0.11603
