0.62832,1.2857
0.88858,1.2122
1.0883,0.95943
1.2566,1.0761
1.405,1.08
1.5391,0.95577
1.7772,0.82236
1.885,0.89541
1.9869,0.98072
2.0839,0.91617
2.1766,0.95061
2.2654,0.77712
2.351,0.72237
2.5133,0.75668
2.5906,0.68316
2.6657,0.69533
2.7388,0.62176
2.8099,0.60648
2.8793,0.62457
2.9471,0.60877
3.0781,0.60292
3.1416,0.58579
3.2038,0.56146
3.2648,0.57649
3.3836,0.49081
3.4414,0.51791
3.5543,0.49146
3.6094,0.4977
3.6637,0.4418
3.7172,0.47984
3.7699,0.45875
3.8219,0.42984
3.8732,0.461
3.9738,0.40832
4.0232,0.39407
4.072,0.42461
4.1202,0.41004
4.1678,0.40278
4.2149,0.37408
4.2615,0.38951
4.3531,0.29522
4.3982,0.38355
4.4429,0.35878
4.4871,0.34126
4.5309,0.3567
4.5742,0.33041
4.6172,0.31781
4.7019,0.32066
4.7437,0.32661
4.7851,0.33785
4.8262,0.30207
4.9073,0.30035
4.9474,0.30629
5.0265,0.30602
5.0657,0.30239
5.1045,0.30232
5.143,0.31543
5.1812,0.29186
5.2192,0.27663
5.2569,0.2604
5.3315,0.27642
5.3684,0.27226
5.405,0.25084
5.4414,0.24461
5.4776,0.22732
5.5135,0.25777
5.5492,0.25655
5.6199,0.25664
5.6549,0.23847
5.6897,0.25371
5.7243,0.25006
5.7586,0.23592
5.7928,0.23399
5.8268,0.23595
5.8942,0.22894
5.9275,0.21301
5.9608,0.22548
5.9938,0.22063
6.0593,0.21534
6.0918,0.22543
6.1562,0.19874
6.1882,0.22493
6.22,0.24629
6.2517,0.20458
6.2832,0.21831
6.3145,0.20939
6.3457,0.20471
6.4076,0.21313
6.4383,0.21539
6.4689,0.19398
6.4994,0.20661
6.5297,0.19982
6.5598,0.21645
6.5899,0.20063
6.6791,0.21033
6.7086,0.20812
6.738,0.2101
6.7672,0.1796
6.7963,0.18161
6.8253,0.17094
6.8829,0.20222
6.9115,0.18273
6.94,0.18483
6.9684,0.18972
7.0248,0.17527
7.0529,0.1844
7.1086,0.20152
7.1363,0.17378
7.1639,0.17109
7.1914,0.20078
7.2188,0.16973
7.2461,0.1956
7.2733,0.16514
7.3274,0.17314
7.3543,0.16171
7.3811,0.18632
7.4078,0.1754
7.4344,0.16007
7.4609,0.17417
7.4873,0.18776
7.566,0.18152
7.592,0.15739
7.618,0.099695
7.6696,0.16978
7.6953,0.17658
7.7719,0.17789
7.7972,0.16702
7.8225,0.15221
7.8978,0.18052
7.9725,0.15156
8.0218,0.14901
8.0464,0.15017
8.0709,0.15361
8.0953,0.1813
8.1439,0.14181
8.1923,0.15955
8.2403,0.15312
8.2642,0.15044
8.3828,0.13804
8.4063,0.14433
8.4532,0.14417
8.4765,0.14535
8.5461,0.1604
8.638,0.13191
8.7062,0.13975
8.7515,0.11739
8.8189,0.13653
8.8412,0.15012
8.9742,0.14824
9.0181,0.1423
9.17,0.12352
9.2557,0.13034
9.4248,0.12404
9.4457,0.10957
9.4457,0.12942
