0.62832,1.7417
0.88858,1.7179
1.0883,1.6313
1.2566,1.5163
1.405,1.3663
1.5391,1.325
1.7772,1.2741
1.885,1.1775
1.9869,1.0658
2.0839,1.0287
2.1766,1.1816
2.2654,0.9882
2.351,0.94625
2.5133,0.87025
2.5906,0.76908
2.6657,0.84593
2.7388,0.80403
2.8099,0.67157
2.8793,0.70881
2.9471,0.6017
3.0781,0.62042
3.1416,0.62798
3.2038,0.58759
3.2648,0.66091
3.3836,0.53514
3.4414,0.53162
3.5543,0.51866
3.6094,0.52524
3.6637,0.52209
3.7172,0.5099
3.7699,0.45292
3.8219,0.50964
3.8732,0.45184
3.9738,0.45619
4.0232,0.42735
4.072,0.43557
4.1202,0.4358
4.1678,0.40344
4.2149,0.39382
4.2615,0.39594
4.3531,0.39711
4.3982,0.37339
4.4429,0.35597
4.4871,0.37139
4.5309,0.36817
4.5742,0.35474
4.6172,0.34806
4.7019,0.3326
4.7437,0.32699
4.7851,0.34611
4.8262,0.34788
4.9073,0.30956
4.9474,0.30961
5.0265,0.32679
5.0657,0.30064
5.1045,0.31833
5.143,0.30054
5.1812,0.28595
5.2192,0.29021
5.2569,0.29935
5.3315,0.27185
5.3684,0.28663
5.405,0.27059
5.4414,0.29364
5.4776,0.30035
5.5135,0.27426
5.5492,0.24652
5.6199,0.24656
5.6549,0.25308
5.6897,0.23235
5.7243,0.24733
5.7586,0.24208
5.7928,0.24772
5.8268,0.23954
5.8942,0.23032
5.9275,0.24152
5.9608,0.22564
5.9938,0.23125
6.0593,0.24729
6.0918,0.22732
6.1562,0.24224
6.1882,0.20362
6.22,0.21501
6.2517,0.224
6.2832,0.19101
6.3145,0.19881
6.3457,0.22457
6.4076,0.21796
6.4383,0.21418
6.4689,0.21672
6.4994,0.21761
6.5297,0.19831
6.5598,0.19675
6.5899,0.20642
6.6791,0.19078
6.7086,0.19611
6.738,0.20232
6.7672,0.21802
6.7963,0.20608
6.8253,0.21101
6.8829,0.17064
6.9115,0.18662
6.94,0.17766
6.9684,0.192
7.0248,0.1758
7.0529,0.17426
7.1086,0.17948
7.1363,0.19315
7.1639,0.13492
7.1914,0.19364
7.2188,0.17357
7.2461,0.16306
7.2733,0.1816
7.3274,0.19085
7.3543,0.18289
7.3811,0.16728
7.4078,0.13635
7.4344,0.14381
7.4609,0.15689
7.4873,0.17997
7.566,0.1726
7.592,0.17387
7.618,0.18536
7.6696,0.15445
7.6953,0.15302
7.7719,0.15952
7.7972,0.16511
7.8225,0.15141
7.8978,0.17261
7.9725,0.15262
8.0218,0.16596
8.0464,0.14882
8.0709,0.14855
8.0953,0.13585
8.1439,0.13996
8.1923,0.15319
8.2403,0.13262
8.2642,0.17179
8.3828,0.16518
8.4063,0.14576
8.4532,0.11863
8.4765,0.13742
8.5461,0.14868
8.638,0.14658
8.7062,0.15257
8.7515,0.14386
8.8189,0.12277
8.8412,0.13595
8.9742,0.13212
9.0181,0.14015
9.17,0.13842
9.2557,0.15919
9.4248,0.13189
9.4457,0.10859
9.4457,0.10227
