0.62832,5.9101
0.88858,13.752
1.0883,28.204
1.2566,114.41
1.405,110.82
1.5391,60.631
1.7772,28.131
1.885,15.211
1.9869,10.257
2.0839,8.883
2.1766,5.22
2.2654,6.1681
2.351,4.7985
2.5133,5.9763
2.5906,3.421
2.6657,2.5293
2.7388,1.362
2.8099,2.0366
2.8793,1.4635
2.9471,1.0924
3.0781,0.9102
3.1416,1.0184
3.2038,0.98937
3.2648,0.90692
3.3836,0.70492
3.4414,0.75752
3.5543,0.70108
3.6094,0.61711
3.6637,0.67411
3.7172,0.5838
3.7699,0.87734
3.8219,0.91763
3.8732,0.66428
3.9738,0.66926
4.0232,0.55655
4.072,0.48187
4.1202,0.44219
4.1678,0.65127
4.2149,0.49107
4.2615,0.59392
4.3531,0.31496
4.3982,0.52896
4.4429,0.47169
4.4871,0.46225
4.5309,0.3695
4.5742,0.44001
4.6172,0.42666
4.7019,0.29888
4.7437,0.33076
4.7851,0.36147
4.8262,0.31405
4.9073,0.24277
4.9474,0.26165
5.0265,0.44113
5.0657,0.30956
5.1045,0.28465
5.143,0.24866
5.1812,0.30528
5.2192,0.2982
5.2569,0.17874
5.3315,0.23602
5.3684,0.24358
5.405,0.21499
5.4414,0.18643
5.4776,0.16763
5.5135,0.20255
5.5492,0.16961
5.6199,0.22497
5.6549,0.22295
5.6897,0.29158
5.7243,0.23313
5.7586,0.18676
5.7928,0.20092
5.8268,0.23466
5.8942,0.14483
5.9275,0.1725
5.9608,0.18894
5.9938,0.2076
6.0593,0.15036
6.0918,0.17023
6.1562,0.15506
6.1882,0.17645
6.22,0.14865
6.2517,0.14919
6.2832,0.20634
6.3145,0.18717
6.3457,0.17196
6.4076,0.19052
6.4383,0.16725
6.4689,0.17141
6.4994,0.15095
6.5297,0.15435
6.5598,0.14519
6.5899,0.15426
6.6791,0.1677
6.7086,0.13391
6.738,0.13179
6.7672,0.14975
6.7963,0.15104
6.8253,0.14077
6.8829,0.15604
6.9115,0.12166
6.94,0.14044
6.9684,0.12293
7.0248,0.15999
7.0529,0.13548
7.1086,0.14921
7.1363,0.12833
7.1639,0.13017
7.1914,0.12752
7.2188,0.12211
7.2461,0.1329
7.2733,0.13643
7.3274,0.13636
7.3543,0.12979
7.3811,0.10239
7.4078,0.11092
7.4344,0.10711
7.4609,0.1303
7.4873,0.12729
7.566,0.13328
7.592,0.12555
7.618,0.10783
7.6696,0.13324
7.6953,0.13481
7.7719,0.12186
7.7972,0.12145
7.8225,0.11113
7.8978,0.12687
7.9725,0.12988
8.0218,0.12103
8.0464,0.14808
8.0709,0.12089
8.0953,0.10742
8.1439,0.11358
8.1923,0.11682
8.2403,0.11482
8.2642,0.11877
8.3828,0.12972
8.4063,0.11104
8.4532,0.11845
8.4765,0.12688
8.5461,0.11974
8.638,0.1209
8.7062,0.078194
8.7515,0.1203
8.8189,0.14183
8.8412,0.11471
8.9742,0.11037
9.0181,0.11226
9.17,0.11853
9.2557,0.13972
9.4248,0.13039
9.4457,0.1125
9.4457,0.13733
