0.62832,0.98061
0.88858,0.98131
1.0883,0.99595
1.2566,0.91625
1.405,0.92159
1.5391,0.96747
1.7772,0.81004
1.885,0.75843
1.9869,0.7347
2.0839,0.68993
2.1766,0.70427
2.2654,0.76809
2.351,0.71593
2.5133,0.69824
2.5906,0.63334
2.6657,0.62014
2.7388,0.62421
2.8099,0.58995
2.8793,0.55416
2.9471,0.55345
3.0781,0.53523
3.1416,0.53213
3.2038,0.51864
3.2648,0.50981
3.3836,0.52577
3.4414,0.45209
3.5543,0.51648
3.6094,0.43523
3.6637,0.46286
3.7172,0.45694
3.7699,0.39944
3.8219,0.40238
3.8732,0.43359
3.9738,0.37064
4.0232,0.38395
4.072,0.39691
4.1202,0.42088
4.1678,0.32496
4.2149,0.36012
4.2615,0.38413
4.3531,0.37546
4.3982,0.36428
4.4429,0.35818
4.4871,0.35823
4.5309,0.34668
4.5742,0.3441
4.6172,0.32652
4.7019,0.31943
4.7437,0.31526
4.7851,0.32401
4.8262,0.31022
4.9073,0.32203
4.9474,0.29499
5.0265,0.28955
5.0657,0.28919
5.1045,0.27554
5.143,0.28363
5.1812,0.27918
5.2192,0.25863
5.2569,0.28246
5.3315,0.25587
5.3684,0.25716
5.405,0.2588
5.4414,0.27089
5.4776,0.27063
5.5135,0.2561
5.5492,0.24516
5.6199,0.23772
5.6549,0.24727
5.6897,0.24465
5.7243,0.26425
5.7586,0.21931
5.7928,0.22873
5.8268,0.22869
5.8942,0.2334
5.9275,0.2388
5.9608,0.23582
5.9938,0.20097
6.0593,0.21933
6.0918,0.22637
6.1562,0.24248
6.1882,0.21193
6.22,0.2162
6.2517,0.21484
6.2832,0.21735
6.3145,0.20736
6.3457,0.20303
6.4076,0.20946
6.4383,0.19634
6.4689,0.19859
6.4994,0.17669
6.5297,0.18489
6.5598,0.2054
6.5899,0.18669
6.6791,0.20967
6.7086,0.18231
6.738,0.20044
6.7672,0.18693
6.7963,0.20265
6.8253,0.1983
6.8829,0.19645
6.9115,0.16158
6.94,0.18505
6.9684,0.18423
7.0248,0.18877
7.0529,0.20258
7.1086,0.1603
7.1363,0.18504
7.1639,0.21292
7.1914,0.17935
7.2188,0.17567
7.2461,0.15755
7.2733,0.16838
7.3274,0.16174
7.3543,0.19137
7.3811,0.17854
7.4078,0.18923
7.4344,0.1872
7.4609,0.17968
7.4873,0.15517
7.566,0.1664
7.592,0.15204
7.618,0.15721
7.6696,0.16255
7.6953,0.16744
7.7719,0.18868
7.7972,0.15972
7.8225,0.1443
7.8978,0.15293
7.9725,0.15074
8.0218,0.15593
8.0464,0.13837
8.0709,0.12741
8.0953,0.14141
8.1439,0.14341
8.1923,0.14956
8.2403,0.14596
8.2642,0.16663
8.3828,0.15915
8.4063,0.14734
8.4532,0.14592
8.4765,0.13098
8.5461,0.14163
8.638,0.13843
8.7062,0.14929
8.7515,0.16541
8.8189,0.15684
8.8412,0.13886
8.9742,0.15705
9.0181,0.14641
9.17,0.13514
9.2557,0.10881
9.4248,0.13705
9.4457,0.135
9.4457,0.11537
