0.62832,17.627
0.88858,21.373
1.0883,21.575
1.2566,15.433
1.405,11.199
1.5391,7.712
1.7772,5.2302
1.885,4.3342
1.9869,3.3674
2.0839,2.9775
2.1766,2.6162
2.2654,1.8658
2.351,1.8293
2.5133,1.4726
2.5906,1.2897
2.6657,1.2422
2.7388,1.1107
2.8099,1.1354
2.8793,1.0674
2.9471,0.92021
3.0781,0.92821
3.1416,0.75752
3.2038,0.77315
3.2648,0.72006
3.3836,0.70357
3.4414,0.69843
3.5543,0.59566
3.6094,0.61199
3.6637,0.57152
3.7172,0.5294
3.7699,0.50891
3.8219,0.52156
3.8732,0.51882
3.9738,0.46517
4.0232,0.41865
4.072,0.43752
4.1202,0.43344
4.1678,0.40961
4.2149,0.42458
4.2615,0.39871
4.3531,0.40795
4.3982,0.36901
4.4429,0.36084
4.4871,0.35294
4.5309,0.34328
4.5742,0.34115
4.6172,0.33456
4.7019,0.33542
4.7437,0.30703
4.7851,0.31299
4.8262,0.32386
4.9073,0.29727
4.9474,0.29149
5.0265,0.29171
5.0657,0.29744
5.1045,0.28731
5.143,0.30039
5.1812,0.27699
5.2192,0.29529
5.2569,0.27551
5.3315,0.25485
5.3684,0.25648
5.405,0.23777
5.4414,0.24605
5.4776,0.2778
5.5135,0.24085
5.5492,0.26783
5.6199,0.2437
5.6549,0.23183
5.6897,0.26044
5.7243,0.24068
5.7586,0.22331
5.7928,0.22881
5.8268,0.21702
5.8942,0.20617
5.9275,0.22591
5.9608,0.2255
5.9938,0.21186
6.0593,0.18898
6.0918,0.2018
6.1562,0.21174
6.1882,0.2092
6.22,0.1927
6.2517,0.18448
6.2832,0.19374
6.3145,0.20469
6.3457,0.19682
6.4076,0.20896
6.4383,0.19244
6.4689,0.19343
6.4994,0.19642
6.5297,0.19305
6.5598,0.17949
6.5899,0.17484
6.6791,0.17994
6.7086,0.19288
6.738,0.18451
6.7672,0.17987
6.7963,0.17851
6.8253,0.18466
6.8829,0.18194
6.9115,0.17059
6.94,0.18143
6.9684,0.16596
7.0248,0.17376
7.0529,0.17373
7.1086,0.18874
7.1363,0.17275
7.1639,0.16344
7.1914,0.17542
7.2188,0.18
7.2461,0.17185
7.2733,0.17235
7.3274,0.15827
7.3543,0.16532
7.3811,0.14653
7.4078,0.16303
7.4344,0.17829
7.4609,0.16211
7.4873,0.15841
7.566,0.14844
7.592,0.17157
7.618,0.17506
7.6696,0.15534
7.6953,0.15315
7.7719,0.15092
7.7972,0.14324
7.8225,0.1458
7.8978,0.15421
7.9725,0.15338
8.0218,0.17282
8.0464,0.16837
8.0709,0.14807
8.0953,0.14181
8.1439,0.14994
8.1923,0.15843
8.2403,0.15216
8.2642,0.17343
8.3828,0.18243
8.4063,0.14421
8.4532,0.14376
8.4765,0.15782
8.5461,0.13
8.638,0.14549
8.7062,0.14477
8.7515,0.14064
8.8189,0.14733
8.8412,0.14998
8.9742,0.13626
9.0181,0.15845
9.17,0.13722
9.2557,0.1407
9.4248,0.16777
9.4457,0.12147
9.4457,0.1348
