0.62832,5.1571
0.88858,10.911
1.0883,25.797
1.2566,43.957
1.405,72.819
1.5391,52.454
1.7772,23.148
1.885,14.616
1.9869,10.949
2.0839,7.6151
2.1766,5.5259
2.2654,5.6934
2.351,4.5712
2.5133,3.2569
2.5906,2.9838
2.6657,2.3088
2.7388,2.4575
2.8099,1.7986
2.8793,1.5328
2.9471,1.4648
3.0781,1.1338
3.1416,0.99666
3.2038,0.90124
3.2648,0.87269
3.3836,0.75433
3.4414,0.67894
3.5543,0.58517
3.6094,0.5845
3.6637,0.55248
3.7172,0.54294
3.7699,0.52712
3.8219,0.49863
3.8732,0.48678
3.9738,0.4323
4.0232,0.40179
4.072,0.40543
4.1202,0.36637
4.1678,0.34632
4.2149,0.39225
4.2615,0.3678
4.3531,0.35564
4.3982,0.34698
4.4429,0.3355
4.4871,0.31849
4.5309,0.32102
4.5742,0.28721
4.6172,0.29972
4.7019,0.27
4.7437,0.25941
4.7851,0.26493
4.8262,0.26198
4.9073,0.24083
4.9474,0.23272
5.0265,0.25945
5.0657,0.23315
5.1045,0.21863
5.143,0.1954
5.1812,0.22913
5.2192,0.22264
5.2569,0.18999
5.3315,0.21679
5.3684,0.2026
5.405,0.19892
5.4414,0.20175
5.4776,0.21825
5.5135,0.20054
5.5492,0.18889
5.6199,0.20329
5.6549,0.17573
5.6897,0.20357
5.7243,0.18595
5.7586,0.18025
5.7928,0.18623
5.8268,0.18567
5.8942,0.17899
5.9275,0.17056
5.9608,0.17023
5.9938,0.19652
6.0593,0.14139
6.0918,0.17741
6.1562,0.15416
6.1882,0.16002
6.22,0.16844
6.2517,0.16937
6.2832,0.14881
6.3145,0.17443
6.3457,0.14974
6.4076,0.16087
6.4383,0.16983
6.4689,0.14689
6.4994,0.15034
6.5297,0.1469
6.5598,0.14561
6.5899,0.15287
6.6791,0.16065
6.7086,0.15763
6.738,0.16865
6.7672,0.14648
6.7963,0.14539
6.8253,0.1553
6.8829,0.16293
6.9115,0.12351
6.94,0.13701
6.9684,0.11366
7.0248,0.14834
7.0529,0.15299
7.1086,0.13551
7.1363,0.13234
7.1639,0.14243
7.1914,0.1269
7.2188,0.14283
7.2461,0.12183
7.2733,0.13973
7.3274,0.13503
7.3543,0.12986
7.3811,0.13154
7.4078,0.13237
7.4344,0.15515
7.4609,0.13986
7.4873,0.12445
7.566,0.12515
7.592,0.1239
7.618,0.12582
7.6696,0.12608
7.6953,0.13195
7.7719,0.12789
7.7972,0.12442
7.8225,0.13978
7.8978,0.12434
7.9725,0.13247
8.0218,0.11701
8.0464,0.14031
8.0709,0.13928
8.0953,0.11333
8.1439,0.1299
8.1923,0.13313
8.2403,0.13787
8.2642,0.1181
8.3828,0.11086
8.4063,0.12355
8.4532,0.11553
8.4765,0.13907
8.5461,0.14147
8.638,0.11288
8.7062,0.10843
8.7515,0.10421
8.8189,0.12284
8.8412,0.12087
8.9742,0.098435
9.0181,0.093262
9.17,0.11795
9.2557,0.14586
9.4248,0.13953
9.4457,0.13789
9.4457,0.11999
