0.62832,4.9509
0.88858,13.504
1.0883,30.059
1.2566,81.25
1.405,102.82
1.5391,59.935
1.7772,28.007
1.885,14.567
1.9869,11.621
2.0839,10.304
2.1766,6.2179
2.2654,5.2561
2.351,4.9986
2.5133,4.6017
2.5906,3.2931
2.6657,2.7899
2.7388,1.9986
2.8099,1.9466
2.8793,1.5608
2.9471,1.5705
3.0781,1.0967
3.1416,0.9617
3.2038,0.98612
3.2648,0.92076
3.3836,0.68783
3.4414,0.73106
3.5543,0.59366
3.6094,0.60266
3.6637,0.62085
3.7172,0.6219
3.7699,0.56345
3.8219,0.61748
3.8732,0.50728
3.9738,0.51831
4.0232,0.45248
4.072,0.45284
4.1202,0.43536
4.1678,0.5214
4.2149,0.4414
4.2615,0.42716
4.3531,0.35471
4.3982,0.43021
4.4429,0.37483
4.4871,0.39005
4.5309,0.31385
4.5742,0.36406
4.6172,0.3458
4.7019,0.26949
4.7437,0.3022
4.7851,0.32004
4.8262,0.28914
4.9073,0.26031
4.9474,0.26891
5.0265,0.36069
5.0657,0.2665
5.1045,0.26332
5.143,0.2488
5.1812,0.24944
5.2192,0.25589
5.2569,0.1998
5.3315,0.22608
5.3684,0.20516
5.405,0.20332
5.4414,0.19132
5.4776,0.17267
5.5135,0.19123
5.5492,0.17274
5.6199,0.2065
5.6549,0.1881
5.6897,0.22069
5.7243,0.19881
5.7586,0.18887
5.7928,0.17861
5.8268,0.20925
5.8942,0.145
5.9275,0.167
5.9608,0.18134
5.9938,0.20205
6.0593,0.15453
6.0918,0.16356
6.1562,0.13397
6.1882,0.15727
6.22,0.15486
6.2517,0.16694
6.2832,0.19102
6.3145,0.16335
6.3457,0.1736
6.4076,0.16879
6.4383,0.1781
6.4689,0.16455
6.4994,0.13347
6.5297,0.13231
6.5598,0.14094
6.5899,0.14636
6.6791,0.14588
6.7086,0.1358
6.738,0.14117
6.7672,0.14466
6.7963,0.15025
6.8253,0.12897
6.8829,0.1646
6.9115,0.14467
6.94,0.12321
6.9684,0.096072
7.0248,0.14544
7.0529,0.14287
7.1086,0.11893
7.1363,0.1292
7.1639,0.12138
7.1914,0.14101
7.2188,0.12954
7.2461,0.10705
7.2733,0.13919
7.3274,0.11826
7.3543,0.12457
7.3811,0.1223
7.4078,0.12184
7.4344,0.14343
7.4609,0.12496
7.4873,0.12286
7.566,0.12267
7.592,0.12009
7.618,0.11333
7.6696,0.11854
7.6953,0.1213
7.7719,0.12551
7.7972,0.13438
7.8225,0.11494
7.8978,0.11988
7.9725,0.12549
8.0218,0.14471
8.0464,0.13102
8.0709,0.12903
8.0953,0.11451
8.1439,0.12825
8.1923,0.12224
8.2403,0.10857
8.2642,0.10575
8.3828,0.12955
8.4063,0.12349
8.4532,0.11741
8.4765,0.13284
8.5461,0.11344
8.638,0.12973
8.7062,0.14073
8.7515,0.12834
8.8189,0.093167
8.8412,0.11508
8.9742,0.13082
9.0181,0.097825
9.17,0.12255
9.2557,0.12473
9.4248,0.165
9.4457,0.12873
9.4457,0.11505
