0.62832,6.3315
0.88858,11.895
1.0883,29.741
1.2566,54.072
1.405,68.695
1.5391,60.419
1.7772,20.974
1.885,15.615
1.9869,10.026
2.0839,9.3323
2.1766,4.7466
2.2654,5.7256
2.351,4.5321
2.5133,4.4281
2.5906,2.8893
2.6657,2.6175
2.7388,2.2212
2.8099,1.9637
2.8793,1.7922
2.9471,1.4551
3.0781,1.2537
3.1416,0.99004
3.2038,0.91769
3.2648,0.9024
3.3836,0.72872
3.4414,0.72059
3.5543,0.63118
3.6094,0.53384
3.6637,0.55353
3.7172,0.52937
3.7699,0.53099
3.8219,0.56025
3.8732,0.46989
3.9738,0.48722
4.0232,0.40095
4.072,0.41145
4.1202,0.4214
4.1678,0.41031
4.2149,0.35369
4.2615,0.37918
4.3531,0.36384
4.3982,0.32579
4.4429,0.32613
4.4871,0.33511
4.5309,0.29631
4.5742,0.30458
4.6172,0.28292
4.7019,0.25354
4.7437,0.27286
4.7851,0.28159
4.8262,0.26912
4.9073,0.24866
4.9474,0.2472
5.0265,0.30031
5.0657,0.23771
5.1045,0.21328
5.143,0.21624
5.1812,0.20278
5.2192,0.22068
5.2569,0.20317
5.3315,0.20535
5.3684,0.19232
5.405,0.20455
5.4414,0.18862
5.4776,0.17985
5.5135,0.18248
5.5492,0.17497
5.6199,0.19066
5.6549,0.18649
5.6897,0.20375
5.7243,0.19583
5.7586,0.18734
5.7928,0.18072
5.8268,0.17782
5.8942,0.15061
5.9275,0.16489
5.9608,0.1754
5.9938,0.17003
6.0593,0.17904
6.0918,0.16452
6.1562,0.14461
6.1882,0.17113
6.22,0.16197
6.2517,0.15701
6.2832,0.16127
6.3145,0.16657
6.3457,0.16355
6.4076,0.16648
6.4383,0.14005
6.4689,0.14876
6.4994,0.15369
6.5297,0.16385
6.5598,0.14921
6.5899,0.14265
6.6791,0.15525
6.7086,0.14094
6.738,0.14249
6.7672,0.1569
6.7963,0.15799
6.8253,0.13199
6.8829,0.14595
6.9115,0.13702
6.94,0.14955
6.9684,0.14817
7.0248,0.14502
7.0529,0.13891
7.1086,0.14598
7.1363,0.13737
7.1639,0.14695
7.1914,0.12648
7.2188,0.13627
7.2461,0.14521
7.2733,0.12194
7.3274,0.13667
7.3543,0.12603
7.3811,0.11313
7.4078,0.1544
7.4344,0.13736
7.4609,0.1364
7.4873,0.12478
7.566,0.12809
7.592,0.1341
7.618,0.1295
7.6696,0.12915
7.6953,0.11922
7.7719,0.12734
7.7972,0.1194
7.8225,0.119
7.8978,0.12506
7.9725,0.13622
8.0218,0.14658
8.0464,0.13225
8.0709,0.13164
8.0953,0.10622
8.1439,0.13566
8.1923,0.11692
8.2403,0.11607
8.2642,0.12356
8.3828,0.14262
8.4063,0.10855
8.4532,0.11055
8.4765,0.1343
8.5461,0.11842
8.638,0.13444
8.7062,0.13333
8.7515,0.11677
8.8189,0.1216
8.8412,0.10069
8.9742,0.14649
9.0181,0.10997
9.17,0.13147
9.2557,0.14418
9.4248,0.12619
9.4457,0.12767
9.4457,0.1035
