0.62832,15.517
0.88858,24.306
1.0883,25.899
1.2566,20.308
1.405,15.854
1.5391,11.155
1.7772,6.5744
1.885,5.0163
1.9869,3.8213
2.0839,3.2989
2.1766,2.7326
2.2654,2.4158
2.351,2.119
2.5133,1.5265
2.5906,1.4814
2.6657,1.3778
2.7388,1.2761
2.8099,1.1236
2.8793,1.0631
2.9471,1.0587
3.0781,0.87805
3.1416,0.84551
3.2038,0.73999
3.2648,0.8295
3.3836,0.64753
3.4414,0.63325
3.5543,0.60698
3.6094,0.59916
3.6637,0.5518
3.7172,0.54473
3.7699,0.51029
3.8219,0.50782
3.8732,0.50155
3.9738,0.47272
4.0232,0.43936
4.072,0.45447
4.1202,0.42572
4.1678,0.38151
4.2149,0.42235
4.2615,0.40085
4.3531,0.33446
4.3982,0.36044
4.4429,0.37697
4.4871,0.3424
4.5309,0.32264
4.5742,0.33511
4.6172,0.31991
4.7019,0.32948
4.7437,0.27646
4.7851,0.30934
4.8262,0.32108
4.9073,0.28818
4.9474,0.29227
5.0265,0.27747
5.0657,0.28421
5.1045,0.2573
5.143,0.28029
5.1812,0.27439
5.2192,0.25983
5.2569,0.25865
5.3315,0.24914
5.3684,0.24321
5.405,0.25466
5.4414,0.25458
5.4776,0.22782
5.5135,0.23009
5.5492,0.23831
5.6199,0.22633
5.6549,0.22438
5.6897,0.21915
5.7243,0.21812
5.7586,0.21198
5.7928,0.21733
5.8268,0.22714
5.8942,0.20021
5.9275,0.20606
5.9608,0.22567
5.9938,0.2083
6.0593,0.19234
6.0918,0.20664
6.1562,0.1936
6.1882,0.21417
6.22,0.20356
6.2517,0.18465
6.2832,0.19148
6.3145,0.20227
6.3457,0.21852
6.4076,0.18893
6.4383,0.18444
6.4689,0.18515
6.4994,0.17128
6.5297,0.20462
6.5598,0.18852
6.5899,0.17988
6.6791,0.18784
6.7086,0.18582
6.738,0.18051
6.7672,0.17593
6.7963,0.17747
6.8253,0.18086
6.8829,0.17848
6.9115,0.16635
6.94,0.16316
6.9684,0.17703
7.0248,0.16512
7.0529,0.17482
7.1086,0.1712
7.1363,0.17114
7.1639,0.15266
7.1914,0.17047
7.2188,0.16153
7.2461,0.19426
7.2733,0.16355
7.3274,0.16408
7.3543,0.16812
7.3811,0.1685
7.4078,0.18782
7.4344,0.16979
7.4609,0.15728
7.4873,0.16612
7.566,0.16104
7.592,0.17229
7.618,0.13293
7.6696,0.15583
7.6953,0.16122
7.7719,0.15029
7.7972,0.14877
7.8225,0.16253
7.8978,0.13992
7.9725,0.15232
8.0218,0.128
8.0464,0.15013
8.0709,0.15799
8.0953,0.15239
8.1439,0.14033
8.1923,0.14813
8.2403,0.12888
8.2642,0.1456
8.3828,0.1348
8.4063,0.12573
8.4532,0.12117
8.4765,0.15681
8.5461,0.13868
8.638,0.12934
8.7062,0.12598
8.7515,0.10191
8.8189,0.12309
8.8412,0.14801
8.9742,0.12328
9.0181,0.13105
9.17,0.12829
9.2557,0.13484
9.4248,0.13242
9.4457,0.12301
9.4457,0.13176
