0.62832,14.422
0.88858,22.087
1.0883,26.619
1.2566,19.411
1.405,14.113
1.5391,10.058
1.7772,5.9002
1.885,4.5549
1.9869,3.9781
2.0839,2.9051
2.1766,2.4517
2.2654,2.3835
2.351,2.0152
2.5133,1.6871
2.5906,1.3981
2.6657,1.2678
2.7388,1.235
2.8099,1.0036
2.8793,1.0382
2.9471,1.0758
3.0781,0.81174
3.1416,0.81111
3.2038,0.74115
3.2648,0.70877
3.3836,0.67144
3.4414,0.64867
3.5543,0.64979
3.6094,0.55418
3.6637,0.55135
3.7172,0.55993
3.7699,0.52152
3.8219,0.50858
3.8732,0.46418
3.9738,0.47937
4.0232,0.45801
4.072,0.39809
4.1202,0.44968
4.1678,0.40484
4.2149,0.41122
4.2615,0.37892
4.3531,0.39147
4.3982,0.35686
4.4429,0.35259
4.4871,0.36228
4.5309,0.33441
4.5742,0.34431
4.6172,0.3219
4.7019,0.32745
4.7437,0.30266
4.7851,0.32962
4.8262,0.31027
4.9073,0.2993
4.9474,0.29874
5.0265,0.2711
5.0657,0.27852
5.1045,0.28592
5.143,0.27741
5.1812,0.26562
5.2192,0.24949
5.2569,0.25719
5.3315,0.24893
5.3684,0.22953
5.405,0.25647
5.4414,0.23874
5.4776,0.25524
5.5135,0.22828
5.5492,0.24114
5.6199,0.23345
5.6549,0.24242
5.6897,0.22974
5.7243,0.23168
5.7586,0.21575
5.7928,0.20973
5.8268,0.23953
5.8942,0.24967
5.9275,0.21242
5.9608,0.20969
5.9938,0.21578
6.0593,0.18448
6.0918,0.19907
6.1562,0.19064
6.1882,0.21182
6.22,0.19426
6.2517,0.21199
6.2832,0.19459
6.3145,0.20411
6.3457,0.19424
6.4076,0.19005
6.4383,0.19456
6.4689,0.18604
6.4994,0.18033
6.5297,0.18144
6.5598,0.17473
6.5899,0.17598
6.6791,0.1869
6.7086,0.17757
6.738,0.20447
6.7672,0.19004
6.7963,0.17576
6.8253,0.17961
6.8829,0.18838
6.9115,0.13838
6.94,0.18611
6.9684,0.18548
7.0248,0.17662
7.0529,0.18725
7.1086,0.19137
7.1363,0.1704
7.1639,0.13844
7.1914,0.18218
7.2188,0.18668
7.2461,0.15072
7.2733,0.16235
7.3274,0.15059
7.3543,0.16218
7.3811,0.15512
7.4078,0.16735
7.4344,0.1531
7.4609,0.16436
7.4873,0.17339
7.566,0.15251
7.592,0.17075
7.618,0.18087
7.6696,0.14967
7.6953,0.14832
7.7719,0.12496
7.7972,0.15002
7.8225,0.15902
7.8978,0.14098
7.9725,0.12827
8.0218,0.13558
8.0464,0.14436
8.0709,0.14182
8.0953,0.14045
8.1439,0.15284
8.1923,0.15217
8.2403,0.12857
8.2642,0.14449
8.3828,0.16019
8.4063,0.15599
8.4532,0.14632
8.4765,0.12972
8.5461,0.13202
8.638,0.1431
8.7062,0.12631
8.7515,0.13486
8.8189,0.12999
8.8412,0.13217
8.9742,0.11648
9.0181,0.15121
9.17,0.13143
9.2557,0.13324
9.4248,0.1625
9.4457,0.10942
9.4457,0.11756
