0.62832,12.5
0.88858,21.963
1.0883,33.839
1.2566,30.33
1.405,21.82
1.5391,17.326
1.7772,8.4611
1.885,6.5914
1.9869,5.1654
2.0839,4.2855
2.1766,3.7035
2.2654,2.7965
2.351,2.3656
2.5133,1.7753
2.5906,1.6208
2.6657,1.4493
2.7388,1.345
2.8099,1.2746
2.8793,1.0235
2.9471,1.0614
3.0781,0.82612
3.1416,0.81177
3.2038,0.77384
3.2648,0.75454
3.3836,0.72106
3.4414,0.62484
3.5543,0.55211
3.6094,0.57555
3.6637,0.51251
3.7172,0.51923
3.7699,0.48729
3.8219,0.4777
3.8732,0.45819
3.9738,0.44389
4.0232,0.43164
4.072,0.41571
4.1202,0.41076
4.1678,0.3836
4.2149,0.37998
4.2615,0.36867
4.3531,0.41467
4.3982,0.35303
4.4429,0.35064
4.4871,0.36187
4.5309,0.34522
4.5742,0.32754
4.6172,0.32078
4.7019,0.30691
4.7437,0.30108
4.7851,0.28113
4.8262,0.27664
4.9073,0.28204
4.9474,0.28071
5.0265,0.30518
5.0657,0.25389
5.1045,0.27505
5.143,0.2624
5.1812,0.26205
5.2192,0.26894
5.2569,0.24055
5.3315,0.24229
5.3684,0.24948
5.405,0.24396
5.4414,0.22895
5.4776,0.23448
5.5135,0.21997
5.5492,0.2324
5.6199,0.21146
5.6549,0.22965
5.6897,0.21182
5.7243,0.22061
5.7586,0.22909
5.7928,0.22576
5.8268,0.20843
5.8942,0.21515
5.9275,0.19372
5.9608,0.21029
5.9938,0.20367
6.0593,0.22232
6.0918,0.21877
6.1562,0.20518
6.1882,0.21221
6.22,0.19335
6.2517,0.19001
6.2832,0.18643
6.3145,0.19004
6.3457,0.19169
6.4076,0.19814
6.4383,0.18992
6.4689,0.19986
6.4994,0.18662
6.5297,0.18098
6.5598,0.18164
6.5899,0.18295
6.6791,0.16586
6.7086,0.16315
6.738,0.15202
6.7672,0.18376
6.7963,0.17162
6.8253,0.15945
6.8829,0.14753
6.9115,0.16446
6.94,0.18187
6.9684,0.17057
7.0248,0.1596
7.0529,0.16543
7.1086,0.14393
7.1363,0.1434
7.1639,0.17855
7.1914,0.15424
7.2188,0.15469
7.2461,0.17458
7.2733,0.16354
7.3274,0.13855
7.3543,0.16054
7.3811,0.17805
7.4078,0.1769
7.4344,0.17166
7.4609,0.18201
7.4873,0.16948
7.566,0.16267
7.592,0.14875
7.618,0.14512
7.6696,0.14515
7.6953,0.13169
7.7719,0.14489
7.7972,0.15045
7.8225,0.15605
7.8978,0.15543
7.9725,0.14189
8.0218,0.14477
8.0464,0.1464
8.0709,0.13604
8.0953,0.13788
8.1439,0.14039
8.1923,0.15631
8.2403,0.12734
8.2642,0.16476
8.3828,0.15678
8.4063,0.14419
8.4532,0.1382
8.4765,0.13748
8.5461,0.14734
8.638,0.13104
8.7062,0.14525
8.7515,0.15178
8.8189,0.16171
8.8412,0.13014
8.9742,0.12954
9.0181,0.13242
9.17,0.11625
9.2557,0.13036
9.4248,0.12697
9.4457,0.12106
9.4457,0.12915
