0.62832,18.739
0.88858,16.61
1.0883,11.655
1.2566,8.6905
1.405,6.201
1.5391,4.3752
1.7772,3.2399
1.885,2.7634
1.9869,2.2018
2.0839,1.889
2.1766,1.8681
2.2654,1.6449
2.351,1.3188
2.5133,1.2775
2.5906,1.1429
2.6657,1.0666
2.7388,0.94476
2.8099,0.95331
2.8793,1.0075
2.9471,0.83628
3.0781,0.77145
3.1416,0.7738
3.2038,0.73171
3.2648,0.65147
3.3836,0.6568
3.4414,0.63614
3.5543,0.60402
3.6094,0.55739
3.6637,0.55169
3.7172,0.52894
3.7699,0.50378
3.8219,0.49822
3.8732,0.49628
3.9738,0.45654
4.0232,0.46024
4.072,0.40882
4.1202,0.44414
4.1678,0.43564
4.2149,0.42159
4.2615,0.41757
4.3531,0.35193
4.3982,0.41545
4.4429,0.39437
4.4871,0.36113
4.5309,0.33545
4.5742,0.35599
4.6172,0.36124
4.7019,0.36403
4.7437,0.33505
4.7851,0.34987
4.8262,0.31243
4.9073,0.31217
4.9474,0.30321
5.0265,0.30723
5.0657,0.29112
5.1045,0.28723
5.143,0.30919
5.1812,0.29783
5.2192,0.27989
5.2569,0.24685
5.3315,0.25945
5.3684,0.26873
5.405,0.26062
5.4414,0.28084
5.4776,0.25687
5.5135,0.2478
5.5492,0.24515
5.6199,0.25387
5.6549,0.26527
5.6897,0.24262
5.7243,0.24449
5.7586,0.22515
5.7928,0.22725
5.8268,0.24199
5.8942,0.23572
5.9275,0.23824
5.9608,0.2247
5.9938,0.21446
6.0593,0.18603
6.0918,0.21625
6.1562,0.23818
6.1882,0.20318
6.22,0.18792
6.2517,0.20232
6.2832,0.19659
6.3145,0.21385
6.3457,0.19369
6.4076,0.2164
6.4383,0.20152
6.4689,0.21272
6.4994,0.19607
6.5297,0.2033
6.5598,0.19795
6.5899,0.19525
6.6791,0.19449
6.7086,0.1931
6.738,0.22096
6.7672,0.17838
6.7963,0.18952
6.8253,0.18105
6.8829,0.17567
6.9115,0.17877
6.94,0.17621
6.9684,0.15444
7.0248,0.18558
7.0529,0.17931
7.1086,0.1705
7.1363,0.17922
7.1639,0.12431
7.1914,0.18068
7.2188,0.16789
7.2461,0.15302
7.2733,0.16762
7.3274,0.17066
7.3543,0.16365
7.3811,0.15673
7.4078,0.1867
7.4344,0.15955
7.4609,0.1797
7.4873,0.15853
7.566,0.16022
7.592,0.15947
7.618,0.17308
7.6696,0.15905
7.6953,0.14655
7.7719,0.15093
7.7972,0.13303
7.8225,0.15456
7.8978,0.14922
7.9725,0.15313
8.0218,0.1681
8.0464,0.16308
8.0709,0.14392
8.0953,0.17333
8.1439,0.14037
8.1923,0.15708
8.2403,0.15568
8.2642,0.13965
8.3828,0.1025
8.4063,0.16439
8.4532,0.13781
8.4765,0.14432
8.5461,0.13711
8.638,0.13936
8.7062,0.14085
8.7515,0.13323
8.8189,0.11553
8.8412,0.14232
8.9742,0.15196
9.0181,0.15573
9.17,0.13977
9.2557,0.13516
9.4248,0.15779
9.4457,0.14132
9.4457,0.10383
