0.62832,7.2801
0.88858,14.581
1.0883,20.728
1.2566,53.708
1.405,45.984
1.5391,31.117
1.7772,12.945
1.885,8.8781
1.9869,6.6903
2.0839,5.041
2.1766,4.4662
2.2654,3.9415
2.351,2.96
2.5133,2.4059
2.5906,2.1868
2.6657,1.813
2.7388,1.494
2.8099,1.4062
2.8793,1.2851
2.9471,1.1015
3.0781,0.86074
3.1416,0.85763
3.2038,0.80842
3.2648,0.76311
3.3836,0.70551
3.4414,0.6363
3.5543,0.58017
3.6094,0.60873
3.6637,0.52457
3.7172,0.55593
3.7699,0.49496
3.8219,0.46455
3.8732,0.44532
3.9738,0.50934
4.0232,0.42292
4.072,0.40682
4.1202,0.40325
4.1678,0.42299
4.2149,0.36443
4.2615,0.38891
4.3531,0.35585
4.3982,0.34415
4.4429,0.32423
4.4871,0.32931
4.5309,0.31874
4.5742,0.32257
4.6172,0.30808
4.7019,0.27036
4.7437,0.28383
4.7851,0.25653
4.8262,0.27663
4.9073,0.25475
4.9474,0.28122
5.0265,0.27647
5.0657,0.24924
5.1045,0.24285
5.143,0.19945
5.1812,0.25231
5.2192,0.23735
5.2569,0.21535
5.3315,0.22179
5.3684,0.22893
5.405,0.22165
5.4414,0.24537
5.4776,0.21764
5.5135,0.21129
5.5492,0.20618
5.6199,0.2004
5.6549,0.19821
5.6897,0.20404
5.7243,0.17516
5.7586,0.18983
5.7928,0.19817
5.8268,0.18473
5.8942,0.17904
5.9275,0.19439
5.9608,0.18425
5.9938,0.20415
6.0593,0.17502
6.0918,0.18034
6.1562,0.15343
6.1882,0.19437
6.22,0.18925
6.2517,0.1747
6.2832,0.16859
6.3145,0.17372
6.3457,0.16974
6.4076,0.16217
6.4383,0.17546
6.4689,0.17412
6.4994,0.16704
6.5297,0.1497
6.5598,0.17863
6.5899,0.17275
6.6791,0.16779
6.7086,0.16172
6.738,0.17952
6.7672,0.1623
6.7963,0.16777
6.8253,0.16357
6.8829,0.16132
6.9115,0.14151
6.94,0.15327
6.9684,0.14713
7.0248,0.15741
7.0529,0.17206
7.1086,0.14186
7.1363,0.14554
7.1639,0.13012
7.1914,0.14059
7.2188,0.15282
7.2461,0.16333
7.2733,0.15754
7.3274,0.15502
7.3543,0.16162
7.3811,0.14128
7.4078,0.15832
7.4344,0.15926
7.4609,0.14836
7.4873,0.16188
7.566,0.14883
7.592,0.15127
7.618,0.15492
7.6696,0.14207
7.6953,0.14013
7.7719,0.1348
7.7972,0.14286
7.8225,0.15062
7.8978,0.14001
7.9725,0.14352
8.0218,0.10262
8.0464,0.12758
8.0709,0.15754
8.0953,0.095988
8.1439,0.14305
8.1923,0.13663
8.2403,0.14486
8.2642,0.1433
8.3828,0.14476
8.4063,0.14765
8.4532,0.1236
8.4765,0.15123
8.5461,0.11348
8.638,0.12527
8.7062,0.16731
8.7515,0.12692
8.8189,0.14111
8.8412,0.13467
8.9742,0.13791
9.0181,0.14528
9.17,0.12398
9.2557,0.11286
9.4248,0.096761
9.4457,0.12494
9.4457,0.1164
