0.62832,18.365
0.88858,12.93
1.0883,9.4916
1.2566,7.3958
1.405,5.5188
1.5391,4.4179
1.7772,2.439
1.885,2.2854
1.9869,1.925
2.0839,1.9333
2.1766,1.3151
2.2654,1.5545
2.351,1.5128
2.5133,1.2859
2.5906,1.1071
2.6657,0.98986
2.7388,1.1185
2.8099,0.98969
2.8793,0.83851
2.9471,0.92704
3.0781,0.78782
3.1416,0.76604
3.2038,0.69399
3.2648,0.62446
3.3836,0.66311
3.4414,0.63214
3.5543,0.61613
3.6094,0.5823
3.6637,0.53234
3.7172,0.52126
3.7699,0.51116
3.8219,0.4959
3.8732,0.4848
3.9738,0.49955
4.0232,0.46324
4.072,0.42683
4.1202,0.37486
4.1678,0.45906
4.2149,0.41934
4.2615,0.44497
4.3531,0.46423
4.3982,0.34973
4.4429,0.37529
4.4871,0.32823
4.5309,0.36162
4.5742,0.33028
4.6172,0.34065
4.7019,0.3445
4.7437,0.33402
4.7851,0.31092
4.8262,0.33749
4.9073,0.30934
4.9474,0.29556
5.0265,0.28945
5.0657,0.29842
5.1045,0.31003
5.143,0.30493
5.1812,0.29131
5.2192,0.2685
5.2569,0.27958
5.3315,0.2786
5.3684,0.28116
5.405,0.27948
5.4414,0.23383
5.4776,0.26754
5.5135,0.27513
5.5492,0.2399
5.6199,0.24015
5.6549,0.2576
5.6897,0.25124
5.7243,0.22411
5.7586,0.23055
5.7928,0.23
5.8268,0.23345
5.8942,0.20262
5.9275,0.21751
5.9608,0.22677
5.9938,0.23462
6.0593,0.23486
6.0918,0.22391
6.1562,0.23325
6.1882,0.20682
6.22,0.18659
6.2517,0.21946
6.2832,0.1965
6.3145,0.21897
6.3457,0.17017
6.4076,0.20594
6.4383,0.22081
6.4689,0.20914
6.4994,0.19711
6.5297,0.22044
6.5598,0.18818
6.5899,0.20472
6.6791,0.18556
6.7086,0.17184
6.738,0.16134
6.7672,0.19016
6.7963,0.16853
6.8253,0.18332
6.8829,0.19416
6.9115,0.15848
6.94,0.17603
6.9684,0.17227
7.0248,0.18959
7.0529,0.18225
7.1086,0.15175
7.1363,0.1817
7.1639,0.19485
7.1914,0.16476
7.2188,0.17757
7.2461,0.1723
7.2733,0.18798
7.3274,0.16389
7.3543,0.16975
7.3811,0.15083
7.4078,0.16963
7.4344,0.18521
7.4609,0.19244
7.4873,0.15646
7.566,0.15135
7.592,0.16274
7.618,0.18907
7.6696,0.16743
7.6953,0.19063
7.7719,0.16854
7.7972,0.15522
7.8225,0.14961
7.8978,0.16752
7.9725,0.16095
8.0218,0.13645
8.0464,0.1476
8.0709,0.1432
8.0953,0.14575
8.1439,0.15171
8.1923,0.16818
8.2403,0.15975
8.2642,0.14916
8.3828,0.13612
8.4063,0.15248
8.4532,0.1502
8.4765,0.13227
8.5461,0.15809
8.638,0.13841
8.7062,0.16488
8.7515,0.1275
8.8189,0.14975
8.8412,0.13992
8.9742,0.15723
9.0181,0.13804
9.17,0.13936
9.2557,0.15605
9.4248,0.11484
9.4457,0.1115
9.4457,0.1382
