0.62832,4.8557
0.88858,11.968
1.0883,30.639
1.2566,85.536
1.405,89.516
1.5391,64.68
1.7772,26.419
1.885,14.779
1.9869,12.197
2.0839,9.778
2.1766,5.2571
2.2654,5.6252
2.351,4.6852
2.5133,4.453
2.5906,3.2392
2.6657,2.833
2.7388,2.0897
2.8099,2.0667
2.8793,1.6144
2.9471,1.3991
3.0781,1.0733
3.1416,1.0546
3.2038,0.96947
3.2648,0.80776
3.3836,0.7324
3.4414,0.71743
3.5543,0.59064
3.6094,0.60494
3.6637,0.57659
3.7172,0.52337
3.7699,0.64043
3.8219,0.61102
3.8732,0.53929
3.9738,0.56431
4.0232,0.49926
4.072,0.47475
4.1202,0.42516
4.1678,0.49148
4.2149,0.40799
4.2615,0.41351
4.3531,0.3158
4.3982,0.4065
4.4429,0.36081
4.4871,0.39028
4.5309,0.32326
4.5742,0.36792
4.6172,0.3317
4.7019,0.28639
4.7437,0.28413
4.7851,0.30027
4.8262,0.28782
4.9073,0.24643
4.9474,0.25065
5.0265,0.32038
5.0657,0.26675
5.1045,0.25529
5.143,0.23412
5.1812,0.2498
5.2192,0.24272
5.2569,0.19291
5.3315,0.23123
5.3684,0.22583
5.405,0.21372
5.4414,0.2049
5.4776,0.19316
5.5135,0.19699
5.5492,0.17777
5.6199,0.18164
5.6549,0.19304
5.6897,0.22536
5.7243,0.1959
5.7586,0.18879
5.7928,0.18279
5.8268,0.21147
5.8942,0.1592
5.9275,0.1668
5.9608,0.17383
5.9938,0.17877
6.0593,0.17093
6.0918,0.15157
6.1562,0.17048
6.1882,0.16218
6.22,0.15256
6.2517,0.14932
6.2832,0.17723
6.3145,0.16142
6.3457,0.15544
6.4076,0.16958
6.4383,0.1657
6.4689,0.15654
6.4994,0.14119
6.5297,0.16521
6.5598,0.14757
6.5899,0.1432
6.6791,0.13846
6.7086,0.13774
6.738,0.13894
6.7672,0.14575
6.7963,0.15258
6.8253,0.13773
6.8829,0.16709
6.9115,0.12025
6.94,0.129
6.9684,0.097727
7.0248,0.15016
7.0529,0.12635
7.1086,0.10752
7.1363,0.11808
7.1639,0.1323
7.1914,0.13784
7.2188,0.13199
7.2461,0.13777
7.2733,0.13609
7.3274,0.12231
7.3543,0.13099
7.3811,0.11571
7.4078,0.10785
7.4344,0.13438
7.4609,0.15191
7.4873,0.16157
7.566,0.13455
7.592,0.12288
7.618,0.1164
7.6696,0.12559
7.6953,0.12586
7.7719,0.10573
7.7972,0.12267
7.8225,0.11349
7.8978,0.13147
7.9725,0.13763
8.0218,0.13047
8.0464,0.14893
8.0709,0.15251
8.0953,0.12273
8.1439,0.13748
8.1923,0.11489
8.2403,0.10349
8.2642,0.12335
8.3828,0.15105
8.4063,0.14148
8.4532,0.11915
8.4765,0.13383
8.5461,0.11305
8.638,0.12097
8.7062,0.11447
8.7515,0.11123
8.8189,0.11531
8.8412,0.10305
8.9742,0.14522
9.0181,0.12644
9.17,0.11518
9.2557,0.12382
9.4248,0.13631
9.4457,0.11158
9.4457,0.10169
