0.62832,7.8184
0.88858,6.0504
1.0883,5.5338
1.2566,4.3043
1.405,3.1371
1.5391,3.0739
1.7772,1.9938
1.885,1.8265
1.9869,1.6545
2.0839,1.7202
2.1766,1.0951
2.2654,1.1333
2.351,1.1605
2.5133,1.0295
2.5906,1.0545
2.6657,0.96389
2.7388,0.98665
2.8099,0.87508
2.8793,0.77413
2.9471,0.86588
3.0781,0.73278
3.1416,0.63969
3.2038,0.69758
3.2648,0.73512
3.3836,0.61784
3.4414,0.61832
3.5543,0.58551
3.6094,0.5801
3.6637,0.49541
3.7172,0.56643
3.7699,0.51734
3.8219,0.48269
3.8732,0.53012
3.9738,0.50631
4.0232,0.45796
4.072,0.42659
4.1202,0.43641
4.1678,0.4228
4.2149,0.41305
4.2615,0.42819
4.3531,0.47043
4.3982,0.41088
4.4429,0.38955
4.4871,0.36201
4.5309,0.39223
4.5742,0.37653
4.6172,0.35621
4.7019,0.34908
4.7437,0.33018
4.7851,0.34939
4.8262,0.32567
4.9073,0.32819
4.9474,0.31236
5.0265,0.31563
5.0657,0.31291
5.1045,0.30057
5.143,0.2902
5.1812,0.28115
5.2192,0.27734
5.2569,0.25088
5.3315,0.28583
5.3684,0.25993
5.405,0.25997
5.4414,0.28713
5.4776,0.28472
5.5135,0.24724
5.5492,0.27617
5.6199,0.25004
5.6549,0.24069
5.6897,0.24406
5.7243,0.25394
5.7586,0.23012
5.7928,0.26015
5.8268,0.24404
5.8942,0.24628
5.9275,0.24647
5.9608,0.23444
5.9938,0.21684
6.0593,0.26716
6.0918,0.22986
6.1562,0.20138
6.1882,0.21217
6.22,0.21323
6.2517,0.19555
6.2832,0.19673
6.3145,0.20829
6.3457,0.21673
6.4076,0.18585
6.4383,0.21125
6.4689,0.19991
6.4994,0.19821
6.5297,0.2049
6.5598,0.20493
6.5899,0.21034
6.6791,0.18354
6.7086,0.1913
6.738,0.20746
6.7672,0.19102
6.7963,0.18568
6.8253,0.20009
6.8829,0.20663
6.9115,0.18468
6.94,0.20379
6.9684,0.19085
7.0248,0.16813
7.0529,0.17118
7.1086,0.19503
7.1363,0.17372
7.1639,0.19818
7.1914,0.164
7.2188,0.16751
7.2461,0.17641
7.2733,0.17851
7.3274,0.18614
7.3543,0.16288
7.3811,0.15404
7.4078,0.18233
7.4344,0.17137
7.4609,0.19154
7.4873,0.19095
7.566,0.15726
7.592,0.19224
7.618,0.13216
7.6696,0.1612
7.6953,0.15531
7.7719,0.13631
7.7972,0.15224
7.8225,0.15823
7.8978,0.17596
7.9725,0.15905
8.0218,0.1591
8.0464,0.14406
8.0709,0.16052
8.0953,0.12353
8.1439,0.14205
8.1923,0.15655
8.2403,0.1468
8.2642,0.13945
8.3828,0.1206
8.4063,0.14657
8.4532,0.13227
8.4765,0.13914
8.5461,0.15071
8.638,0.15392
8.7062,0.1501
8.7515,0.13827
8.8189,0.14484
8.8412,0.14688
8.9742,0.1488
9.0181,0.14116
9.17,0.13941
9.2557,0.12199
9.4248,0.13291
9.4457,0.1471
9.4457,0.11385
