0.62832,4.7635
0.88858,12.335
1.0883,23.961
1.2566,69.059
1.405,85.887
1.5391,72.143
1.7772,23.293
1.885,13.829
1.9869,11.974
2.0839,10.05
2.1766,6.0096
2.2654,5.6615
2.351,4.9088
2.5133,4.0464
2.5906,3.1364
2.6657,2.4493
2.7388,2.2
2.8099,1.7966
2.8793,1.7782
2.9471,1.4694
3.0781,1.1382
3.1416,0.98102
3.2038,0.91928
3.2648,0.87496
3.3836,0.73105
3.4414,0.72567
3.5543,0.60245
3.6094,0.62569
3.6637,0.53614
3.7172,0.58196
3.7699,0.54024
3.8219,0.57636
3.8732,0.53033
3.9738,0.48623
4.0232,0.46887
4.072,0.44521
4.1202,0.40978
4.1678,0.44375
4.2149,0.41327
4.2615,0.38473
4.3531,0.36947
4.3982,0.35948
4.4429,0.36755
4.4871,0.34952
4.5309,0.33899
4.5742,0.33212
4.6172,0.32929
4.7019,0.29914
4.7437,0.2868
4.7851,0.28716
4.8262,0.27035
4.9073,0.23606
4.9474,0.253
5.0265,0.26817
5.0657,0.25336
5.1045,0.23768
5.143,0.20862
5.1812,0.23168
5.2192,0.2368
5.2569,0.21644
5.3315,0.20393
5.3684,0.19812
5.405,0.19851
5.4414,0.18318
5.4776,0.17018
5.5135,0.1834
5.5492,0.17909
5.6199,0.19761
5.6549,0.18499
5.6897,0.19705
5.7243,0.19229
5.7586,0.17953
5.7928,0.18355
5.8268,0.18211
5.8942,0.16166
5.9275,0.15634
5.9608,0.17471
5.9938,0.18274
6.0593,0.14532
6.0918,0.16156
6.1562,0.16217
6.1882,0.16119
6.22,0.14369
6.2517,0.15001
6.2832,0.17389
6.3145,0.16792
6.3457,0.14633
6.4076,0.15815
6.4383,0.1596
6.4689,0.16324
6.4994,0.14606
6.5297,0.16093
6.5598,0.14002
6.5899,0.13999
6.6791,0.1542
6.7086,0.14873
6.738,0.13802
6.7672,0.14586
6.7963,0.14886
6.8253,0.13857
6.8829,0.16831
6.9115,0.13666
6.94,0.12159
6.9684,0.10876
7.0248,0.15798
7.0529,0.13942
7.1086,0.14515
7.1363,0.1431
7.1639,0.12811
7.1914,0.11883
7.2188,0.13932
7.2461,0.11259
7.2733,0.13639
7.3274,0.12973
7.3543,0.10047
7.3811,0.11709
7.4078,0.12967
7.4344,0.14097
7.4609,0.14905
7.4873,0.10636
7.566,0.13136
7.592,0.11796
7.618,0.13022
7.6696,0.12617
7.6953,0.12225
7.7719,0.12521
7.7972,0.1226
7.8225,0.13277
7.8978,0.13096
7.9725,0.13075
8.0218,0.12412
8.0464,0.15951
8.0709,0.1252
8.0953,0.12254
8.1439,0.12889
8.1923,0.12032
8.2403,0.12248
8.2642,0.13613
8.3828,0.139
8.4063,0.11765
8.4532,0.13208
8.4765,0.1295
8.5461,0.11186
8.638,0.11791
8.7062,0.099221
8.7515,0.11663
8.8189,0.13255
8.8412,0.11717
8.9742,0.12502
9.0181,0.10269
9.17,0.12133
9.2557,0.11001
9.4248,0.14506
9.4457,0.10186
9.4457,0.11204
