0.62832,11.58
0.88858,20.114
1.0883,39.807
1.2566,35.62
1.405,25.261
1.5391,21.065
1.7772,9.6525
1.885,6.4753
1.9869,5.3137
2.0839,4.3067
2.1766,3.8515
2.2654,2.9991
2.351,2.6517
2.5133,2.1288
2.5906,1.8269
2.6657,1.585
2.7388,1.231
2.8099,1.1896
2.8793,1.2059
2.9471,0.97465
3.0781,0.92781
3.1416,0.8334
3.2038,0.76034
3.2648,0.74091
3.3836,0.69476
3.4414,0.69635
3.5543,0.56292
3.6094,0.56057
3.6637,0.55434
3.7172,0.50647
3.7699,0.49753
3.8219,0.44346
3.8732,0.4724
3.9738,0.4728
4.0232,0.43486
4.072,0.4627
4.1202,0.4379
4.1678,0.39078
4.2149,0.40022
4.2615,0.37532
4.3531,0.40819
4.3982,0.34217
4.4429,0.3499
4.4871,0.34095
4.5309,0.31708
4.5742,0.31264
4.6172,0.31846
4.7019,0.33165
4.7437,0.2966
4.7851,0.28655
4.8262,0.28151
4.9073,0.2797
4.9474,0.28284
5.0265,0.28446
5.0657,0.27372
5.1045,0.26241
5.143,0.27256
5.1812,0.24754
5.2192,0.25395
5.2569,0.26724
5.3315,0.2414
5.3684,0.23654
5.405,0.23841
5.4414,0.21213
5.4776,0.22665
5.5135,0.2325
5.5492,0.24677
5.6199,0.2348
5.6549,0.2264
5.6897,0.22063
5.7243,0.23382
5.7586,0.20422
5.7928,0.21796
5.8268,0.21874
5.8942,0.21841
5.9275,0.2035
5.9608,0.22555
5.9938,0.18264
6.0593,0.20085
6.0918,0.17838
6.1562,0.16874
6.1882,0.19872
6.22,0.1878
6.2517,0.17916
6.2832,0.19894
6.3145,0.17414
6.3457,0.19112
6.4076,0.18419
6.4383,0.17038
6.4689,0.18526
6.4994,0.19775
6.5297,0.18591
6.5598,0.17711
6.5899,0.17904
6.6791,0.18351
6.7086,0.17918
6.738,0.16227
6.7672,0.16578
6.7963,0.16757
6.8253,0.17732
6.8829,0.17711
6.9115,0.15706
6.94,0.17086
6.9684,0.18965
7.0248,0.17426
7.0529,0.16779
7.1086,0.1563
7.1363,0.15783
7.1639,0.15992
7.1914,0.17644
7.2188,0.16399
7.2461,0.14669
7.2733,0.14671
7.3274,0.15116
7.3543,0.18234
7.3811,0.13829
7.4078,0.16906
7.4344,0.17813
7.4609,0.17412
7.4873,0.15731
7.566,0.15386
7.592,0.16303
7.618,0.14224
7.6696,0.15391
7.6953,0.13976
7.7719,0.15062
7.7972,0.13839
7.8225,0.12971
7.8978,0.14976
7.9725,0.14443
8.0218,0.13444
8.0464,0.16174
8.0709,0.13774
8.0953,0.15679
8.1439,0.13793
8.1923,0.14307
8.2403,0.14972
8.2642,0.14979
8.3828,0.14916
8.4063,0.11541
8.4532,0.14654
8.4765,0.15272
8.5461,0.14932
8.638,0.13016
8.7062,0.15179
8.7515,0.12294
8.8189,0.13871
8.8412,0.13432
8.9742,0.13743
9.0181,0.14435
9.17,0.12606
9.2557,0.1226
9.4248,0.12453
9.4457,0.11702
9.4457,0.10249
