0.62832,5.0139
0.88858,10.802
1.0883,28.581
1.2566,89.892
1.405,81.858
1.5391,63.345
1.7772,22.174
1.885,14.46
1.9869,10.876
2.0839,10.331
2.1766,7.1433
2.2654,5.4363
2.351,4.6356
2.5133,4.685
2.5906,3.1211
2.6657,2.627
2.7388,2.2251
2.8099,1.9637
2.8793,1.6868
2.9471,1.2743
3.0781,1.0646
3.1416,1.052
3.2038,0.86258
3.2648,0.87212
3.3836,0.73238
3.4414,0.69659
3.5543,0.62163
3.6094,0.61847
3.6637,0.57836
3.7172,0.51474
3.7699,0.59956
3.8219,0.62286
3.8732,0.54425
3.9738,0.50238
4.0232,0.47296
4.072,0.44435
4.1202,0.46395
4.1678,0.36498
4.2149,0.41172
4.2615,0.41738
4.3531,0.33049
4.3982,0.39775
4.4429,0.35923
4.4871,0.35943
4.5309,0.33737
4.5742,0.34145
4.6172,0.34225
4.7019,0.29254
4.7437,0.28108
4.7851,0.31747
4.8262,0.26525
4.9073,0.24281
4.9474,0.25782
5.0265,0.31577
5.0657,0.25095
5.1045,0.24314
5.143,0.24014
5.1812,0.25647
5.2192,0.24867
5.2569,0.18227
5.3315,0.22204
5.3684,0.22723
5.405,0.208
5.4414,0.19491
5.4776,0.1955
5.5135,0.20374
5.5492,0.1678
5.6199,0.20551
5.6549,0.18642
5.6897,0.21344
5.7243,0.18056
5.7586,0.17528
5.7928,0.16884
5.8268,0.19191
5.8942,0.15102
5.9275,0.16101
5.9608,0.18882
5.9938,0.20994
6.0593,0.17252
6.0918,0.16179
6.1562,0.14386
6.1882,0.15587
6.22,0.144
6.2517,0.17375
6.2832,0.17144
6.3145,0.15935
6.3457,0.17384
6.4076,0.16269
6.4383,0.16879
6.4689,0.15087
6.4994,0.15152
6.5297,0.16282
6.5598,0.14973
6.5899,0.15477
6.6791,0.15368
6.7086,0.14298
6.738,0.13589
6.7672,0.16111
6.7963,0.15624
6.8253,0.14572
6.8829,0.14518
6.9115,0.11707
6.94,0.13019
6.9684,0.11853
7.0248,0.14017
7.0529,0.14394
7.1086,0.1255
7.1363,0.13385
7.1639,0.12022
7.1914,0.12259
7.2188,0.12158
7.2461,0.11708
7.2733,0.12587
7.3274,0.12335
7.3543,0.133
7.3811,0.13143
7.4078,0.12823
7.4344,0.13471
7.4609,0.12921
7.4873,0.13003
7.566,0.12082
7.592,0.1208
7.618,0.11368
7.6696,0.12757
7.6953,0.14022
7.7719,0.12111
7.7972,0.12908
7.8225,0.12822
7.8978,0.12375
7.9725,0.124
8.0218,0.1499
8.0464,0.08811
8.0709,0.11795
8.0953,0.13805
8.1439,0.12415
8.1923,0.12272
8.2403,0.10899
8.2642,0.13714
8.3828,0.11997
8.4063,0.10502
8.4532,0.11841
8.4765,0.13935
8.5461,0.11944
8.638,0.12557
8.7062,0.1011
8.7515,0.11584
8.8189,0.096216
8.8412,0.13144
8.9742,0.13122
9.0181,0.11503
9.17,0.12395
9.2557,0.11649
9.4248,0.11404
9.4457,0.10972
9.4457,0.14426
