0.62832,4.7182
0.88858,9.3024
1.0883,28.234
1.2566,52.715
1.405,69.032
1.5391,56.975
1.7772,20.59
1.885,13.376
1.9869,10.266
2.0839,8.264
2.1766,6.8153
2.2654,5.0139
2.351,4.3306
2.5133,3.7196
2.5906,2.8621
2.6657,2.2523
2.7388,2.0984
2.8099,1.7711
2.8793,1.6617
2.9471,1.4451
3.0781,1.1081
3.1416,0.9861
3.2038,0.91329
3.2648,0.84618
3.3836,0.75306
3.4414,0.72118
3.5543,0.56458
3.6094,0.55971
3.6637,0.55586
3.7172,0.55894
3.7699,0.51529
3.8219,0.53811
3.8732,0.50518
3.9738,0.48296
4.0232,0.4259
4.072,0.42971
4.1202,0.37938
4.1678,0.39169
4.2149,0.36146
4.2615,0.3406
4.3531,0.33076
4.3982,0.35682
4.4429,0.33369
4.4871,0.31341
4.5309,0.28399
4.5742,0.30981
4.6172,0.29672
4.7019,0.26724
4.7437,0.28241
4.7851,0.25353
4.8262,0.24745
4.9073,0.2464
4.9474,0.23177
5.0265,0.22893
5.0657,0.23136
5.1045,0.2191
5.143,0.21444
5.1812,0.22028
5.2192,0.21475
5.2569,0.18429
5.3315,0.20399
5.3684,0.19887
5.405,0.20919
5.4414,0.19871
5.4776,0.16959
5.5135,0.20277
5.5492,0.18031
5.6199,0.17834
5.6549,0.19177
5.6897,0.18832
5.7243,0.20153
5.7586,0.17604
5.7928,0.183
5.8268,0.18424
5.8942,0.15934
5.9275,0.1867
5.9608,0.16729
5.9938,0.16914
6.0593,0.16122
6.0918,0.16623
6.1562,0.17235
6.1882,0.16453
6.22,0.15914
6.2517,0.17665
6.2832,0.16524
6.3145,0.17484
6.3457,0.15747
6.4076,0.15877
6.4383,0.15633
6.4689,0.16661
6.4994,0.15911
6.5297,0.17013
6.5598,0.15845
6.5899,0.16106
6.6791,0.16753
6.7086,0.14543
6.738,0.13382
6.7672,0.16836
6.7963,0.14032
6.8253,0.15151
6.8829,0.16988
6.9115,0.14073
6.94,0.13009
6.9684,0.16088
7.0248,0.15539
7.0529,0.14216
7.1086,0.13773
7.1363,0.1411
7.1639,0.12011
7.1914,0.13708
7.2188,0.13919
7.2461,0.13911
7.2733,0.14108
7.3274,0.12423
7.3543,0.14775
7.3811,0.13819
7.4078,0.1523
7.4344,0.18425
7.4609,0.1282
7.4873,0.12447
7.566,0.12755
7.592,0.12589
7.618,0.13961
7.6696,0.13414
7.6953,0.1321
7.7719,0.14071
7.7972,0.12946
7.8225,0.14776
7.8978,0.12534
7.9725,0.12931
8.0218,0.12777
8.0464,0.1241
8.0709,0.13406
8.0953,0.1178
8.1439,0.11804
8.1923,0.13718
8.2403,0.12213
8.2642,0.13314
8.3828,0.14135
8.4063,0.13057
8.4532,0.14206
8.4765,0.12418
8.5461,0.13459
8.638,0.13059
8.7062,0.12082
8.7515,0.13165
8.8189,0.12845
8.8412,0.12155
8.9742,0.14142
9.0181,0.11987
9.17,0.11816
9.2557,0.12798
9.4248,0.131
9.4457,0.15726
9.4457,0.11542
