0.62832,4.5086
0.88858,10.85
1.0883,22.424
1.2566,80.585
1.405,94.872
1.5391,59.479
1.7772,21.92
1.885,14.905
1.9869,11.121
2.0839,8.8318
2.1766,6.571
2.2654,5.9262
2.351,4.8968
2.5133,4.2076
2.5906,3.2766
2.6657,2.6959
2.7388,2.285
2.8099,1.9723
2.8793,1.736
2.9471,1.3905
3.0781,0.97916
3.1416,1.0055
3.2038,0.92318
3.2648,0.82971
3.3836,0.74301
3.4414,0.74414
3.5543,0.57395
3.6094,0.62057
3.6637,0.59755
3.7172,0.54511
3.7699,0.51852
3.8219,0.58955
3.8732,0.5102
3.9738,0.51727
4.0232,0.47913
4.072,0.44236
4.1202,0.4431
4.1678,0.33733
4.2149,0.42499
4.2615,0.41156
4.3531,0.30777
4.3982,0.39344
4.4429,0.36678
4.4871,0.37556
4.5309,0.31277
4.5742,0.3474
4.6172,0.31591
4.7019,0.28925
4.7437,0.2865
4.7851,0.30482
4.8262,0.2627
4.9073,0.23344
4.9474,0.24823
5.0265,0.30298
5.0657,0.25349
5.1045,0.21676
5.143,0.23846
5.1812,0.24696
5.2192,0.23639
5.2569,0.19774
5.3315,0.20751
5.3684,0.22585
5.405,0.20248
5.4414,0.16904
5.4776,0.18123
5.5135,0.1972
5.5492,0.18476
5.6199,0.18056
5.6549,0.19426
5.6897,0.21362
5.7243,0.18233
5.7586,0.18622
5.7928,0.19004
5.8268,0.18913
5.8942,0.15759
5.9275,0.16919
5.9608,0.1673
5.9938,0.18988
6.0593,0.14585
6.0918,0.17071
6.1562,0.16986
6.1882,0.17276
6.22,0.1565
6.2517,0.14432
6.2832,0.17735
6.3145,0.16478
6.3457,0.14434
6.4076,0.17215
6.4383,0.16625
6.4689,0.16738
6.4994,0.15194
6.5297,0.17069
6.5598,0.16167
6.5899,0.15163
6.6791,0.14271
6.7086,0.1285
6.738,0.14894
6.7672,0.15374
6.7963,0.14802
6.8253,0.14387
6.8829,0.15041
6.9115,0.13504
6.94,0.10832
6.9684,0.12621
7.0248,0.14566
7.0529,0.14222
7.1086,0.1345
7.1363,0.12224
7.1639,0.11224
7.1914,0.14384
7.2188,0.14168
7.2461,0.1151
7.2733,0.12904
7.3274,0.11854
7.3543,0.12969
7.3811,0.13334
7.4078,0.13485
7.4344,0.11523
7.4609,0.13321
7.4873,0.10761
7.566,0.13356
7.592,0.11809
7.618,0.13135
7.6696,0.12804
7.6953,0.11932
7.7719,0.11968
7.7972,0.12249
7.8225,0.118
7.8978,0.1422
7.9725,0.13502
8.0218,0.15885
8.0464,0.11886
8.0709,0.14328
8.0953,0.1199
8.1439,0.13248
8.1923,0.11872
8.2403,0.12722
8.2642,0.1181
8.3828,0.13282
8.4063,0.12381
8.4532,0.11255
8.4765,0.13115
8.5461,0.11082
8.638,0.1313
8.7062,0.10986
8.7515,0.14802
8.8189,0.10775
8.8412,0.11334
8.9742,0.11869
9.0181,0.14366
9.17,0.13664
9.2557,0.13333
9.4248,0.13262
9.4457,0.12656
9.4457,0.12628
