0.62832,5.0384
0.88858,14.376
1.0883,37.213
1.2566,92.578
1.405,101.71
1.5391,55.711
1.7772,23.007
1.885,15.459
1.9869,10.345
2.0839,7.339
2.1766,6.6558
2.2654,5.6175
2.351,4.6342
2.5133,5.0609
2.5906,3.3807
2.6657,2.8573
2.7388,1.8443
2.8099,1.9847
2.8793,1.4716
2.9471,1.1825
3.0781,0.98186
3.1416,1.0972
3.2038,0.92249
3.2648,0.8505
3.3836,0.72622
3.4414,0.72764
3.5543,0.58537
3.6094,0.54461
3.6637,0.56902
3.7172,0.60428
3.7699,0.64602
3.8219,0.64871
3.8732,0.6033
3.9738,0.67391
4.0232,0.5132
4.072,0.45306
4.1202,0.39312
4.1678,0.52117
4.2149,0.4425
4.2615,0.45437
4.3531,0.27349
4.3982,0.45401
4.4429,0.38627
4.4871,0.42909
4.5309,0.33205
4.5742,0.39204
4.6172,0.33295
4.7019,0.28449
4.7437,0.28031
4.7851,0.34075
4.8262,0.30211
4.9073,0.24465
4.9474,0.26991
5.0265,0.36561
5.0657,0.28291
5.1045,0.25749
5.143,0.22818
5.1812,0.29303
5.2192,0.25961
5.2569,0.19072
5.3315,0.22624
5.3684,0.23741
5.405,0.20577
5.4414,0.18097
5.4776,0.16075
5.5135,0.17608
5.5492,0.19434
5.6199,0.21362
5.6549,0.21125
5.6897,0.25904
5.7243,0.19551
5.7586,0.17872
5.7928,0.2085
5.8268,0.22261
5.8942,0.13653
5.9275,0.16587
5.9608,0.18699
5.9938,0.21831
6.0593,0.18129
6.0918,0.17705
6.1562,0.1615
6.1882,0.17346
6.22,0.1471
6.2517,0.15783
6.2832,0.18332
6.3145,0.17543
6.3457,0.16843
6.4076,0.1636
6.4383,0.16837
6.4689,0.15759
6.4994,0.14333
6.5297,0.16551
6.5598,0.15207
6.5899,0.15058
6.6791,0.15242
6.7086,0.1328
6.738,0.15544
6.7672,0.14825
6.7963,0.14488
6.8253,0.14506
6.8829,0.16057
6.9115,0.11946
6.94,0.16001
6.9684,0.12755
7.0248,0.14135
7.0529,0.15383
7.1086,0.12284
7.1363,0.13038
7.1639,0.13079
7.1914,0.12498
7.2188,0.14883
7.2461,0.11538
7.2733,0.14266
7.3274,0.13312
7.3543,0.12733
7.3811,0.12258
7.4078,0.12196
7.4344,0.12328
7.4609,0.13552
7.4873,0.12039
7.566,0.13394
7.592,0.12138
7.618,0.15576
7.6696,0.11725
7.6953,0.14014
7.7719,0.11798
7.7972,0.12104
7.8225,0.12596
7.8978,0.14091
7.9725,0.12436
8.0218,0.13055
8.0464,0.11992
8.0709,0.12847
8.0953,0.1011
8.1439,0.13373
8.1923,0.12546
8.2403,0.1027
8.2642,0.14129
8.3828,0.12103
8.4063,0.1118
8.4532,0.10201
8.4765,0.12111
8.5461,0.10995
8.638,0.12555
8.7062,0.11965
8.7515,0.11829
8.8189,0.12571
8.8412,0.10419
8.9742,0.14227
9.0181,0.12834
9.17,0.12005
9.2557,0.1322
9.4248,0.12741
9.4457,0.12139
9.4457,0.093204
