0.62832,4.6976
0.88858,11.557
1.0883,16.198
1.2566,58.07
1.405,72.639
1.5391,58.55
1.7772,22.726
1.885,15.048
1.9869,9.3945
2.0839,9.1224
2.1766,5.7584
2.2654,6.4347
2.351,4.2106
2.5133,3.6413
2.5906,2.838
2.6657,2.5984
2.7388,2.3601
2.8099,1.9144
2.8793,1.6114
2.9471,1.3969
3.0781,1.1006
3.1416,0.96966
3.2038,0.93033
3.2648,0.74893
3.3836,0.67071
3.4414,0.71365
3.5543,0.54675
3.6094,0.55357
3.6637,0.56616
3.7172,0.53513
3.7699,0.53932
3.8219,0.49107
3.8732,0.46321
3.9738,0.4677
4.0232,0.44826
4.072,0.39995
4.1202,0.3702
4.1678,0.38651
4.2149,0.33154
4.2615,0.38231
4.3531,0.37607
4.3982,0.35058
4.4429,0.3396
4.4871,0.31042
4.5309,0.31369
4.5742,0.30403
4.6172,0.29409
4.7019,0.26416
4.7437,0.27244
4.7851,0.2642
4.8262,0.25189
4.9073,0.24705
4.9474,0.23868
5.0265,0.23902
5.0657,0.25
5.1045,0.22398
5.143,0.21113
5.1812,0.227
5.2192,0.22032
5.2569,0.19626
5.3315,0.2016
5.3684,0.1911
5.405,0.19263
5.4414,0.19393
5.4776,0.17782
5.5135,0.18537
5.5492,0.18138
5.6199,0.19029
5.6549,0.18677
5.6897,0.20372
5.7243,0.198
5.7586,0.18225
5.7928,0.18664
5.8268,0.1823
5.8942,0.17459
5.9275,0.17137
5.9608,0.17176
5.9938,0.18532
6.0593,0.17111
6.0918,0.18062
6.1562,0.14551
6.1882,0.15432
6.22,0.14407
6.2517,0.15849
6.2832,0.15465
6.3145,0.16654
6.3457,0.15396
6.4076,0.16566
6.4383,0.15349
6.4689,0.1519
6.4994,0.14588
6.5297,0.15731
6.5598,0.15252
6.5899,0.14446
6.6791,0.14245
6.7086,0.13641
6.738,0.158
6.7672,0.13954
6.7963,0.15172
6.8253,0.13362
6.8829,0.15429
6.9115,0.13572
6.94,0.14121
6.9684,0.12362
7.0248,0.15347
7.0529,0.15471
7.1086,0.13342
7.1363,0.14138
7.1639,0.13867
7.1914,0.14486
7.2188,0.14318
7.2461,0.14674
7.2733,0.13486
7.3274,0.13495
7.3543,0.13228
7.3811,0.11607
7.4078,0.13581
7.4344,0.12237
7.4609,0.13744
7.4873,0.1288
7.566,0.15061
7.592,0.1452
7.618,0.12416
7.6696,0.13706
7.6953,0.13939
7.7719,0.13467
7.7972,0.1387
7.8225,0.14143
7.8978,0.13408
7.9725,0.14588
8.0218,0.12282
8.0464,0.14719
8.0709,0.13285
8.0953,0.13547
8.1439,0.14462
8.1923,0.13817
8.2403,0.10491
8.2642,0.14966
8.3828,0.10497
8.4063,0.13116
8.4532,0.11199
8.4765,0.13107
8.5461,0.12021
8.638,0.12543
8.7062,0.13684
8.7515,0.12774
8.8189,0.15273
8.8412,0.1273
8.9742,0.15073
9.0181,0.093335
9.17,0.12869
9.2557,0.10218
9.4248,0.10754
9.4457,0.12454
9.4457,0.13387
