0.62832,8.5542
0.88858,12.261
1.0883,25.44
1.2566,45.76
1.405,46.07
1.5391,35.319
1.7772,12.135
1.885,8.4164
1.9869,6.9595
2.0839,5.927
2.1766,4.6851
2.2654,3.7527
2.351,3.3999
2.5133,2.2289
2.5906,2.1954
2.6657,1.8467
2.7388,1.5373
2.8099,1.2495
2.8793,1.3736
2.9471,1.0425
3.0781,1.1133
3.1416,0.81301
3.2038,0.77341
3.2648,0.74445
3.3836,0.67051
3.4414,0.65489
3.5543,0.59534
3.6094,0.57515
3.6637,0.5401
3.7172,0.50161
3.7699,0.478
3.8219,0.50548
3.8732,0.46222
3.9738,0.44017
4.0232,0.40514
4.072,0.41788
4.1202,0.33817
4.1678,0.38424
4.2149,0.37281
4.2615,0.35065
4.3531,0.37352
4.3982,0.35316
4.4429,0.32302
4.4871,0.30306
4.5309,0.34181
4.5742,0.30785
4.6172,0.30535
4.7019,0.2773
4.7437,0.28952
4.7851,0.29889
4.8262,0.26722
4.9073,0.25741
4.9474,0.2682
5.0265,0.23856
5.0657,0.24821
5.1045,0.24359
5.143,0.26657
5.1812,0.24027
5.2192,0.23927
5.2569,0.24041
5.3315,0.21727
5.3684,0.22565
5.405,0.22013
5.4414,0.22927
5.4776,0.17381
5.5135,0.20686
5.5492,0.21889
5.6199,0.20848
5.6549,0.20494
5.6897,0.21489
5.7243,0.19682
5.7586,0.21849
5.7928,0.20136
5.8268,0.20464
5.8942,0.18901
5.9275,0.18949
5.9608,0.18922
5.9938,0.22663
6.0593,0.1523
6.0918,0.18211
6.1562,0.18798
6.1882,0.1852
6.22,0.18064
6.2517,0.18384
6.2832,0.18961
6.3145,0.17548
6.3457,0.15941
6.4076,0.18928
6.4383,0.17514
6.4689,0.16868
6.4994,0.16481
6.5297,0.16264
6.5598,0.16816
6.5899,0.17404
6.6791,0.1809
6.7086,0.15265
6.738,0.16747
6.7672,0.16611
6.7963,0.18279
6.8253,0.16897
6.8829,0.1605
6.9115,0.16982
6.94,0.13959
6.9684,0.16383
7.0248,0.15712
7.0529,0.15343
7.1086,0.1653
7.1363,0.14629
7.1639,0.15022
7.1914,0.15082
7.2188,0.15762
7.2461,0.13782
7.2733,0.13779
7.3274,0.14125
7.3543,0.15706
7.3811,0.13458
7.4078,0.10605
7.4344,0.17584
7.4609,0.16284
7.4873,0.17578
7.566,0.14619
7.592,0.12786
7.618,0.15055
7.6696,0.15313
7.6953,0.17162
7.7719,0.14072
7.7972,0.12965
7.8225,0.13803
7.8978,0.12616
7.9725,0.14069
8.0218,0.15951
8.0464,0.10397
8.0709,0.15399
8.0953,0.15239
8.1439,0.144
8.1923,0.14074
8.2403,0.13627
8.2642,0.11301
8.3828,0.14614
8.4063,0.13993
8.4532,0.12001
8.4765,0.1517
8.5461,0.14369
8.638,0.12204
8.7062,0.15689
8.7515,0.1473
8.8189,0.11255
8.8412,0.12404
8.9742,0.13409
9.0181,0.13889
9.17,0.13226
9.2557,0.10537
9.4248,0.1408
9.4457,0.12477
9.4457,0.11213
