0.62832,4.3998
0.88858,11.187
1.0883,24.773
1.2566,92.428
1.405,86.334
1.5391,66.558
1.7772,20.746
1.885,14.267
1.9869,10.098
2.0839,9.6893
2.1766,6.36
2.2654,5.8201
2.351,4.9728
2.5133,4.5315
2.5906,3.1151
2.6657,2.6367
2.7388,2.2711
2.8099,1.8744
2.8793,1.6809
2.9471,1.3274
3.0781,0.93895
3.1416,1.0728
3.2038,0.90949
3.2648,0.77101
3.3836,0.74174
3.4414,0.7844
3.5543,0.60819
3.6094,0.60956
3.6637,0.54406
3.7172,0.54687
3.7699,0.59742
3.8219,0.62123
3.8732,0.54452
3.9738,0.50705
4.0232,0.46595
4.072,0.43341
4.1202,0.38107
4.1678,0.44757
4.2149,0.43313
4.2615,0.43196
4.3531,0.41018
4.3982,0.36435
4.4429,0.36079
4.4871,0.39205
4.5309,0.31197
4.5742,0.32851
4.6172,0.3221
4.7019,0.28029
4.7437,0.27078
4.7851,0.30241
4.8262,0.28334
4.9073,0.23056
4.9474,0.23319
5.0265,0.27992
5.0657,0.24905
5.1045,0.24097
5.143,0.21831
5.1812,0.24879
5.2192,0.23535
5.2569,0.18562
5.3315,0.21268
5.3684,0.21852
5.405,0.19945
5.4414,0.19566
5.4776,0.16609
5.5135,0.19779
5.5492,0.19396
5.6199,0.18337
5.6549,0.2059
5.6897,0.20455
5.7243,0.18193
5.7586,0.17645
5.7928,0.1852
5.8268,0.20068
5.8942,0.14985
5.9275,0.1696
5.9608,0.16805
5.9938,0.18441
6.0593,0.14594
6.0918,0.16031
6.1562,0.16023
6.1882,0.17229
6.22,0.16347
6.2517,0.16144
6.2832,0.17088
6.3145,0.17887
6.3457,0.14213
6.4076,0.17428
6.4383,0.15713
6.4689,0.15141
6.4994,0.14236
6.5297,0.14945
6.5598,0.1439
6.5899,0.14343
6.6791,0.15251
6.7086,0.12048
6.738,0.14302
6.7672,0.14952
6.7963,0.13568
6.8253,0.14321
6.8829,0.15707
6.9115,0.11931
6.94,0.13378
6.9684,0.11357
7.0248,0.14523
7.0529,0.14452
7.1086,0.12305
7.1363,0.13064
7.1639,0.1631
7.1914,0.13825
7.2188,0.12637
7.2461,0.12543
7.2733,0.12927
7.3274,0.11979
7.3543,0.11779
7.3811,0.10252
7.4078,0.12774
7.4344,0.14073
7.4609,0.13296
7.4873,0.1311
7.566,0.12771
7.592,0.11317
7.618,0.10038
7.6696,0.12305
7.6953,0.11157
7.7719,0.12463
7.7972,0.11654
7.8225,0.12986
7.8978,0.12586
7.9725,0.1245
8.0218,0.1288
8.0464,0.086922
8.0709,0.12986
8.0953,0.12049
8.1439,0.12125
8.1923,0.11449
8.2403,0.11468
8.2642,0.1219
8.3828,0.11721
8.4063,0.11947
8.4532,0.12562
8.4765,0.1282
8.5461,0.11708
8.638,0.11702
8.7062,0.10509
8.7515,0.087589
8.8189,0.12126
8.8412,0.11594
8.9742,0.13931
9.0181,0.1266
9.17,0.12172
9.2557,0.13387
9.4248,0.10187
9.4457,0.12024
9.4457,0.15237
