0.62832,4.6259
0.88858,11.783
1.0883,27.033
1.2566,68.912
1.405,79.608
1.5391,71.225
1.7772,26.854
1.885,14.19
1.9869,11.254
2.0839,9.8752
2.1766,5.8566
2.2654,6.2953
2.351,4.9938
2.5133,4.1658
2.5906,3.0263
2.6657,2.5036
2.7388,2.277
2.8099,2.0577
2.8793,1.7017
2.9471,1.4081
3.0781,1.0962
3.1416,1.0103
3.2038,0.91125
3.2648,0.99157
3.3836,0.74927
3.4414,0.66251
3.5543,0.65683
3.6094,0.59499
3.6637,0.54884
3.7172,0.56896
3.7699,0.52497
3.8219,0.56767
3.8732,0.50377
3.9738,0.49719
4.0232,0.45544
4.072,0.434
4.1202,0.36634
4.1678,0.41705
4.2149,0.39297
4.2615,0.39523
4.3531,0.29686
4.3982,0.35266
4.4429,0.35195
4.4871,0.34983
4.5309,0.32362
4.5742,0.29695
4.6172,0.30443
4.7019,0.29542
4.7437,0.27524
4.7851,0.27835
4.8262,0.27566
4.9073,0.23662
4.9474,0.24223
5.0265,0.27315
5.0657,0.23771
5.1045,0.23543
5.143,0.19519
5.1812,0.23096
5.2192,0.22257
5.2569,0.18389
5.3315,0.19578
5.3684,0.20345
5.405,0.19088
5.4414,0.16612
5.4776,0.18481
5.5135,0.2031
5.5492,0.20098
5.6199,0.18207
5.6549,0.1862
5.6897,0.21621
5.7243,0.19521
5.7586,0.17107
5.7928,0.17857
5.8268,0.18251
5.8942,0.15952
5.9275,0.1669
5.9608,0.17642
5.9938,0.19347
6.0593,0.16293
6.0918,0.16738
6.1562,0.13643
6.1882,0.15839
6.22,0.14994
6.2517,0.162
6.2832,0.1724
6.3145,0.15945
6.3457,0.14099
6.4076,0.16894
6.4383,0.16917
6.4689,0.15569
6.4994,0.15484
6.5297,0.15568
6.5598,0.15437
6.5899,0.15238
6.6791,0.15672
6.7086,0.14519
6.738,0.16017
6.7672,0.15278
6.7963,0.15029
6.8253,0.14189
6.8829,0.14494
6.9115,0.14476
6.94,0.1374
6.9684,0.10164
7.0248,0.14205
7.0529,0.15834
7.1086,0.12387
7.1363,0.1369
7.1639,0.14495
7.1914,0.13381
7.2188,0.13536
7.2461,0.14876
7.2733,0.13226
7.3274,0.12989
7.3543,0.13355
7.3811,0.13816
7.4078,0.12779
7.4344,0.12453
7.4609,0.12649
7.4873,0.12111
7.566,0.13352
7.592,0.1196
7.618,0.12016
7.6696,0.12243
7.6953,0.14778
7.7719,0.13112
7.7972,0.12388
7.8225,0.13338
7.8978,0.13207
7.9725,0.11505
8.0218,0.12302
8.0464,0.1167
8.0709,0.12462
8.0953,0.11605
8.1439,0.12227
8.1923,0.13413
8.2403,0.10421
8.2642,0.13026
8.3828,0.13044
8.4063,0.10969
8.4532,0.11926
8.4765,0.14119
8.5461,0.13352
8.638,0.10959
8.7062,0.11596
8.7515,0.12958
8.8189,0.12087
8.8412,0.11181
8.9742,0.11228
9.0181,0.11815
9.17,0.12199
9.2557,0.11413
9.4248,0.10909
9.4457,0.12342
9.4457,0.11405
