0.62832,16.603
0.88858,22.595
1.0883,21.452
1.2566,15.473
1.405,12.262
1.5391,9.4668
1.7772,5.0657
1.885,4.3903
1.9869,3.4836
2.0839,3.1094
2.1766,2.495
2.2654,2.1172
2.351,1.8569
2.5133,1.4739
2.5906,1.5146
2.6657,1.2915
2.7388,1.1564
2.8099,1.1165
2.8793,0.91034
2.9471,1.0093
3.0781,0.8739
3.1416,0.79301
3.2038,0.77445
3.2648,0.68355
3.3836,0.64705
3.4414,0.59092
3.5543,0.67468
3.6094,0.53691
3.6637,0.53514
3.7172,0.52799
3.7699,0.51116
3.8219,0.48677
3.8732,0.51029
3.9738,0.41689
4.0232,0.46003
4.072,0.427
4.1202,0.38522
4.1678,0.36524
4.2149,0.42275
4.2615,0.37103
4.3531,0.35206
4.3982,0.37291
4.4429,0.35442
4.4871,0.3685
4.5309,0.35261
4.5742,0.34684
4.6172,0.344
4.7019,0.34987
4.7437,0.29653
4.7851,0.32021
4.8262,0.30831
4.9073,0.30765
4.9474,0.29794
5.0265,0.30603
5.0657,0.28061
5.1045,0.27817
5.143,0.28942
5.1812,0.27168
5.2192,0.26632
5.2569,0.24968
5.3315,0.26615
5.3684,0.26385
5.405,0.25058
5.4414,0.21799
5.4776,0.24207
5.5135,0.24457
5.5492,0.25192
5.6199,0.22371
5.6549,0.23447
5.6897,0.22583
5.7243,0.24087
5.7586,0.21028
5.7928,0.23558
5.8268,0.2166
5.8942,0.22368
5.9275,0.21729
5.9608,0.22561
5.9938,0.20435
6.0593,0.23007
6.0918,0.21748
6.1562,0.20868
6.1882,0.20415
6.22,0.21552
6.2517,0.21479
6.2832,0.19889
6.3145,0.19913
6.3457,0.20648
6.4076,0.21748
6.4383,0.19131
6.4689,0.18045
6.4994,0.19973
6.5297,0.16181
6.5598,0.17591
6.5899,0.18607
6.6791,0.19102
6.7086,0.17448
6.738,0.18075
6.7672,0.18972
6.7963,0.18191
6.8253,0.18826
6.8829,0.16715
6.9115,0.14885
6.94,0.16641
6.9684,0.21335
7.0248,0.15608
7.0529,0.176
7.1086,0.1685
7.1363,0.16191
7.1639,0.16967
7.1914,0.16489
7.2188,0.19504
7.2461,0.18362
7.2733,0.15228
7.3274,0.17381
7.3543,0.15601
7.3811,0.17528
7.4078,0.16392
7.4344,0.15895
7.4609,0.14775
7.4873,0.13262
7.566,0.16941
7.592,0.157
7.618,0.17664
7.6696,0.15903
7.6953,0.16328
7.7719,0.18008
7.7972,0.16154
7.8225,0.15482
7.8978,0.16235
7.9725,0.14146
8.0218,0.11747
8.0464,0.13859
8.0709,0.15527
8.0953,0.15418
8.1439,0.14852
8.1923,0.14304
8.2403,0.11968
8.2642,0.14207
8.3828,0.13677
8.4063,0.16316
8.4532,0.1446
8.4765,0.1402
8.5461,0.16895
8.638,0.14426
8.7062,0.12565
8.7515,0.12382
8.8189,0.12951
8.8412,0.14533
8.9742,0.13926
9.0181,0.13084
9.17,0.13059
9.2557,0.11952
9.4248,0.14668
9.4457,0.12305
9.4457,0.12892
