0.62832,5.343
0.88858,12.766
1.0883,30.516
1.2566,90.601
1.405,112.53
1.5391,61.499
1.7772,26.119
1.885,16.111
1.9869,10.474
2.0839,10.117
2.1766,5.889
2.2654,5.571
2.351,4.6154
2.5133,5.1872
2.5906,3.3999
2.6657,2.9234
2.7388,1.9347
2.8099,1.8325
2.8793,1.574
2.9471,1.2216
3.0781,0.92133
3.1416,0.8986
3.2038,0.97369
3.2648,0.8753
3.3836,0.6984
3.4414,0.77464
3.5543,0.65225
3.6094,0.62774
3.6637,0.66395
3.7172,0.626
3.7699,0.79706
3.8219,0.84218
3.8732,0.61228
3.9738,0.72748
4.0232,0.55946
4.072,0.47621
4.1202,0.44466
4.1678,0.55331
4.2149,0.45602
4.2615,0.50992
4.3531,0.27639
4.3982,0.52197
4.4429,0.4653
4.4871,0.52936
4.5309,0.34455
4.5742,0.408
4.6172,0.37316
4.7019,0.31967
4.7437,0.3197
4.7851,0.34909
4.8262,0.32166
4.9073,0.23942
4.9474,0.25983
5.0265,0.43398
5.0657,0.28605
5.1045,0.26052
5.143,0.25034
5.1812,0.28417
5.2192,0.26114
5.2569,0.2075
5.3315,0.24803
5.3684,0.22381
5.405,0.21329
5.4414,0.17428
5.4776,0.18316
5.5135,0.20565
5.5492,0.17639
5.6199,0.19786
5.6549,0.22092
5.6897,0.28556
5.7243,0.23068
5.7586,0.18687
5.7928,0.21009
5.8268,0.2168
5.8942,0.14297
5.9275,0.17959
5.9608,0.19217
5.9938,0.22099
6.0593,0.16852
6.0918,0.17146
6.1562,0.12838
6.1882,0.16751
6.22,0.14756
6.2517,0.17539
6.2832,0.18572
6.3145,0.18312
6.3457,0.15665
6.4076,0.1824
6.4383,0.1639
6.4689,0.15425
6.4994,0.15863
6.5297,0.17153
6.5598,0.14135
6.5899,0.15006
6.6791,0.16384
6.7086,0.1181
6.738,0.14384
6.7672,0.16038
6.7963,0.15577
6.8253,0.12901
6.8829,0.16913
6.9115,0.12439
6.94,0.12574
6.9684,0.1539
7.0248,0.15023
7.0529,0.1412
7.1086,0.13311
7.1363,0.12273
7.1639,0.13197
7.1914,0.1375
7.2188,0.1302
7.2461,0.12322
7.2733,0.13931
7.3274,0.13865
7.3543,0.14907
7.3811,0.12353
7.4078,0.14378
7.4344,0.14397
7.4609,0.12577
7.4873,0.11232
7.566,0.12993
7.592,0.12366
7.618,0.11866
7.6696,0.12269
7.6953,0.11567
7.7719,0.11963
7.7972,0.13147
7.8225,0.12326
7.8978,0.12412
7.9725,0.12543
8.0218,0.12446
8.0464,0.12828
8.0709,0.14241
8.0953,0.14852
8.1439,0.11433
8.1923,0.11284
8.2403,0.11066
8.2642,0.10486
8.3828,0.11146
8.4063,0.11513
8.4532,0.11242
8.4765,0.1264
8.5461,0.11796
8.638,0.10795
8.7062,0.098017
8.7515,0.106
8.8189,0.12349
8.8412,0.12128
8.9742,0.1171
9.0181,0.10832
9.17,0.12608
9.2557,0.11023
9.4248,0.10331
9.4457,0.12435
9.4457,0.10011
