0.62832,4.8201
0.88858,10.438
1.0883,14.518
1.2566,50.261
1.405,75.615
1.5391,54.692
1.7772,20.612
1.885,13.832
1.9869,10.805
2.0839,7.3746
2.1766,8.6911
2.2654,5.4221
2.351,4.3281
2.5133,3.3823
2.5906,2.6204
2.6657,2.5424
2.7388,2.2527
2.8099,1.837
2.8793,1.5215
2.9471,1.2026
3.0781,1.1371
3.1416,1.0733
3.2038,0.93954
3.2648,0.84846
3.3836,0.75503
3.4414,0.66984
3.5543,0.64218
3.6094,0.58169
3.6637,0.52875
3.7172,0.53593
3.7699,0.50909
3.8219,0.49544
3.8732,0.45047
3.9738,0.45361
4.0232,0.43047
4.072,0.41279
4.1202,0.38319
4.1678,0.42205
4.2149,0.37683
4.2615,0.36459
4.3531,0.30614
4.3982,0.33167
4.4429,0.32309
4.4871,0.33193
4.5309,0.30401
4.5742,0.31097
4.6172,0.31416
4.7019,0.28005
4.7437,0.23494
4.7851,0.2561
4.8262,0.25977
4.9073,0.23882
4.9474,0.23636
5.0265,0.26406
5.0657,0.2356
5.1045,0.21958
5.143,0.22749
5.1812,0.22435
5.2192,0.23529
5.2569,0.21195
5.3315,0.22384
5.3684,0.1917
5.405,0.20165
5.4414,0.165
5.4776,0.19872
5.5135,0.1974
5.5492,0.18726
5.6199,0.17856
5.6549,0.1772
5.6897,0.20025
5.7243,0.16911
5.7586,0.18192
5.7928,0.18347
5.8268,0.19122
5.8942,0.12789
5.9275,0.16751
5.9608,0.17447
5.9938,0.18188
6.0593,0.16135
6.0918,0.16629
6.1562,0.1502
6.1882,0.16163
6.22,0.15912
6.2517,0.16358
6.2832,0.18141
6.3145,0.15856
6.3457,0.16642
6.4076,0.15796
6.4383,0.16501
6.4689,0.16587
6.4994,0.14611
6.5297,0.17555
6.5598,0.13907
6.5899,0.14252
6.6791,0.16243
6.7086,0.16024
6.738,0.149
6.7672,0.15374
6.7963,0.149
6.8253,0.15106
6.8829,0.16524
6.9115,0.12544
6.94,0.14117
6.9684,0.11272
7.0248,0.14739
7.0529,0.14087
7.1086,0.12928
7.1363,0.12906
7.1639,0.11218
7.1914,0.13991
7.2188,0.13816
7.2461,0.11429
7.2733,0.13873
7.3274,0.14283
7.3543,0.13206
7.3811,0.12209
7.4078,0.10603
7.4344,0.15353
7.4609,0.14537
7.4873,0.11802
7.566,0.15408
7.592,0.12469
7.618,0.12804
7.6696,0.12667
7.6953,0.13427
7.7719,0.13858
7.7972,0.13067
7.8225,0.13069
7.8978,0.12959
7.9725,0.13713
8.0218,0.14704
8.0464,0.13396
8.0709,0.12121
8.0953,0.11064
8.1439,0.16011
8.1923,0.12942
8.2403,0.14705
8.2642,0.13406
8.3828,0.146
8.4063,0.13489
8.4532,0.12213
8.4765,0.12787
8.5461,0.12106
8.638,0.13383
8.7062,0.10702
8.7515,0.11846
8.8189,0.12295
8.8412,0.12489
8.9742,0.14604
9.0181,0.13263
9.17,0.12709
9.2557,0.13227
9.4248,0.11242
9.4457,0.10821
9.4457,0.11543
