0.00100000 
0.29395778 
0.58691556 
0.87987333 
1.17283111 
1.46578889 
1.75874667 
2.05170444 
2.34466222 
2.63762000 
2.93057778 
3.22353556 
3.51649333 
3.80945111 
4.10240889 
4.39536667 
4.68832444 
4.98128222 
5.27424000 
5.56719778 
5.86015556 
6.15311333 
6.44607111 
6.73902889 
7.03198667 
7.32494444 
7.61790222 
7.91086000 
8.20381778 
8.49677556 
8.78973333 
9.08269111 
9.37564889 
9.66860667 
9.96156444 
10.25452222 
10.54748000 
10.84043778 
11.13339556 
11.42635333 
11.71931111 
12.01226889 
12.30522667 
12.59818444 
12.89114222 
13.18410000 
